Linux 3.2.0-41-generic (loadgen163) 	02/08/2013 	_x86_64_	(8 CPU)

05:48:48     CPU    %usr   %nice    %sys %iowait    %irq   %soft  %steal  %guest   %idle
05:48:49     all    3.35    0.00    9.54    1.55    0.00    3.09    0.00   37.89   44.59
05:48:49       0    7.87    0.00   17.98    4.49    0.00   17.98    0.00   16.85   34.83
05:48:49       1    7.14    0.00   15.31    0.00    0.00    6.12    0.00    5.10   66.33
05:48:49       2    4.21    0.00    7.37    1.05    0.00    2.11    0.00   23.16   62.11
05:48:49       3    0.99    0.00    5.94    1.98    0.00    0.00    0.00   64.36   26.73
05:48:49       4    0.00    0.00    9.28    1.03    0.00    0.00    0.00   52.58   37.11
05:48:49       5    2.02    0.00    8.08    2.02    0.00    0.00    0.00   59.60   28.28
05:48:49       6    3.12    0.00   10.42    0.00    0.00    1.04    0.00   44.79   40.62
05:48:49       7    1.00    0.00    4.00    1.00    0.00    0.00    0.00   33.00   61.00

05:48:49     CPU    %usr   %nice    %sys %iowait    %irq   %soft  %steal  %guest   %idle
05:48:50     all    1.27    0.00    5.99    3.06    0.00    2.04    0.00   30.57   57.07
05:48:50       0    6.67    0.00   14.44   26.67    0.00   12.22    0.00    1.11   38.89
05:48:50       1    3.03    0.00    7.07    0.00    0.00    3.03    0.00    3.03   83.84
05:48:50       2    2.04    0.00    8.16    0.00    0.00    1.02    0.00   17.35   71.43
05:48:50       3    0.00    0.00    2.06    0.00    0.00    0.00    0.00   18.56   79.38
05:48:50       4    0.00    0.00    6.93    0.00    0.00    0.00    0.00   48.51   44.55
05:48:50       5    0.00    0.00    3.03    1.01    0.00    0.00    0.00   38.38   57.58
05:48:50       6    0.00    0.00    5.00    0.00    0.00    0.00    0.00   75.00   20.00
05:48:50       7    0.00    0.00    2.00    0.00    0.00    0.00    0.00   38.00   60.00

05:48:50     CPU    %usr   %nice    %sys %iowait    %irq   %soft  %steal  %guest   %idle
05:48:51     all    2.97    0.00    7.87    0.39    0.00    3.61    0.00   33.29   51.87
05:48:51       0    6.52    0.00   20.65    0.00    0.00   18.48    0.00    3.26   51.09
05:48:51       1    2.06    0.00    7.22    0.00    0.00    7.22    0.00   32.99   50.52
05:48:51       2    5.26    0.00    5.26    1.05    0.00    3.16    0.00    8.42   76.84
05:48:51       3    4.08    0.00    5.10    0.00    0.00    0.00    0.00   35.71   55.10
05:48:51       4    0.00    0.00    3.09    0.00    0.00    1.03    0.00   53.61   42.27
05:48:51       5    1.02    0.00    8.16    1.02    0.00    0.00    0.00   45.92   43.88
05:48:51       6    0.00    0.00    7.14    1.02    0.00    0.00    0.00   42.86   48.98
05:48:51       7    0.99    0.00    6.93    0.00    0.00    0.00    0.00   43.56   48.51

05:48:51     CPU    %usr   %nice    %sys %iowait    %irq   %soft  %steal  %guest   %idle
05:48:52     all    2.18    0.00    7.69    5.13    0.00    3.85    0.00   27.95   53.21
05:48:52       0    8.42    0.00   14.74    4.21    0.00   18.95    0.00    5.26   48.42
05:48:52       1    4.21    0.00    8.42    5.26    0.00    8.42    0.00   12.63   61.05
05:48:52       2    2.97    0.00    5.94    2.97    0.00    3.96    0.00   16.83   67.33
05:48:52       3    1.03    0.00    6.19   10.31    0.00    0.00    0.00   21.65   60.82
05:48:52       4    1.98    0.00    4.95   10.89    0.00    0.00    0.00   37.62   44.55
05:48:52       5    1.04    0.00    6.25    6.25    0.00    0.00    0.00   42.71   43.75
05:48:52       6    1.00    0.00    7.00    0.00    0.00    0.00    0.00   42.00   50.00
05:48:52       7    0.00    0.00    8.25    1.03    0.00    0.00    0.00   41.24   49.48

05:48:52     CPU    %usr   %nice    %sys %iowait    %irq   %soft  %steal  %guest   %idle
05:48:53     all    1.41    0.00    7.16    8.31    0.00    2.56    0.00   25.58   54.99
05:48:53       0    5.38    0.00   18.28    0.00    0.00   12.90    0.00   10.75   52.69
05:48:53       1    3.16    0.00    9.47    0.00    0.00    6.32    0.00    6.32   74.74
05:48:53       2    0.00    0.00   10.89   23.76    0.00    0.99    0.00   43.56   21.78
05:48:53       3    0.00    0.00    7.07    0.00    0.00    0.00    0.00   38.38   54.55
05:48:53       4    1.03    0.00    3.09   39.18    0.00    0.00    0.00   28.87   27.84
05:48:53       5    1.03    0.00    3.09    2.06    0.00    1.03    0.00   16.49   76.29
05:48:53       6    1.01    0.00    4.04    1.01    0.00    0.00    0.00   29.29   64.65
05:48:53       7    0.00    0.00    2.06    0.00    0.00    0.00    0.00   30.93   67.01

05:48:53     CPU    %usr   %nice    %sys %iowait    %irq   %soft  %steal  %guest   %idle
05:48:54     all    2.28    0.00    8.11    0.63    0.00    4.82    0.00   42.33   41.83
05:48:54       0    6.45    0.00   13.98    0.00    0.00   26.88    0.00   13.98   38.71
05:48:54       1    5.38    0.00   11.83    0.00    0.00    8.60    0.00   13.98   60.22
05:48:54       2    2.94    0.00    8.82    0.00    0.00    2.94    0.00   45.10   40.20
05:48:54       3    0.00    0.00    7.07    1.01    0.00    0.00    0.00   35.35   56.57
05:48:54       4    0.00    0.00    6.93    0.00    0.00    0.99    0.00   53.47   38.61
05:48:54       5    1.96    0.00    3.92    0.00    0.00    0.98    0.00   53.92   39.22
05:48:54       6    0.98    0.00    9.80    2.94    0.00    0.00    0.00   57.84   28.43
05:48:54       7    0.99    0.00    2.97    0.00    0.00    0.00    0.00   58.42   37.62

05:48:54     CPU    %usr   %nice    %sys %iowait    %irq   %soft  %steal  %guest   %idle
05:48:55     all    2.41    0.00    5.96    0.00    0.00    4.06    0.00   33.63   53.93
05:48:55       0   13.54    0.00   16.67    0.00    0.00   23.96    0.00    1.04   44.79
05:48:55       1    2.04    0.00    7.14    0.00    0.00    5.10    0.00   18.37   67.35
05:48:55       2    1.02    0.00    4.08    0.00    0.00    4.08    0.00   18.37   72.45
05:48:55       3    0.99    0.00    4.95    0.00    0.00    0.00    0.00   31.68   62.38
05:48:55       4    1.01    0.00    6.06    0.00    0.00    0.00    0.00   35.35   57.58
05:48:55       5    0.99    0.00    1.98    0.00    0.00    0.00    0.00   91.09    5.94
05:48:55       6    0.00    0.00    3.12    0.00    0.00    0.00    0.00   46.88   50.00
05:48:55       7    1.04    0.00    3.12    0.00    0.00    0.00    0.00   25.00   70.83

05:48:55     CPU    %usr   %nice    %sys %iowait    %irq   %soft  %steal  %guest   %idle
05:48:56     all    3.32    0.00    9.72    1.66    0.00    2.94    0.00   36.06   46.29
05:48:56       0   11.63    0.00   22.09    1.16    0.00   15.12    0.00    8.14   41.86
05:48:56       1    3.06    0.00   10.20    0.00    0.00    7.14    0.00   28.57   51.02
05:48:56       2    4.04    0.00   13.13    0.00    0.00    2.02    0.00   27.27   53.54
05:48:56       3    2.02    0.00    9.09    0.00    0.00    0.00    0.00   52.53   36.36
05:48:56       4    4.95    0.00    6.93    0.99    0.00    0.00    0.00   23.76   63.37
05:48:56       5    1.01    0.00    4.04    1.01    0.00    0.00    0.00   53.54   40.40
05:48:56       6    0.99    0.00    5.94    0.99    0.00    0.00    0.00   56.44   35.64
05:48:56       7    2.02    0.00    7.07   10.10    0.00    0.00    0.00   33.33   47.47

05:48:56     CPU    %usr   %nice    %sys %iowait    %irq   %soft  %steal  %guest   %idle
05:48:57     all    2.47    0.00    9.23    0.39    0.00    3.25    0.00   40.05   44.60
05:48:57       0    7.95    0.00   19.32    0.00    0.00   17.05    0.00   12.50   43.18
05:48:57       1    4.04    0.00   17.17    2.02    0.00    8.08    0.00    2.02   66.67
05:48:57       2    2.06    0.00    9.28    0.00    0.00    1.03    0.00   38.14   49.48
05:48:57       3    0.00    0.00    8.00    0.00    0.00    0.00    0.00   59.00   33.00
05:48:57       4    2.06    0.00    9.28    0.00    0.00    0.00    0.00   24.74   63.92
05:48:57       5    0.00    0.00    4.12    1.03    0.00    0.00    0.00   68.04   26.80
05:48:57       6    1.06    0.00    6.38    0.00    0.00    0.00    0.00   50.00   42.55
05:48:57       7    1.04    0.00    2.08    0.00    0.00    0.00    0.00   64.58   32.29

05:48:57     CPU    %usr   %nice    %sys %iowait    %irq   %soft  %steal  %guest   %idle
05:48:58     all    3.63    0.00   10.77    0.26    0.00    5.71    0.00   46.30   33.33
05:48:58       0   10.99    0.00   20.88    0.00    0.00   30.77    0.00   13.19   24.18
05:48:58       1    3.23    0.00   16.13    1.08    0.00   10.75    0.00   24.73   44.09
05:48:58       2    6.32    0.00   11.58    1.05    0.00    5.26    0.00   21.05   54.74
05:48:58       3    3.12    0.00    4.17    0.00    0.00    0.00    0.00   62.50   30.21
05:48:58       4    2.00    0.00   15.00    0.00    0.00    1.00    0.00   44.00   38.00
05:48:58       5    2.02    0.00    8.08    0.00    0.00    0.00    0.00   46.46   43.43
05:48:58       6    0.98    0.00    2.94    0.98    0.00    0.00    0.00   86.27    8.82
05:48:58       7    1.02    0.00    9.18    0.00    0.00    0.00    0.00   66.33   23.47

05:48:58     CPU    %usr   %nice    %sys %iowait    %irq   %soft  %steal  %guest   %idle
05:48:59     all    3.33    0.00    9.86    8.83    0.00    4.74    0.00   34.83   38.41
05:48:59       0   14.74    0.00   22.11    4.21    0.00   25.26    0.00    5.26   28.42
05:48:59       1    2.13    0.00   11.70   31.91    0.00    8.51    0.00   23.40   22.34
05:48:59       2    4.00    0.00    7.00    2.00    0.00    4.00    0.00   41.00   42.00
05:48:59       3    0.99    0.00    7.92    5.94    0.00    0.00    0.00   43.56   41.58
05:48:59       4    2.11    0.00    8.42    6.32    0.00    1.05    0.00   26.32   55.79
05:48:59       5    1.02    0.00    7.14    0.00    0.00    0.00    0.00   53.06   38.78
05:48:59       6    0.00    0.00    9.28   17.53    0.00    1.03    0.00   31.96   40.21
05:48:59       7    0.00    0.00    5.15    2.06    0.00    0.00    0.00   54.64   38.14

05:48:59     CPU    %usr   %nice    %sys %iowait    %irq   %soft  %steal  %guest   %idle
05:49:00     all    3.80    0.00   10.73    8.38    0.00    5.37    0.00   38.61   33.12
05:49:00       0   15.62    0.00   25.00    2.08    0.00   29.17    0.00    6.25   21.88
05:49:00       1    3.16    0.00   13.68   20.00    0.00    6.32    0.00   27.37   29.47
05:49:00       2    3.23    0.00   11.83    3.23    0.00    3.23    0.00   31.18   47.31
05:49:00       3    2.04    0.00    5.10    3.06    0.00    1.02    0.00   43.88   44.90
05:49:00       4    3.12    0.00    9.38    4.17    0.00    3.12    0.00   44.79   35.42
05:49:00       5    2.02    0.00    4.04   14.14    0.00    0.00    0.00   47.47   32.32
05:49:00       6    4.17    0.00    7.29    8.33    0.00    1.04    0.00   56.25   22.92
05:49:00       7    1.03    0.00   10.31   13.40    0.00    0.00    0.00   46.39   28.87

05:49:00     CPU    %usr   %nice    %sys %iowait    %irq   %soft  %steal  %guest   %idle
05:49:01     all    3.62    0.00    9.17    0.00    0.00    3.88    0.00   42.64   40.70
05:49:01       0   11.46    0.00   17.71    0.00    0.00   18.75    0.00   19.79   32.29
05:49:01       1    3.03    0.00    8.08    0.00    0.00    7.07    0.00   42.42   39.39
05:49:01       2    4.30    0.00    8.60    0.00    0.00    3.23    0.00   38.71   45.16
05:49:01       3    1.03    0.00    5.15    0.00    0.00    1.03    0.00   50.52   42.27
05:49:01       4    2.11    0.00    9.47    0.00    0.00    0.00    0.00   46.32   42.11
05:49:01       5    3.09    0.00    7.22    0.00    0.00    1.03    0.00   42.27   46.39
05:49:01       6    0.00    0.00    8.51    0.00    0.00    0.00    0.00   55.32   36.17
05:49:01       7    1.00    0.00    7.00    0.00    0.00    0.00    0.00   48.00   44.00

05:49:01     CPU    %usr   %nice    %sys %iowait    %irq   %soft  %steal  %guest   %idle
05:49:02     all    2.46    0.00    7.12    0.00    0.00    3.24    0.00   52.85   34.33
05:49:02       0    9.30    0.00   13.95    0.00    0.00   18.60    0.00   16.28   41.86
05:49:02       1    1.00    0.00    4.00    0.00    0.00    3.00    0.00   89.00    3.00
05:49:02       2    4.04    0.00    9.09    0.00    0.00    2.02    0.00   48.48   36.36
05:49:02       3    0.00    0.00    4.12    0.00    0.00    0.00    0.00   49.48   46.39
05:49:02       4    1.01    0.00    6.06    0.00    0.00    0.00    0.00   72.73   20.20
05:49:02       5    1.02    0.00    4.08    0.00    0.00    0.00    0.00   59.18   35.71
05:49:02       6    2.11    0.00    8.42    0.00    0.00    2.11    0.00   36.84   50.53
05:49:02       7    1.02    0.00    9.18    1.02    0.00    0.00    0.00   45.92   42.86

05:49:02     CPU    %usr   %nice    %sys %iowait    %irq   %soft  %steal  %guest   %idle
05:49:03     all    2.18    0.00    7.82    0.64    0.00    2.95    0.00   51.79   34.62
05:49:03       0    9.68    0.00   21.51    1.08    0.00   15.05    0.00   22.58   30.11
05:49:03       1    2.02    0.00    7.07    2.02    0.00    4.04    0.00   59.60   25.25
05:49:03       2    2.00    0.00    9.00    0.00    0.00    4.00    0.00   49.00   36.00
05:49:03       3    1.04    0.00    1.04    0.00    0.00    0.00    0.00   55.21   42.71
05:49:03       4    3.12    0.00    6.25    0.00    0.00    1.04    0.00   47.92   41.67
05:49:03       5    0.00    0.00    3.03    0.00    0.00    1.01    0.00   56.57   39.39
05:49:03       6    2.94    0.00   12.75    0.00    0.00    0.00    0.00   50.00   34.31
05:49:03       7    1.01    0.00    2.02    0.00    0.00    1.01    0.00   67.68   28.28

05:49:03     CPU    %usr   %nice    %sys %iowait    %irq   %soft  %steal  %guest   %idle
05:49:04     all    2.41    0.00    9.49    2.03    0.13    4.94    0.00   53.92   27.09
05:49:04       0    5.38    0.00   15.05    1.08    0.00   25.81    0.00   35.48   17.20
05:49:04       1    3.06    0.00   11.22    0.00    0.00    9.18    0.00   48.98   27.55
05:49:04       2    3.03    0.00   12.12   10.10    0.00    4.04    0.00   48.48   22.22
05:49:04       3    1.00    0.00    5.00    1.00    0.00    0.00    0.00   67.00   26.00
05:49:04       4    1.98    0.00   12.87    0.99    0.00    0.99    0.00   52.48   30.69
05:49:04       5    0.00    0.00    6.19    1.03    0.00    1.03    0.00   58.76   32.99
05:49:04       6    0.00    0.00    6.19    1.03    0.00    0.00    0.00   57.73   35.05
05:49:04       7    2.00    0.00    8.00    1.00    0.00    0.00    0.00   65.00   24.00

05:49:04     CPU    %usr   %nice    %sys %iowait    %irq   %soft  %steal  %guest   %idle
05:49:05     all    3.08    0.00    9.49    4.10    0.00    6.03    0.00   47.31   30.00
05:49:05       0   12.50    0.00   18.75    1.04    0.00   29.17    0.00   15.62   22.92
05:49:05       1    4.12    0.00   10.31    2.06    0.00    9.28    0.00   39.18   35.05
05:49:05       2    2.08    0.00   11.46   23.96    0.00    5.21    0.00   33.33   23.96
05:49:05       3    1.06    0.00    6.38    1.06    0.00    0.00    0.00   69.15   22.34
05:49:05       4    4.04    0.00    9.09    1.01    0.00    1.01    0.00   47.47   37.37
05:49:05       5    1.04    0.00    8.33    2.08    0.00    1.04    0.00   57.29   30.21
05:49:05       6    1.00    0.00    7.00    0.00    0.00    2.00    0.00   48.00   42.00
05:49:05       7    1.00    0.00    5.00    0.00    0.00    0.00    0.00   69.00   25.00

05:49:05     CPU    %usr   %nice    %sys %iowait    %irq   %soft  %steal  %guest   %idle
05:49:06     all    1.64    0.00    7.45    0.76    0.00    3.79    0.00   53.66   32.70
05:49:06       0    8.51    0.00   15.96    5.32    0.00   17.02    0.00    8.51   44.68
05:49:06       1    2.02    0.00    4.04    0.00    0.00   12.12    0.00   56.57   25.25
05:49:06       2    2.02    0.00    3.03    0.00    0.00    1.01    0.00   62.63   31.31
05:49:06       3    1.02    0.00   11.22    1.02    0.00    0.00    0.00   51.02   35.71
05:49:06       4    0.00    0.00    1.01    0.00    0.00    0.00    0.00   87.88   11.11
05:49:06       5    0.00    0.00   12.87    0.00    0.00    0.00    0.00   44.55   42.57
05:49:06       6    0.00    0.00    4.95    0.99    0.00    0.00    0.00   61.39   32.67
05:49:06       7    0.99    0.00    6.93    0.00    0.00    0.00    0.00   52.48   39.60

05:49:06     CPU    %usr   %nice    %sys %iowait    %irq   %soft  %steal  %guest   %idle
05:49:07     all    1.81    0.00    5.81    1.29    0.00    3.61    0.00   44.26   43.23
05:49:07       0    7.61    0.00   10.87    9.78    0.00   19.57    0.00   18.48   33.70
05:49:07       1    2.04    0.00    6.12    0.00    0.00    9.18    0.00   53.06   29.59
05:49:07       2    0.00    0.00    3.03    0.00    0.00    2.02    0.00   60.61   34.34
05:49:07       3    1.00    0.00    3.00    1.00    0.00    0.00    0.00   33.00   62.00
05:49:07       4    0.00    0.00    7.14    0.00    0.00    0.00    0.00   59.18   34.69
05:49:07       5    0.00    0.00   10.31    0.00    0.00    0.00    0.00   46.39   43.30
05:49:07       6    1.03    0.00    2.06    0.00    0.00    0.00    0.00   36.08   60.82
05:49:07       7    1.04    0.00    5.21    1.04    0.00    0.00    0.00   45.83   46.88

05:49:07     CPU    %usr   %nice    %sys %iowait    %irq   %soft  %steal  %guest   %idle
05:49:08     all    2.17    0.00    6.62    0.00    0.00    4.08    0.00   63.69   23.44
05:49:08       0    7.29    0.00   11.46    0.00    0.00   20.83    0.00   38.54   21.88
05:49:08       1    3.06    0.00    8.16    0.00    0.00    7.14    0.00   65.31   16.33
05:49:08       2    0.00    0.00    3.06    0.00    0.00    3.06    0.00   83.67   10.20
05:49:08       3    0.00    0.00    4.17    0.00    0.00    0.00    0.00   69.79   26.04
05:49:08       4    1.96    0.00    6.86    0.00    0.00    0.98    0.00   63.73   26.47
05:49:08       5    3.09    0.00    7.22    0.00    0.00    0.00    0.00   72.16   17.53
05:49:08       6    2.02    0.00    2.02    0.00    0.00    1.01    0.00   78.79   16.16
05:49:08       7    1.03    0.00   10.31    0.00    0.00    0.00    0.00   38.14   50.52

05:49:08     CPU    %usr   %nice    %sys %iowait    %irq   %soft  %steal  %guest   %idle
05:49:09     all    2.31    0.00    7.32    2.57    0.00    2.70    0.00   30.81   54.30
05:49:09       0    6.19    0.00   15.46    3.09    0.00   12.37    0.00   11.34   51.55
05:49:09       1    7.45    0.00   10.64    0.00    0.00    7.45    0.00    8.51   65.96
05:49:09       2    1.02    0.00    3.06    1.02    0.00    1.02    0.00   60.20   33.67
05:49:09       3    1.05    0.00    6.32    1.05    0.00    1.05    0.00   26.32   64.21
05:49:09       4    0.00    0.00    5.21    0.00    0.00    0.00    0.00   38.54   56.25
05:49:09       5    0.99    0.00    4.95    0.00    0.00    0.00    0.00   36.63   57.43
05:49:09       6    0.00    0.00    2.08    0.00    0.00    0.00    0.00   40.62   58.33
05:49:09       7    1.03    0.00    8.25   15.46    0.00    0.00    0.00   24.74   50.52

05:49:09     CPU    %usr   %nice    %sys %iowait    %irq   %soft  %steal  %guest   %idle
05:49:10     all    2.86    0.00    8.96    0.00    0.00    3.77    0.00   45.97   38.44
05:49:10       0    7.61    0.00   19.57    0.00    0.00   17.39    0.00   25.00   30.43
05:49:10       1    6.52    0.00   10.87    0.00    0.00    8.70    0.00   25.00   48.91
05:49:10       2    3.00    0.00   10.00    0.00    0.00    2.00    0.00   48.00   37.00
05:49:10       3    1.04    0.00    9.38    0.00    0.00    0.00    0.00   41.67   47.92
05:49:10       4    2.00    0.00    6.00    0.00    0.00    1.00    0.00   52.00   39.00
05:49:10       5    2.06    0.00    7.22    0.00    0.00    1.03    0.00   53.61   36.08
05:49:10       6    1.98    0.00    6.93    0.00    0.00    0.00    0.00   57.43   33.66
05:49:10       7    1.01    0.00    4.04    0.00    0.00    1.01    0.00   59.60   34.34

05:49:10     CPU    %usr   %nice    %sys %iowait    %irq   %soft  %steal  %guest   %idle
05:49:11     all    2.57    0.00    9.77    0.00    0.00    3.21    0.00   58.10   26.35
05:49:11       0    3.09    0.00    8.25    0.00    0.00   11.34    0.00   44.33   32.99
05:49:11       1    7.45    0.00   19.15    0.00    0.00   11.70    0.00   27.66   34.04
05:49:11       2    1.03    0.00    4.12    0.00    0.00    0.00    0.00   79.38   15.46
05:49:11       3    3.09    0.00   16.49    0.00    0.00    0.00    0.00   50.52   29.90
05:49:11       4    1.04    0.00    8.33    0.00    0.00    1.04    0.00   59.38   30.21
05:49:11       5    2.04    0.00    9.18    0.00    0.00    1.02    0.00   55.10   32.65
05:49:11       6    0.00    0.00    1.02    0.00    0.00    0.00    0.00   95.92    3.06
05:49:11       7    1.04    0.00   11.46    0.00    0.00    1.04    0.00   54.17   32.29

05:49:11     CPU    %usr   %nice    %sys %iowait    %irq   %soft  %steal  %guest   %idle
05:49:12     all    1.53    0.00   12.39    0.13    0.00    3.19    0.00   70.50   12.26
05:49:12       0    3.09    0.00    8.25    0.00    0.00   11.34    0.00   62.89   14.43
05:49:12       1    4.30    0.00   20.43    0.00    0.00   11.83    0.00   43.01   20.43
05:49:12       2    2.02    0.00   13.13    1.01    0.00    2.02    0.00   60.61   21.21
05:49:12       3    0.99    0.00    4.95    0.00    0.00    0.00    0.00   89.11    4.95
05:49:12       4    0.00    0.00    2.00    0.00    0.00    1.00    0.00   95.00    2.00
05:49:12       5    1.98    0.00   23.76    0.00    0.00    0.99    0.00   63.37    9.90
05:49:12       6    0.00    0.00    4.00    0.00    0.00    0.00    0.00   93.00    3.00
05:49:12       7    3.09    0.00   21.65    0.00    0.00    1.03    0.00   49.48   24.74

05:49:12     CPU    %usr   %nice    %sys %iowait    %irq   %soft  %steal  %guest   %idle
05:49:13     all    2.64    0.00   15.74    0.00    0.00    3.53    0.00   70.40    7.68
05:49:13       0    0.00    0.00    6.93    0.00    0.00   11.88    0.00   81.19    0.00
05:49:13       1    5.10    0.00   22.45    0.00    0.00   11.22    0.00   41.84   19.39
05:49:13       2    7.07    0.00   35.35    0.00    0.00    2.02    0.00   41.41   14.14
05:49:13       3    0.00    0.00    3.96    0.00    0.00    0.00    0.00   96.04    0.00
05:49:13       4    0.00    0.00    2.00    0.00    0.00    0.00    0.00   98.00    0.00
05:49:13       5    5.88    0.00   17.65    0.00    0.00    1.96    0.00   56.86   17.65
05:49:13       6    0.00    0.00    4.00    0.00    0.00    0.00    0.00   96.00    0.00
05:49:13       7    2.06    0.00   37.11    0.00    0.00    1.03    0.00   48.45   11.34

05:49:13     CPU    %usr   %nice    %sys %iowait    %irq   %soft  %steal  %guest   %idle
05:49:14     all    2.77    0.00    8.43    0.63    0.00    3.27    0.00   73.33   11.57
05:49:14       0    6.32    0.00    9.47    0.00    0.00   17.89    0.00   55.79   10.53
05:49:14       1    5.26    0.00   14.74    3.16    0.00    6.32    0.00   52.63   17.89
05:49:14       2    1.00    0.00    5.00    0.00    0.00    0.00    0.00   72.00   22.00
05:49:14       3    0.00    0.00    3.03    0.00    0.00    0.00    0.00   97.98    0.00
05:49:14       4    0.00    0.00    2.00    0.00    0.00    0.00    0.00   98.00    0.00
05:49:14       5    2.91    0.00   15.53    0.97    0.00    0.97    0.00   62.14   17.48
05:49:14       6    0.00    0.00    2.97    0.00    0.00    0.00    0.00   96.04    0.99
05:49:14       7    6.06    0.00   15.15    1.01    0.00    1.01    0.00   53.54   23.23

05:49:14     CPU    %usr   %nice    %sys %iowait    %irq   %soft  %steal  %guest   %idle
05:49:15     all    2.04    0.00   10.69    1.65    0.00    3.56    0.00   69.85   12.21
05:49:15       0    3.96    0.00    3.96    0.00    0.00   11.88    0.00   78.22    1.98
05:49:15       1    6.38    0.00   14.89    5.32    0.00    7.45    0.00   50.00   15.96
05:49:15       2    0.00    0.00    5.05    0.00    0.00    4.04    0.00   90.91    0.00
05:49:15       3    4.04    0.00   17.17    1.01    0.00    1.01    0.00   49.49   27.27
05:49:15       4    1.98    0.00    6.93    0.00    0.00    0.00    0.00   82.18    8.91
05:49:15       5    1.04    0.00   15.62    0.00    0.00    2.08    0.00   58.33   22.92
05:49:15       6    0.00    0.00    2.97    0.00    0.00    0.00    0.00   97.03    0.00
05:49:15       7    2.11    0.00   18.95    7.37    0.00    1.05    0.00   47.37   23.16

05:49:15     CPU    %usr   %nice    %sys %iowait    %irq   %soft  %steal  %guest   %idle
05:49:16     all    1.78    0.00    6.35    0.13    0.00    3.43    0.00   66.20   22.11
05:49:16       0    5.10    0.00   10.20    0.00    0.00   13.27    0.00   48.98   22.45
05:49:16       1    0.00    0.00    1.00    0.00    0.00    6.00    0.00   93.00    1.00
05:49:16       2    1.98    0.00    2.97    0.00    0.00    4.95    0.00   83.17    6.93
05:49:16       3    0.00    0.00    1.02    0.00    0.00    0.00    0.00   71.43   27.55
05:49:16       4    5.05    0.00   11.11    0.00    0.00    2.02    0.00   38.38   43.43
05:49:16       5    0.00    0.00   11.34    0.00    0.00    2.06    0.00   41.24   45.36
05:49:16       6    0.00    0.00    1.01    0.00    0.00    0.00    0.00   98.99    0.00
05:49:16       7    2.04    0.00   13.27    0.00    0.00    1.02    0.00   52.04   31.63

05:49:16     CPU    %usr   %nice    %sys %iowait    %irq   %soft  %steal  %guest   %idle
05:49:17     all    3.05    0.00   12.96    0.13    0.00    3.94    0.00   68.23   11.69
05:49:17       0    0.00    0.00    9.09    0.00    0.00   10.10    0.00   80.81    0.00
05:49:17       1    4.26    0.00   25.53    0.00    0.00    6.38    0.00   42.55   21.28
05:49:17       2    5.32    0.00   20.21    1.06    0.00    7.45    0.00   37.23   28.72
05:49:17       3    8.00    0.00   15.00    0.00    0.00    0.00    0.00   61.00   16.00
05:49:17       4    5.10    0.00   19.39    0.00    0.00    4.08    0.00   51.02   20.41
05:49:17       5    2.04    0.00    5.10    0.00    0.00    0.00    0.00   89.80    3.06
05:49:17       6    0.00    0.00    2.00    0.00    0.00    0.00    0.00   98.00    0.00
05:49:17       7    1.01    0.00    8.08    0.00    0.00    1.01    0.00   85.86    4.04

05:49:17     CPU    %usr   %nice    %sys %iowait    %irq   %soft  %steal  %guest   %idle
05:49:18     all    3.45    0.00   10.47    0.13    0.00    4.73    0.00   62.84   18.39
05:49:18       0    5.10    0.00   14.29    0.00    0.00   19.39    0.00   43.88   17.35
05:49:18       1    2.08    0.00   10.42    0.00    0.00    8.33    0.00   64.58   14.58
05:49:18       2    7.22    0.00   13.40    0.00    0.00    6.19    0.00   48.45   24.74
05:49:18       3    1.06    0.00   11.70    0.00    0.00    0.00    0.00   67.02   20.21
05:49:18       4    3.00    0.00    7.00    0.00    0.00    2.00    0.00   71.00   17.00
05:49:18       5    2.00    0.00    7.00    2.00    0.00    0.00    0.00   78.00   11.00
05:49:18       6    1.00    0.00   11.00    0.00    0.00    1.00    0.00   68.00   19.00
05:49:18       7    4.12    0.00   11.34    0.00    0.00    1.03    0.00   60.82   22.68

05:49:18     CPU    %usr   %nice    %sys %iowait    %irq   %soft  %steal  %guest   %idle
05:49:19     all    3.78    0.00    9.90    1.69    0.00    3.12    0.00   27.47   54.04
05:49:19       0    7.95    0.00   15.91    0.00    0.00   17.05    0.00    6.82   52.27
05:49:19       1    5.21    0.00   13.54    8.33    0.00    5.21    0.00   26.04   41.67
05:49:19       2    8.51    0.00   14.89    0.00    0.00    3.19    0.00   14.89   58.51
05:49:19       3    5.21    0.00    7.29    2.08    0.00    1.04    0.00   28.12   56.25
05:49:19       4    2.00    0.00    9.00    1.00    0.00    0.00    0.00   41.00   47.00
05:49:19       5    0.00    0.00    4.21    0.00    0.00    0.00    0.00   33.68   62.11
05:49:19       6    2.06    0.00    7.22    0.00    0.00    0.00    0.00   39.18   51.55
05:49:19       7    1.00    0.00    5.00    2.00    0.00    1.00    0.00   28.00   63.00

05:49:19     CPU    %usr   %nice    %sys %iowait    %irq   %soft  %steal  %guest   %idle
05:49:20     all    3.36    0.00   11.37    8.53    0.00    4.01    0.00   46.25   26.49
05:49:20       0   10.64    0.00   22.34    2.13    0.00   17.02    0.00   23.40   24.47
05:49:20       1    2.04    0.00    7.14   31.63    0.00    6.12    0.00   47.96    5.10
05:49:20       2    3.09    0.00   12.37    3.09    0.00    7.22    0.00   45.36   28.87
05:49:20       3    4.08    0.00    8.16    6.12    0.00    0.00    0.00   48.98   32.65
05:49:20       4    1.08    0.00    8.60    7.53    0.00    0.00    0.00   60.22   22.58
05:49:20       5    2.02    0.00    9.09    6.06    0.00    0.00    0.00   59.60   23.23
05:49:20       6    2.00    0.00   14.00    3.00    0.00    2.00    0.00   50.00   29.00
05:49:20       7    2.11    0.00    9.47    8.42    0.00    0.00    0.00   33.68   46.32

05:49:20     CPU    %usr   %nice    %sys %iowait    %irq   %soft  %steal  %guest   %idle
05:49:21     all    5.08    0.00   13.20    1.14    0.00    6.35    0.00   60.79   13.45
05:49:21       0   10.20    0.00   16.33    0.00    0.00   24.49    0.00   38.78   10.20
05:49:21       1    6.19    0.00   13.40    0.00    0.00   12.37    0.00   53.61   14.43
05:49:21       2    4.08    0.00   14.29    9.18    0.00    7.14    0.00   62.24    3.06
05:49:21       3    3.03    0.00   13.13    0.00    0.00    1.01    0.00   64.65   18.18
05:49:21       4    7.14    0.00   17.35    0.00    0.00    1.02    0.00   53.06   21.43
05:49:21       5    5.15    0.00    9.28    0.00    0.00    1.03    0.00   63.92   20.62
05:49:21       6    0.98    0.00    7.84    0.00    0.00    1.96    0.00   81.37    7.84
05:49:21       7    3.92    0.00   13.73    0.00    0.00    1.96    0.00   66.67   13.73

05:49:21     CPU    %usr   %nice    %sys %iowait    %irq   %soft  %steal  %guest   %idle
05:49:22     all    3.94    0.00    8.13    1.65    0.00    3.68    0.00   56.80   25.79
05:49:22       0    4.17    0.00   10.42    5.21    0.00   14.58    0.00   35.42   30.21
05:49:22       1    3.09    0.00    6.19    6.19    0.00    4.12    0.00   41.24   39.18
05:49:22       2   10.00    0.00   16.00    1.00    0.00   10.00    0.00   19.00   44.00
05:49:22       3    1.01    0.00    5.05    0.00    0.00    0.00    0.00   82.83   11.11
05:49:22       4    4.95    0.00    6.93    0.00    0.00    0.99    0.00   67.33   19.80
05:49:22       5    2.00    0.00    6.00    0.00    0.00    0.00    0.00   83.00    9.00
05:49:22       6    2.04    0.00    3.06    0.00    0.00    0.00    0.00   75.51   19.39
05:49:22       7    4.17    0.00   12.50    1.04    0.00    0.00    0.00   47.92   34.38

05:49:22     CPU    %usr   %nice    %sys %iowait    %irq   %soft  %steal  %guest   %idle
05:49:23     all    3.32    0.00    9.44    0.26    0.00    4.72    0.00   63.39   18.88
05:49:23       0    6.38    0.00   20.21    0.00    0.00   21.28    0.00   35.11   17.02
05:49:23       1    1.98    0.00    6.93    0.00    0.00    8.91    0.00   75.25    6.93
05:49:23       2    4.00    0.00    9.00    1.00    0.00    2.00    0.00   67.00   17.00
05:49:23       3    0.00    0.00    8.25    0.00    0.00    2.06    0.00   54.64   35.05
05:49:23       4    4.17    0.00    9.38    1.04    0.00    1.04    0.00   70.83   13.54
05:49:23       5    2.06    0.00    6.19    0.00    0.00    1.03    0.00   74.23   16.49
05:49:23       6    6.06    0.00   11.11    0.00    0.00    1.01    0.00   55.56   26.26
05:49:23       7    1.00    0.00    6.00    0.00    0.00    1.00    0.00   74.00   18.00

05:49:23     CPU    %usr   %nice    %sys %iowait    %irq   %soft  %steal  %guest   %idle
05:49:24     all    3.45    0.00   10.61    4.22    0.00    5.12    0.00   60.87   15.73
05:49:24       0   10.00    0.00   22.00    5.00    0.00   24.00    0.00   23.00   16.00
05:49:24       1    3.12    0.00    6.25   15.62    0.00    4.17    0.00   59.38   11.46
05:49:24       2    5.15    0.00   12.37    0.00    0.00    8.25    0.00   55.67   18.56
05:49:24       3    1.03    0.00    6.19    0.00    0.00    0.00    0.00   87.63    5.15
05:49:24       4    2.04    0.00   10.20    1.02    0.00    1.02    0.00   65.31   20.41
05:49:24       5    2.04    0.00    6.12    9.18    0.00    0.00    0.00   77.55    5.10
05:49:24       6    6.06    0.00   12.12    2.02    0.00    3.03    0.00   50.51   26.26
05:49:24       7    0.00    0.00    7.37    0.00    0.00    0.00    0.00   70.53   22.11

05:49:24     CPU    %usr   %nice    %sys %iowait    %irq   %soft  %steal  %guest   %idle
05:49:25     all    3.59    0.00   11.55   15.02    0.00    6.55    0.00   42.62   20.67
05:49:25       0    8.33    0.00   16.67   14.58    0.00   28.12    0.00   20.83   11.46
05:49:25       1    2.06    0.00    9.28   26.80    0.00    9.28    0.00   45.36    7.22
05:49:25       2    3.12    0.00   13.54   13.54    0.00   12.50    0.00   27.08   30.21
05:49:25       3    4.08    0.00    7.14    0.00    0.00    1.02    0.00   53.06   34.69
05:49:25       4    3.16    0.00   10.53   15.79    0.00    0.00    0.00   40.00   30.53
05:49:25       5    0.00    0.00   10.31   12.37    0.00    1.03    0.00   59.79   17.53
05:49:25       6    7.00    0.00   17.00   18.00    0.00    0.00    0.00   36.00   22.00
05:49:25       7    0.96    0.00   10.58   19.23    0.00    0.96    0.00   55.77   12.50

05:49:25     CPU    %usr   %nice    %sys %iowait    %irq   %soft  %steal  %guest   %idle
05:49:26     all    4.11    0.00   10.40   17.97    0.00    4.75    0.00   40.18   22.59
05:49:26       0   13.68    0.00   18.95    0.00    0.00   25.26    0.00   13.68   28.42
05:49:26       1    5.15    0.00   14.43   20.62    0.00    9.28    0.00   31.96   18.56
05:49:26       2    3.06    0.00    6.12   26.53    0.00    3.06    0.00   34.69   26.53
05:49:26       3    1.04    0.00   12.50    4.17    0.00    0.00    0.00   62.50   19.79
05:49:26       4    4.17    0.00    5.21    1.04    0.00    1.04    0.00   37.50   51.04
05:49:26       5    2.02    0.00    8.08    0.00    0.00    0.00    0.00   61.62   28.28
05:49:26       6    4.08    0.00    5.10   57.14    0.00    0.00    0.00   28.57    5.10
05:49:26       7    2.04    0.00   10.20   32.65    0.00    0.00    0.00   50.00    5.10

05:49:26     CPU    %usr   %nice    %sys %iowait    %irq   %soft  %steal  %guest   %idle
05:49:27     all    3.45    0.00    9.08    1.92    0.00    4.48    0.00   51.15   29.92
05:49:27       0    6.38    0.00   14.89    1.06    0.00   12.77    0.00   36.17   28.72
05:49:27       1    5.21    0.00   10.42    0.00    0.00    9.38    0.00   43.75   31.25
05:49:27       2    5.05    0.00   12.12    0.00    0.00   10.10    0.00   41.41   31.31
05:49:27       3    1.00    0.00    2.00    0.00    0.00    1.00    0.00   78.00   18.00
05:49:27       4    4.08    0.00   14.29   14.29    0.00    1.02    0.00   43.88   22.45
05:49:27       5    0.00    0.00    6.06    0.00    0.00    0.00    0.00   54.55   39.39
05:49:27       6    4.12    0.00    9.28    1.03    0.00    1.03    0.00   47.42   37.11
05:49:27       7    2.00    0.00    6.00    0.00    0.00    1.00    0.00   62.00   29.00

05:49:27     CPU    %usr   %nice    %sys %iowait    %irq   %soft  %steal  %guest   %idle
05:49:28     all    4.40    0.00   10.74    0.26    0.00    5.69    0.00   54.46   24.45
05:49:28       0    6.19    0.00   11.34    0.00    0.00   19.59    0.00   46.39   16.49
05:49:28       1    4.21    0.00   11.58    0.00    0.00    7.37    0.00   51.58   25.26
05:49:28       2    6.45    0.00   13.98    0.00    0.00   17.20    0.00   33.33   29.03
05:49:28       3    6.06    0.00   11.11    0.00    0.00    0.00    0.00   60.61   22.22
05:49:28       4    5.15    0.00   17.53    0.00    0.00    1.03    0.00   45.36   30.93
05:49:28       5    1.01    0.00    4.04    0.00    0.00    0.00    0.00   75.76   19.19
05:49:28       6    5.05    0.00   10.10    1.01    0.00    1.01    0.00   53.54   29.29
05:49:28       7    0.00    0.00    6.38    0.00    0.00    0.00    0.00   68.09   25.53

05:49:28     CPU    %usr   %nice    %sys %iowait    %irq   %soft  %steal  %guest   %idle
05:49:29     all    3.13    0.00    8.47    2.48    0.00    4.30    0.00   29.47   52.15
05:49:29       0   10.53    0.00   17.89    0.00    0.00   21.05    0.00    5.26   45.26
05:49:29       1    3.23    0.00    8.60    0.00    0.00   11.83    0.00   13.98   62.37
05:49:29       2    4.17    0.00    7.29    1.04    0.00    2.08    0.00   16.67   68.75
05:49:29       3    0.00    0.00    6.52    0.00    0.00    0.00    0.00   39.13   54.35
05:49:29       4    1.03    0.00    5.15   19.59    0.00    0.00    0.00   36.08   38.14
05:49:29       5    2.08    0.00    6.25    0.00    0.00    0.00    0.00   46.88   44.79
05:49:29       6    1.03    0.00    6.19    0.00    0.00    0.00    0.00   31.96   60.82
05:49:29       7    1.00    0.00   10.00    0.00    0.00    0.00    0.00   45.00   44.00

05:49:29     CPU    %usr   %nice    %sys %iowait    %irq   %soft  %steal  %guest   %idle
05:49:30     all    3.19    0.00    8.29    6.76    0.00    3.83    0.00   29.34   48.60
05:49:30       0    8.16    0.00   18.37    1.02    0.00   20.41    0.00    6.12   45.92
05:49:30       1    6.38    0.00    8.51   25.53    0.00    8.51    0.00   12.77   38.30
05:49:30       2    6.00    0.00    7.00    1.00    0.00    3.00    0.00   22.00   61.00
05:49:30       3    3.03    0.00    3.03    3.03    0.00    0.00    0.00   40.40   50.51
05:49:30       4    0.00    0.00    6.12   21.43    0.00    0.00    0.00   30.61   41.84
05:49:30       5    2.00    0.00    8.00    0.00    0.00    0.00    0.00   42.00   48.00
05:49:30       6    1.01    0.00    6.06    0.00    0.00    0.00    0.00   41.41   51.52
05:49:30       7    2.04    0.00    8.16    3.06    0.00    0.00    0.00   36.73   50.00
