Linux 3.2.0-40-generic (loadgen166) 	02/08/2013 	_x86_64_	(8 CPU)

05:48:58     CPU    %usr   %nice    %sys %iowait    %irq   %soft  %steal  %guest   %idle
05:48:59     all    3.08    0.00   10.40    0.26    0.00    5.39    0.00   32.35   48.52
05:48:59       0    4.21    0.00   10.53    0.00    0.00   11.58    0.00   30.53   43.16
05:48:59       1    4.21    0.00   13.68    1.05    0.00    5.26    0.00   22.11   53.68
05:48:59       2    3.92    0.00   11.76    0.00    0.00    3.92    0.00   37.25   43.14
05:48:59       3    7.45    0.00   10.64    0.00    0.00    9.57    0.00   14.89   57.45
05:48:59       4    2.13    0.00   13.83    0.00    0.00   10.64    0.00   30.85   42.55
05:48:59       5    0.00    0.00    7.14    0.00    0.00    0.00    0.00   29.59   63.27
05:48:59       6    1.98    0.00    7.92    0.99    0.00    0.99    0.00   58.42   29.70
05:48:59       7    0.00    0.00    6.12    1.02    0.00    1.02    0.00   32.65   59.18

05:48:59     CPU    %usr   %nice    %sys %iowait    %irq   %soft  %steal  %guest   %idle
05:49:00     all    2.72    0.00    7.24    1.42    0.00    3.10    0.00   30.14   55.37
05:49:00       0    3.06    0.00    6.12    2.04    0.00    6.12    0.00   13.27   69.39
05:49:00       1    0.00    0.00    5.15    1.03    0.00    5.15    0.00   21.65   67.01
05:49:00       2    1.05    0.00    4.21    0.00    0.00    0.00    0.00   18.95   75.79
05:49:00       3    8.99    0.00   12.36    4.49    0.00    5.62    0.00    3.37   65.17
05:49:00       4    4.85    0.00    8.74    0.97    0.00    6.80    0.00   19.42   59.22
05:49:00       5    0.00    0.00    4.12    1.03    0.00    0.00    0.00   23.71   71.13
05:49:00       6    0.00    0.00    2.02    0.00    0.00    0.00    0.00   96.97    1.01
05:49:00       7    1.06    0.00   18.09    1.06    0.00    0.00    0.00   45.74   34.04

05:49:00     CPU    %usr   %nice    %sys %iowait    %irq   %soft  %steal  %guest   %idle
05:49:01     all    2.33    0.00    6.74    5.18    0.00    2.85    0.00   32.51   50.39
05:49:01       0    2.06    0.00    8.25    3.09    0.00    4.12    0.00   21.65   60.82
05:49:01       1    3.19    0.00    4.26    4.26    0.00    5.32    0.00   14.89   68.09
05:49:01       2    1.98    0.00    4.95    0.99    0.00    1.98    0.00   35.64   54.46
05:49:01       3   10.00    0.00   14.44    7.78    0.00    6.67    0.00    2.22   58.89
05:49:01       4    2.04    0.00   10.20    2.04    0.00    5.10    0.00   28.57   52.04
05:49:01       5    2.08    0.00    5.21   11.46    0.00    1.04    0.00   22.92   57.29
05:49:01       6    0.00    0.00    3.00    0.00    0.00    0.00    0.00   84.00   13.00
05:49:01       7    0.00    0.00    3.12   11.46    0.00    0.00    0.00   43.75   41.67

05:49:01     CPU    %usr   %nice    %sys %iowait    %irq   %soft  %steal  %guest   %idle
05:49:02     all    4.60    0.00   10.47    1.15    0.00    5.36    0.00   43.04   35.38
05:49:02       0    9.09    0.00   17.17    0.00    0.00   13.13    0.00   26.26   34.34
05:49:02       1    2.00    0.00   13.00    1.00    0.00    5.00    0.00   36.00   43.00
05:49:02       2    6.06    0.00   10.10    0.00    0.00    7.07    0.00   32.32   44.44
05:49:02       3    6.59    0.00   16.48    8.79    0.00    6.59    0.00   18.68   42.86
05:49:02       4    8.42    0.00    8.42    0.00    0.00    9.47    0.00   33.68   40.00
05:49:02       5    0.00    0.00    8.08    0.00    0.00    1.01    0.00   55.56   35.35
05:49:02       6    5.00    0.00    3.00    0.00    0.00    0.00    0.00   85.00    7.00
05:49:02       7    1.01    0.00    8.08    0.00    0.00    1.01    0.00   53.54   36.36

05:49:02     CPU    %usr   %nice    %sys %iowait    %irq   %soft  %steal  %guest   %idle
05:49:03     all    2.60    0.00    8.96    8.05    0.00    4.42    0.00   31.17   44.81
05:49:03       0    7.45    0.00   14.89    1.06    0.00   11.70    0.00   11.70   53.19
05:49:03       1    1.05    0.00   10.53    0.00    0.00    9.47    0.00   23.16   55.79
05:49:03       2    2.08    0.00    9.38    2.08    0.00    5.21    0.00   16.67   64.58
05:49:03       3    1.09    0.00    7.61   19.57    0.00    4.35    0.00   19.57   47.83
05:49:03       4    4.08    0.00    7.14   29.59    0.00    5.10    0.00   21.43   32.65
05:49:03       5    1.02    0.00    5.10    4.08    0.00    0.00    0.00   67.35   22.45
05:49:03       6    2.02    0.00    8.08    0.00    0.00    0.00    0.00   33.33   56.57
05:49:03       7    1.00    0.00   10.00    8.00    0.00    0.00    0.00   53.00   28.00

05:49:03     CPU    %usr   %nice    %sys %iowait    %irq   %soft  %steal  %guest   %idle
05:49:04     all    3.10    0.00   10.09   10.61    0.00    4.27    0.00   29.88   42.04
05:49:04       0    8.42    0.00   15.79    6.32    0.00   10.53    0.00   16.84   42.11
05:49:04       1    4.21    0.00    9.47   31.58    0.00    5.26    0.00   21.05   28.42
05:49:04       2    4.17    0.00   10.42    1.04    0.00    6.25    0.00   19.79   58.33
05:49:04       3    0.00    0.00    8.42   20.00    0.00    6.32    0.00   20.00   45.26
05:49:04       4    3.03    0.00   14.14    0.00    0.00    8.08    0.00   29.29   45.45
05:49:04       5    1.04    0.00    7.29    2.08    0.00    0.00    0.00   47.92   41.67
05:49:04       6    2.02    0.00    8.08    2.02    0.00    0.00    0.00   43.43   44.44
05:49:04       7    2.02    0.00    7.07   22.22    0.00    0.00    0.00   40.40   28.28

05:49:04     CPU    %usr   %nice    %sys %iowait    %irq   %soft  %steal  %guest   %idle
05:49:05     all    2.75    0.00    8.76    0.78    0.00    3.79    0.00   26.54   57.39
05:49:05       0    9.68    0.00   15.05    0.00    0.00   10.75    0.00    7.53   56.99
05:49:05       1    2.22    0.00    5.56    2.22    0.00    3.33    0.00   20.00   66.67
05:49:05       2    3.06    0.00   10.20    1.02    0.00    7.14    0.00   23.47   55.10
05:49:05       3    2.06    0.00    6.19    1.03    0.00    0.00    0.00   21.65   69.07
05:49:05       4    4.04    0.00   13.13    2.02    0.00    6.06    0.00   23.23   51.52
05:49:05       5    0.00    0.00    5.21    1.04    0.00    0.00    0.00   35.42   59.38
05:49:05       6    1.05    0.00    5.26    0.00    0.00    0.00    0.00   40.00   53.68
05:49:05       7    1.05    0.00    7.37    0.00    0.00    0.00    0.00   41.05   50.53

05:49:05     CPU    %usr   %nice    %sys %iowait    %irq   %soft  %steal  %guest   %idle
05:49:06     all    2.85    0.00    9.33    6.74    0.00    4.02    0.00   35.36   41.71
05:49:06       0    8.33    0.00   17.71   11.46    0.00   12.50    0.00   15.62   34.38
05:49:06       1    1.04    0.00    7.29   18.75    0.00    6.25    0.00   35.42   31.25
05:49:06       2    3.19    0.00   13.83    1.06    0.00    7.45    0.00   17.02   57.45
05:49:06       3    2.02    0.00    8.08    7.07    0.00    2.02    0.00   28.28   52.53
05:49:06       4    5.43    0.00    9.78    1.09    0.00    4.35    0.00   33.70   45.65
05:49:06       5    1.05    0.00    4.21    6.32    0.00    0.00    0.00   52.63   35.79
05:49:06       6    1.01    0.00    9.09    3.03    0.00    2.02    0.00   41.41   43.43
05:49:06       7    0.98    0.00    6.86    3.92    0.00    0.00    0.00   56.86   31.37

05:49:06     CPU    %usr   %nice    %sys %iowait    %irq   %soft  %steal  %guest   %idle
05:49:07     all    3.06    0.00   10.46    0.13    0.00    3.83    0.00   29.46   53.06
05:49:07       0    8.70    0.00   21.74    0.00    0.00    8.70    0.00    4.35   56.52
05:49:07       1    3.09    0.00    6.19    0.00    0.00    4.12    0.00   37.11   49.48
05:49:07       2    5.10    0.00   11.22    0.00    0.00    5.10    0.00   11.22   67.35
05:49:07       3    3.12    0.00    8.33    0.00    0.00    4.17    0.00   19.79   64.58
05:49:07       4    3.03    0.00   11.11    0.00    0.00    8.08    0.00   21.21   56.57
05:49:07       5    1.98    0.00    4.95    0.00    0.00    0.00    0.00   46.53   46.53
05:49:07       6    1.02    0.00   13.27    0.00    0.00    0.00    0.00   46.94   38.78
05:49:07       7    0.00    0.00    8.00    0.00    0.00    0.00    0.00   46.00   46.00

05:49:07     CPU    %usr   %nice    %sys %iowait    %irq   %soft  %steal  %guest   %idle
05:49:08     all    3.26    0.00    9.79    0.13    0.00    4.83    0.00   35.38   46.61
05:49:08       0    6.45    0.00   16.13    0.00    0.00   15.05    0.00   11.83   50.54
05:49:08       1    2.13    0.00    9.57    0.00    0.00    6.38    0.00   29.79   52.13
05:49:08       2    6.19    0.00   10.31    1.03    0.00    6.19    0.00   25.77   50.52
05:49:08       3    4.21    0.00    9.47    0.00    0.00    4.21    0.00   22.11   60.00
05:49:08       4    5.15    0.00   10.31    0.00    0.00    7.22    0.00   29.90   47.42
05:49:08       5    1.03    0.00    5.15    0.00    0.00    0.00    0.00   59.79   34.02
05:49:08       6    0.00    0.00   10.10    0.00    0.00    1.01    0.00   42.42   46.46
05:49:08       7    1.05    0.00    6.32    0.00    0.00    0.00    0.00   60.00   32.63

05:49:08     CPU    %usr   %nice    %sys %iowait    %irq   %soft  %steal  %guest   %idle
05:49:09     all    3.34    0.00    9.90    0.77    0.00    4.88    0.00   35.73   45.37
05:49:09       0    8.16    0.00   14.29    1.02    0.00   12.24    0.00   22.45   41.84
05:49:09       1    4.30    0.00   10.75    1.08    0.00    8.60    0.00   29.03   46.24
05:49:09       2    2.08    0.00   11.46    1.04    0.00    4.17    0.00   33.33   47.92
05:49:09       3    4.04    0.00   11.11    1.01    0.00    4.04    0.00   27.27   52.53
05:49:09       4    4.08    0.00   12.24    2.04    0.00   10.20    0.00   31.63   39.80
05:49:09       5    1.02    0.00    7.14    0.00    0.00    0.00    0.00   50.00   41.84
05:49:09       6    1.03    0.00    7.22    0.00    0.00    0.00    0.00   46.39   45.36
05:49:09       7    0.00    0.00    6.93    0.00    0.00    0.00    0.00   45.54   47.52

05:49:09     CPU    %usr   %nice    %sys %iowait    %irq   %soft  %steal  %guest   %idle
05:49:10     all    3.12    0.00   10.79    0.39    0.00    5.07    0.00   39.27   41.35
05:49:10       0    5.21    0.00   10.42    0.00    0.00    8.33    0.00   32.29   43.75
05:49:10       1    5.75    0.00   19.54    1.15    0.00   13.79    0.00   18.39   41.38
05:49:10       2    1.04    0.00    8.33    0.00    0.00    3.12    0.00   42.71   44.79
05:49:10       3    4.08    0.00   12.24    1.02    0.00    5.10    0.00   42.86   34.69
05:49:10       4    4.17    0.00    9.38    0.00    0.00    9.38    0.00   31.25   45.83
05:49:10       5    3.06    0.00    6.12    1.02    0.00    0.00    0.00   48.98   40.82
05:49:10       6    2.02    0.00    9.09    0.00    0.00    0.00    0.00   55.56   33.33
05:49:10       7    2.06    0.00   11.34    0.00    0.00    1.03    0.00   39.18   46.39

05:49:10     CPU    %usr   %nice    %sys %iowait    %irq   %soft  %steal  %guest   %idle
05:49:11     all    3.31    0.00   13.76    7.77    0.00    5.99    0.00   49.17   20.00
05:49:11       0    6.32    0.00   22.11   10.53    0.00   12.63    0.00   31.58   16.84
05:49:11       1    6.12    0.00   10.20    6.12    0.00   20.41    0.00   43.88   13.27
05:49:11       2    2.91    0.00   12.62   13.59    0.00    3.88    0.00   45.63   21.36
05:49:11       3    1.02    0.00   10.20    0.00    0.00    4.08    0.00   65.31   19.39
05:49:11       4    4.12    0.00   15.46    1.03    0.00    5.15    0.00   49.48   24.74
05:49:11       5    3.96    0.00   11.88    0.99    0.00    1.98    0.00   49.50   31.68
05:49:11       6    1.04    0.00   15.62   15.62    0.00    0.00    0.00   54.17   13.54
05:49:11       7    0.99    0.00   12.87   15.84    0.00    0.99    0.00   51.49   17.82

05:49:11     CPU    %usr   %nice    %sys %iowait    %irq   %soft  %steal  %guest   %idle
05:49:12     all    3.44    0.00   12.48    0.89    0.00    3.95    0.00   51.59   27.64
05:49:12       0    5.32    0.00   19.15    2.13    0.00   10.64    0.00   28.72   34.04
05:49:12       1    6.32    0.00   14.74    0.00    0.00   12.63    0.00   45.26   21.05
05:49:12       2    3.03    0.00   12.12    0.00    0.00    4.04    0.00   48.48   32.32
05:49:12       3    2.02    0.00   12.12    1.01    0.00    1.01    0.00   63.64   20.20
05:49:12       4    2.97    0.00    3.96    0.99    0.00    2.97    0.00   70.30   18.81
05:49:12       5    2.11    0.00    8.42    0.00    0.00    0.00    0.00   52.63   36.84
05:49:12       6    2.88    0.00   14.42    1.92    0.00    0.96    0.00   51.92   27.88
05:49:12       7    2.08    0.00   14.58    0.00    0.00    0.00    0.00   51.04   32.29

05:49:12     CPU    %usr   %nice    %sys %iowait    %irq   %soft  %steal  %guest   %idle
05:49:13     all    2.91    0.00   10.62    0.13    0.00    5.06    0.00   65.49   15.80
05:49:13       0    6.00    0.00    9.00    0.00    0.00   15.00    0.00   56.00   14.00
05:49:13       1    9.28    0.00   17.53    0.00    0.00   13.40    0.00   36.08   23.71
05:49:13       2    1.02    0.00    9.18    0.00    0.00    1.02    0.00   71.43   17.35
05:49:13       3    3.03    0.00   14.14    0.00    0.00    3.03    0.00   72.73    7.07
05:49:13       4    0.00    0.00    6.00    0.00    0.00    5.00    0.00   76.00   13.00
05:49:13       5    2.04    0.00   15.31    0.00    0.00    1.02    0.00   63.27   18.37
05:49:13       6    0.00    0.00    5.10    0.00    0.00    1.02    0.00   84.69    9.18
05:49:13       7    1.02    0.00    8.16    0.00    0.00    0.00    0.00   66.33   24.49

05:49:13     CPU    %usr   %nice    %sys %iowait    %irq   %soft  %steal  %guest   %idle
05:49:14     all    2.28    0.00   13.65    0.38    0.00    4.93    0.00   68.90    9.86
05:49:14       0    3.03    0.00    7.07    0.00    0.00   10.10    0.00   73.74    6.06
05:49:14       1    3.16    0.00   12.63    0.00    0.00   16.84    0.00   50.53   16.84
05:49:14       2    3.00    0.00   27.00    1.00    0.00    2.00    0.00   58.00    9.00
05:49:14       3    1.00    0.00    8.00    0.00    0.00    3.00    0.00   78.00   10.00
05:49:14       4    5.00    0.00   19.00    0.00    0.00    5.00    0.00   58.00   13.00
05:49:14       5    1.00    0.00    1.00    1.00    0.00    0.00    0.00   97.00    0.00
05:49:14       6    2.02    0.00   14.14    0.00    0.00    2.02    0.00   69.70   12.12
05:49:14       7    0.00    0.00   20.20    2.02    0.00    1.01    0.00   63.64   13.13

05:49:14     CPU    %usr   %nice    %sys %iowait    %irq   %soft  %steal  %guest   %idle
05:49:15     all    2.19    0.00   12.98    0.13    0.00    3.60    0.00   67.22   13.88
05:49:15       0    1.02    0.00    5.10    0.00    0.00    8.16    0.00   76.53    9.18
05:49:15       1    5.21    0.00   28.12    0.00    0.00    9.38    0.00   36.46   20.83
05:49:15       2    1.04    0.00   15.62    0.00    0.00    1.04    0.00   70.83   11.46
05:49:15       3    4.08    0.00    8.16    0.00    0.00    5.10    0.00   67.35   15.31
05:49:15       4    1.02    0.00    4.08    0.00    0.00    2.04    0.00   86.73    6.12
05:49:15       5    2.04    0.00   14.29    0.00    0.00    2.04    0.00   59.18   22.45
05:49:15       6    2.08    0.00   21.88    0.00    0.00    0.00    0.00   66.67    9.38
05:49:15       7    2.04    0.00    8.16    0.00    0.00    1.02    0.00   73.47   15.31

05:49:15     CPU    %usr   %nice    %sys %iowait    %irq   %soft  %steal  %guest   %idle
05:49:16     all    2.31    0.00    8.85   11.41    0.00    3.72    0.00   56.28   17.44
05:49:16       0    0.00    0.00    4.17   11.46    0.00   10.42    0.00   72.92    1.04
05:49:16       1    3.26    0.00   14.13    2.17    0.00    6.52    0.00   35.87   38.04
05:49:16       2    2.04    0.00   12.24   23.47    0.00    2.04    0.00   59.18    1.02
05:49:16       3    3.12    0.00    7.29    0.00    0.00    3.12    0.00   53.12   33.33
05:49:16       4    2.91    0.00    5.83    1.94    0.00    6.80    0.00   67.96   14.56
05:49:16       5    3.09    0.00   13.40   36.08    0.00    1.03    0.00   42.27    4.12
05:49:16       6    1.02    0.00    6.12    2.04    0.00    0.00    0.00   69.39   21.43
05:49:16       7    3.03    0.00    8.08   14.14    0.00    0.00    0.00   49.49   25.25

05:49:16     CPU    %usr   %nice    %sys %iowait    %irq   %soft  %steal  %guest   %idle
05:49:17     all    1.53    0.00   11.58    2.67    0.00    3.94    0.00   62.72   17.56
05:49:17       0    2.04    0.00   15.31    1.02    0.00    6.12    0.00   65.31   10.20
05:49:17       1    2.02    0.00   17.17    3.03    0.00    9.09    0.00   44.44   24.24
05:49:17       2    1.05    0.00   11.58    3.16    0.00    2.11    0.00   58.95   23.16
05:49:17       3    1.00    0.00   13.00    0.00    0.00    2.00    0.00   78.00    6.00
05:49:17       4    3.06    0.00    8.16    1.02    0.00    9.18    0.00   51.02   27.55
05:49:17       5    0.00    0.00    2.00    0.00    0.00    0.00    0.00   90.00    8.00
05:49:17       6    1.02    0.00   12.24   14.29    0.00    2.04    0.00   54.08   16.33
05:49:17       7    2.02    0.00   11.11    0.00    0.00    2.02    0.00   58.59   26.26

05:49:17     CPU    %usr   %nice    %sys %iowait    %irq   %soft  %steal  %guest   %idle
05:49:18     all    1.65    0.00    9.00    1.39    0.00    4.44    0.00   63.50   20.03
05:49:18       0    1.00    0.00    5.00    0.00    0.00   10.00    0.00   67.00   17.00
05:49:18       1    0.98    0.00    1.96    0.00    0.00    6.86    0.00   87.25    2.94
05:49:18       2    1.03    0.00    8.25    5.15    0.00    2.06    0.00   59.79   23.71
05:49:18       3    1.02    0.00   12.24    0.00    0.00    6.12    0.00   54.08   26.53
05:49:18       4    5.21    0.00   12.50    1.04    0.00    7.29    0.00   51.04   22.92
05:49:18       5    2.02    0.00   13.13    1.01    0.00    2.02    0.00   62.63   19.19
05:49:18       6    0.00    0.00    7.07    4.04    0.00    1.01    0.00   64.65   23.23
05:49:18       7    2.02    0.00   13.13    0.00    0.00    0.00    0.00   58.59   26.26

05:49:18     CPU    %usr   %nice    %sys %iowait    %irq   %soft  %steal  %guest   %idle
05:49:19     all    1.89    0.00   11.36    0.13    0.00    3.79    0.00   68.94   13.89
05:49:19       0    1.02    0.00   12.24    0.00    0.00    8.16    0.00   53.06   25.51
05:49:19       1    0.00    0.00    8.16    0.00    0.00    5.10    0.00   81.63    5.10
05:49:19       2    3.06    0.00   11.22    0.00    0.00    2.04    0.00   71.43   12.24
05:49:19       3    2.06    0.00   14.43    1.03    0.00    3.09    0.00   71.13    8.25
05:49:19       4    3.06    0.00    9.18    0.00    0.00    9.18    0.00   65.31   13.27
05:49:19       5    1.98    0.00    7.92    0.00    0.00    0.00    0.00   83.17    6.93
05:49:19       6    2.94    0.00   12.75    0.00    0.00    1.96    0.00   64.71   17.65
05:49:19       7    0.00    0.00   16.16    0.00    0.00    0.00    0.00   62.63   21.21

05:49:19     CPU    %usr   %nice    %sys %iowait    %irq   %soft  %steal  %guest   %idle
05:49:20     all    2.01    0.00   11.70    0.00    0.00    4.03    0.00   71.95   10.31
05:49:20       0    5.21    0.00   10.42    1.04    0.00    6.25    0.00   60.42   16.67
05:49:20       1    3.96    0.00   15.84    0.00    0.00    6.93    0.00   53.47   19.80
05:49:20       2    2.97    0.00   11.88    0.00    0.00    3.96    0.00   71.29    9.90
05:49:20       3    3.12    0.00   21.88    0.00    0.00    4.17    0.00   51.04   19.79
05:49:20       4    0.00    0.00    5.00    0.00    0.00   10.00    0.00   85.00    0.00
05:49:20       5    0.00    0.00    4.04    0.00    0.00    0.00    0.00   96.97    0.00
05:49:20       6    0.00    0.00    1.01    0.00    0.00    0.00    0.00   98.99    0.00
05:49:20       7    2.94    0.00   21.57    0.00    0.00    0.98    0.00   57.84   16.67

05:49:20     CPU    %usr   %nice    %sys %iowait    %irq   %soft  %steal  %guest   %idle
05:49:21     all    1.90    0.00   10.66    4.44    0.00    4.06    0.00   63.96   14.97
05:49:21       0    3.03    0.00   12.12    4.04    0.00   13.13    0.00   60.61    7.07
05:49:21       1    2.02    0.00   16.16    4.04    0.00    6.06    0.00   36.36   35.35
05:49:21       2    5.21    0.00   28.12   19.79    0.00    1.04    0.00   28.12   17.71
05:49:21       3    3.00    0.00   12.00    1.00    0.00    3.00    0.00   53.00   28.00
05:49:21       4    0.00    0.00    3.00    0.00    0.00    8.00    0.00   89.00    0.00
05:49:21       5    1.00    0.00    2.00    0.00    0.00    0.00    0.00   97.00    0.00
05:49:21       6    0.00    0.00    2.00    0.00    0.00    0.00    0.00   98.00    0.00
05:49:21       7    2.08    0.00   11.46    6.25    0.00    1.04    0.00   45.83   33.33

05:49:21     CPU    %usr   %nice    %sys %iowait    %irq   %soft  %steal  %guest   %idle
05:49:22     all    2.28    0.00   11.77    2.66    0.00    3.80    0.00   67.34   12.15
05:49:22       0    6.06    0.00   22.22    4.04    0.00    7.07    0.00   36.36   24.24
05:49:22       1    0.00    0.00    4.04    1.01    0.00    6.06    0.00   82.83    6.06
05:49:22       2    4.17    0.00   21.88    1.04    0.00    4.17    0.00   42.71   26.04
05:49:22       3    0.00    0.00    4.04    0.00    0.00    1.01    0.00   95.96    0.00
05:49:22       4    0.00    0.00    3.00    0.00    0.00    8.00    0.00   89.00    0.00
05:49:22       5    0.00    0.00    3.96    0.99    0.00    0.00    0.00   93.07    1.98
05:49:22       6    4.04    0.00   16.16   14.14    0.00    3.03    0.00   57.58    5.05
05:49:22       7    1.04    0.00   21.88    1.04    0.00    0.00    0.00   41.67   34.38

05:49:22     CPU    %usr   %nice    %sys %iowait    %irq   %soft  %steal  %guest   %idle
05:49:23     all    2.02    0.00   10.10    0.88    0.00    3.16    0.00   67.68   16.16
05:49:23       0    8.16    0.00   17.35    1.02    0.00    8.16    0.00   31.63   33.67
05:49:23       1    0.00    0.00    1.00    0.00    0.00    5.00    0.00   94.00    0.00
05:49:23       2    5.10    0.00   18.37    1.02    0.00    4.08    0.00   40.82   30.61
05:49:23       3    0.99    0.00    0.99    0.00    0.00    2.97    0.00   95.05    0.00
05:49:23       4    0.99    0.00    1.98    0.00    0.00    4.95    0.00   92.08    0.00
05:49:23       5    3.06    0.00   20.41    3.06    0.00    1.02    0.00   34.69   37.76
05:49:23       6    3.06    0.00   18.37    0.00    0.00    1.02    0.00   48.98   28.57
05:49:23       7    0.00    0.00    2.00    0.00    0.00    0.00    0.00   98.00    0.00

05:49:23     CPU    %usr   %nice    %sys %iowait    %irq   %soft  %steal  %guest   %idle
05:49:24     all    1.64    0.00    9.58    0.25    0.00    3.78    0.00   63.43   21.31
05:49:24       0    3.06    0.00    7.14    0.00    0.00    9.18    0.00   63.27   17.35
05:49:24       1    0.00    0.00    9.00    0.00    0.00    4.00    0.00   86.00    1.00
05:49:24       2    2.00    0.00   17.00    0.00    0.00    5.00    0.00   38.00   38.00
05:49:24       3    2.02    0.00   12.12    1.01    0.00    4.04    0.00   57.58   23.23
05:49:24       4    0.00    0.00    3.03    0.00    0.00    3.03    0.00   94.95    0.00
05:49:24       5    1.01    0.00   13.13    1.01    0.00    2.02    0.00   33.33   49.49
05:49:24       6    3.19    0.00   14.89    0.00    0.00    2.13    0.00   37.23   42.55
05:49:24       7    0.00    0.00    0.98    0.00    0.00    0.00    0.00   98.04    0.98

05:49:24     CPU    %usr   %nice    %sys %iowait    %irq   %soft  %steal  %guest   %idle
05:49:25     all    2.04    0.00    9.67    0.13    0.00    3.69    0.00   72.52   11.96
05:49:25       0    6.45    0.00   13.98    1.08    0.00   15.05    0.00   38.71   24.73
05:49:25       1    0.00    0.00    2.02    0.00    0.00    6.06    0.00   91.92    0.00
05:49:25       2    3.12    0.00   11.46    0.00    0.00    2.08    0.00   69.79   13.54
05:49:25       3    1.00    0.00   12.00    0.00    0.00    2.00    0.00   63.00   22.00
05:49:25       4    1.01    0.00   14.14    0.00    0.00    5.05    0.00   75.76    4.04
05:49:25       5    0.00    0.00    1.01    0.00    0.00    0.00    0.00  100.00    0.00
05:49:25       6    5.05    0.00   19.19    1.01    0.00    0.00    0.00   53.54   21.21
05:49:25       7    0.99    0.00    2.97    0.00    0.00    0.99    0.00   84.16   10.89

05:49:25     CPU    %usr   %nice    %sys %iowait    %irq   %soft  %steal  %guest   %idle
05:49:26     all    2.15    0.00    8.60   13.78    0.00    3.16    0.00   50.32   22.00
05:49:26       0    3.09    0.00    6.19   10.31    0.00    9.28    0.00   49.48   21.65
05:49:26       1    0.00    0.00    4.00   11.00    0.00    6.00    0.00   58.00   21.00
05:49:26       2    2.91    0.00    6.80   28.16    0.00    1.94    0.00   55.34    4.85
05:49:26       3    3.06    0.00    6.12    0.00    0.00    2.04    0.00   66.33   22.45
05:49:26       4    3.03    0.00   19.19    1.01    0.00    4.04    0.00   43.43   29.29
05:49:26       5    2.08    0.00    4.17   52.08    0.00    1.04    0.00   36.46    4.17
05:49:26       6    2.00    0.00    8.00    1.00    0.00    1.00    0.00   53.00   35.00
05:49:26       7    2.00    0.00   14.00    8.00    0.00    0.00    0.00   39.00   37.00

05:49:26     CPU    %usr   %nice    %sys %iowait    %irq   %soft  %steal  %guest   %idle
05:49:27     all    2.97    0.00    7.49    4.65    0.00    3.75    0.00   36.95   44.19
05:49:27       0    9.89    0.00   15.38    0.00    0.00    8.79    0.00   15.38   50.55
05:49:27       1    3.03    0.00    4.04    2.02    0.00    7.07    0.00   66.67   17.17
05:49:27       2    2.17    0.00    7.61   10.87    0.00    3.26    0.00   23.91   52.17
05:49:27       3    3.03    0.00    8.08    0.00    0.00    5.05    0.00   38.38   45.45
05:49:27       4    3.09    0.00    6.19    2.06    0.00    5.15    0.00   34.02   49.48
05:49:27       5    1.01    0.00    7.07    4.04    0.00    0.00    0.00   37.37   50.51
05:49:27       6    1.02    0.00    7.14    6.12    0.00    0.00    0.00   43.88   41.84
05:49:27       7    1.01    0.00    6.06   12.12    0.00    0.00    0.00   32.32   48.48

05:49:27     CPU    %usr   %nice    %sys %iowait    %irq   %soft  %steal  %guest   %idle
05:49:28     all    3.07    0.00    9.97    0.13    0.00    6.39    0.00   51.28   29.16
05:49:28       0    6.19    0.00   15.46    0.00    0.00   16.49    0.00   36.08   25.77
05:49:28       1    1.02    0.00    2.04    0.00    0.00    9.18    0.00   69.39   18.37
05:49:28       2    5.15    0.00   13.40    0.00    0.00    7.22    0.00   37.11   37.11
05:49:28       3    3.12    0.00    7.29    0.00    0.00    6.25    0.00   44.79   38.54
05:49:28       4    4.12    0.00   17.53    0.00    0.00   10.31    0.00   37.11   30.93
05:49:28       5    1.01    0.00    6.06    0.00    0.00    1.01    0.00   62.63   29.29
05:49:28       6    2.04    0.00    9.18    0.00    0.00    1.02    0.00   61.22   26.53
05:49:28       7    1.01    0.00    8.08    0.00    0.00    0.00    0.00   62.63   28.28

05:49:28     CPU    %usr   %nice    %sys %iowait    %irq   %soft  %steal  %guest   %idle
05:49:29     all    2.30    0.00    6.39    0.13    0.00    3.71    0.00   58.57   28.90
05:49:29       0    5.32    0.00   10.64    0.00    0.00   11.70    0.00   32.98   39.36
05:49:29       1    3.09    0.00    6.19    0.00    0.00    7.22    0.00   48.45   35.05
05:49:29       2    2.06    0.00    6.19    0.00    0.00    2.06    0.00   62.89   26.80
05:49:29       3    4.00    0.00    7.00    1.00    0.00    3.00    0.00   54.00   31.00
05:49:29       4    2.00    0.00    4.00    0.00    0.00    5.00    0.00   82.00    7.00
05:49:29       5    1.01    0.00    5.05    0.00    0.00    0.00    0.00   54.55   39.39
05:49:29       6    0.00    0.00    7.92    0.00    0.00    0.99    0.00   73.27   17.82
05:49:29       7    2.11    0.00    5.26    0.00    0.00    0.00    0.00   57.89   34.74

05:49:29     CPU    %usr   %nice    %sys %iowait    %irq   %soft  %steal  %guest   %idle
05:49:30     all    1.77    0.00    6.33    0.25    0.00    2.78    0.00   55.06   33.80
05:49:30       0    3.96    0.00   10.89    0.00    0.00   10.89    0.00   58.42   15.84
05:49:30       1    1.00    0.00    2.00    0.00    0.00    4.00    0.00   57.00   36.00
05:49:30       2    2.04    0.00    8.16    0.00    0.00    2.04    0.00   46.94   40.82
05:49:30       3    1.01    0.00    4.04    0.00    0.00    1.01    0.00   58.59   35.35
05:49:30       4    4.08    0.00    7.14    0.00    0.00    3.06    0.00   34.69   51.02
05:49:30       5    0.00    0.00    9.18    0.00    0.00    1.02    0.00   78.57   11.22
05:49:30       6    0.00    0.00    2.02    0.00    0.00    1.01    0.00   65.66   31.31
05:49:30       7    2.06    0.00    5.15    2.06    0.00    0.00    0.00   40.21   50.52

05:49:30     CPU    %usr   %nice    %sys %iowait    %irq   %soft  %steal  %guest   %idle
05:49:31     all    2.17    0.00   10.96    4.20    0.00    5.22    0.00   59.62   17.83
05:49:31       0    5.26    0.00   17.89    1.05    0.00   15.79    0.00   40.00   20.00
05:49:31       1    1.02    0.00    8.16    0.00    0.00    9.18    0.00   59.18   22.45
05:49:31       2    2.04    0.00   12.24   17.35    0.00    3.06    0.00   59.18    6.12
05:49:31       3    2.02    0.00    7.07    8.08    0.00    5.05    0.00   56.57   21.21
05:49:31       4    2.02    0.00   13.13    1.01    0.00    6.06    0.00   61.62   16.16
05:49:31       5    2.06    0.00   12.37    0.00    0.00    2.06    0.00   58.76   24.74
05:49:31       6    3.00    0.00   14.00    1.00    0.00    0.00    0.00   65.00   17.00
05:49:31       7    1.03    0.00    4.12    3.09    0.00    1.03    0.00   76.29   14.43

05:49:31     CPU    %usr   %nice    %sys %iowait    %irq   %soft  %steal  %guest   %idle
05:49:32     all    1.90    0.00    5.19   11.14    0.00    2.78    0.00   62.78   16.20
05:49:32       0    4.08    0.00    5.10    7.14    0.00    6.12    0.00   56.12   21.43
05:49:32       1    2.08    0.00    8.33   26.04    0.00    5.21    0.00   35.42   22.92
05:49:32       2    1.02    0.00    2.04   16.33    0.00    2.04    0.00   68.37   10.20
05:49:32       3    1.02    0.00    1.02    6.12    0.00    2.04    0.00   64.29   25.51
05:49:32       4    0.99    0.00    9.90    5.94    0.00    3.96    0.00   70.30    8.91
05:49:32       5    0.00    0.00    5.10    8.16    0.00    1.02    0.00   70.41   15.31
05:49:32       6    3.09    0.00    5.15   10.31    0.00    0.00    0.00   55.67   25.77
05:49:32       7    0.00    0.00    4.95   10.89    0.00    0.00    0.00   84.16    0.00

05:49:32     CPU    %usr   %nice    %sys %iowait    %irq   %soft  %steal  %guest   %idle
05:49:33     all    2.41    0.00    6.23    0.76    0.13    2.92    0.00   48.28   39.26
05:49:33       0    6.19    0.00   14.43    0.00    0.00    5.15    0.00   19.59   54.64
05:49:33       1    3.12    0.00    5.21    3.12    0.00    6.25    0.00   50.00   32.29
05:49:33       2    1.00    0.00    6.00    1.00    0.00    2.00    0.00   38.00   52.00
05:49:33       3    4.04    0.00    7.07    1.01    0.00    3.03    0.00   38.38   46.46
05:49:33       4    2.06    0.00    4.12    0.00    0.00    7.22    0.00   41.24   45.36
05:49:33       5    1.94    0.00    5.83    0.00    0.00    0.97    0.00   68.93   22.33
05:49:33       6    2.00    0.00    3.00    2.00    0.00    0.00    0.00   70.00   23.00
05:49:33       7    1.01    0.00    4.04    0.00    0.00    0.00    0.00   55.56   39.39

05:49:33     CPU    %usr   %nice    %sys %iowait    %irq   %soft  %steal  %guest   %idle
05:49:34     all    2.02    0.00    6.31    0.88    0.00    4.42    0.00   56.19   30.18
05:49:34       0    2.06    0.00    9.28    0.00    0.00   11.34    0.00   51.55   25.77
05:49:34       1    2.08    0.00    4.17    3.12    0.00   11.46    0.00   36.46   42.71
05:49:34       2    0.99    0.00    4.95    0.00    0.00    2.97    0.00   85.15    5.94
05:49:34       3    2.04    0.00    6.12    0.00    0.00    3.06    0.00   69.39   19.39
05:49:34       4    3.96    0.00   12.87    0.99    0.00    4.95    0.00   45.54   31.68
05:49:34       5    0.00    0.00    4.12    1.03    0.00    0.00    0.00   41.24   53.61
05:49:34       6    1.00    0.00    6.00    1.00    0.00    2.00    0.00   66.00   24.00
05:49:34       7    1.02    0.00    3.06    1.02    0.00    0.00    0.00   56.12   38.78

05:49:34     CPU    %usr   %nice    %sys %iowait    %irq   %soft  %steal  %guest   %idle
05:49:35     all    2.20    0.00    9.34    1.30    0.00    4.67    0.00   50.97   31.52
05:49:35       0    5.38    0.00   16.13    4.30    0.00   12.90    0.00   32.26   29.03
05:49:35       1    1.03    0.00   11.34    2.06    0.00    9.28    0.00   44.33   31.96
05:49:35       2    7.00    0.00   13.00    2.00    0.00    4.00    0.00   41.00   33.00
05:49:35       3    2.02    0.00    5.05    0.00    0.00    4.04    0.00   66.67   22.22
05:49:35       4    3.12    0.00    8.33    2.08    0.00    7.29    0.00   48.96   30.21
05:49:35       5    0.00    0.00    4.17    0.00    0.00    0.00    0.00   64.58   31.25
05:49:35       6    1.05    0.00    8.42    0.00    0.00    1.05    0.00   52.63   36.84
05:49:35       7    1.01    0.00    7.07    2.02    0.00    0.00    0.00   53.54   36.36

05:49:35     CPU    %usr   %nice    %sys %iowait    %irq   %soft  %steal  %guest   %idle
05:49:36     all    4.16    0.00   12.09    1.69    0.00    6.76    0.00   45.25   30.04
05:49:36       0   13.04    0.00   18.48    7.61    0.00   20.65    0.00   17.39   22.83
05:49:36       1    3.26    0.00   13.04    0.00    0.00   10.87    0.00   38.04   34.78
05:49:36       2    4.21    0.00   13.68    1.05    0.00    6.32    0.00   35.79   38.95
05:49:36       3    3.09    0.00    9.28    1.03    0.00    5.15    0.00   52.58   28.87
05:49:36       4    5.21    0.00   17.71    2.08    0.00   10.42    0.00   37.50   27.08
05:49:36       5    2.02    0.00   10.10    1.01    0.00    0.00    0.00   56.57   30.30
05:49:36       6    3.03    0.00    9.09    1.01    0.00    1.01    0.00   50.51   35.35
05:49:36       7    2.00    0.00    8.00    0.00    0.00    0.00    0.00   69.00   21.00

05:49:36     CPU    %usr   %nice    %sys %iowait    %irq   %soft  %steal  %guest   %idle
05:49:37     all    3.30    0.00    8.76    0.51    0.00    4.57    0.00   33.50   49.37
05:49:37       0    8.08    0.00   16.16    1.01    0.00   13.13    0.00   13.13   48.48
05:49:37       1    1.05    0.00    8.42    0.00    0.00    9.47    0.00   31.58   49.47
05:49:37       2    4.04    0.00    8.08    1.01    0.00    4.04    0.00   31.31   51.52
05:49:37       3    3.03    0.00    7.07    0.00    0.00    3.03    0.00   29.29   57.58
05:49:37       4    3.96    0.00   14.85    0.99    0.00    5.94    0.00   25.74   48.51
05:49:37       5    1.04    0.00    2.08    0.00    0.00    0.00    0.00   44.79   52.08
05:49:37       6    1.00    0.00    9.00    0.00    0.00    0.00    0.00   40.00   50.00
05:49:37       7    2.06    0.00    3.09    0.00    0.00    0.00    0.00   54.64   40.21

05:49:37     CPU    %usr   %nice    %sys %iowait    %irq   %soft  %steal  %guest   %idle
05:49:38     all    2.80    0.00    8.52    0.89    0.00    4.83    0.00   36.39   46.56
05:49:38       0    5.32    0.00   12.77    0.00    0.00   13.83    0.00   21.28   46.81
05:49:38       1    4.08    0.00   10.20    1.02    0.00    8.16    0.00   25.51   51.02
05:49:38       2    1.03    0.00    7.22    0.00    0.00    3.09    0.00   45.36   43.30
05:49:38       3    1.98    0.00    7.92    3.96    0.00    4.95    0.00   27.72   53.47
05:49:38       4    6.00    0.00   10.00    1.00    0.00    9.00    0.00   29.00   45.00
05:49:38       5    1.03    0.00    6.19    0.00    0.00    0.00    0.00   38.14   54.64
05:49:38       6    0.99    0.00    7.92    0.00    0.00    0.99    0.00   51.49   38.61
05:49:38       7    1.05    0.00    5.26    0.00    0.00    0.00    0.00   53.68   40.00

05:49:38     CPU    %usr   %nice    %sys %iowait    %irq   %soft  %steal  %guest   %idle
05:49:39     all    3.19    0.00   12.50    0.77    0.00    5.74    0.00   36.99   40.82
05:49:39       0    8.42    0.00   14.74    2.11    0.00   12.63    0.00   22.11   40.00
05:49:39       1    3.09    0.00   16.49    0.00    0.00   14.43    0.00   26.80   39.18
05:49:39       2    1.96    0.00   11.76    1.96    0.00    2.94    0.00   42.16   39.22
05:49:39       3    2.08    0.00   12.50    0.00    0.00    5.21    0.00   36.46   43.75
05:49:39       4    7.84    0.00   17.65    0.00    0.00   10.78    0.00   23.53   40.20
05:49:39       5    1.04    0.00    7.29    2.08    0.00    0.00    0.00   44.79   44.79
05:49:39       6    1.01    0.00   11.11    0.00    0.00    0.00    0.00   49.49   38.38
05:49:39       7    0.98    0.00   10.78    0.98    0.00    0.00    0.00   47.06   40.20

05:49:39     CPU    %usr   %nice    %sys %iowait    %irq   %soft  %steal  %guest   %idle
05:49:40     all    3.99    0.00   12.74    1.16    0.00    4.25    0.00   43.37   34.49
05:49:40       0    6.52    0.00   15.22    0.00    0.00   10.87    0.00   33.70   33.70
05:49:40       1    9.89    0.00   16.48    1.10    0.00   13.19    0.00   15.38   43.96
05:49:40       2    5.88    0.00   15.69    0.00    0.00    1.96    0.00   36.27   40.20
05:49:40       3    2.04    0.00   12.24    2.04    0.00    1.02    0.00   46.94   35.71
05:49:40       4    6.32    0.00   14.74    0.00    0.00    8.42    0.00   32.63   37.89
05:49:40       5    0.00    0.00   10.10    2.02    0.00    0.00    0.00   51.52   36.36
05:49:40       6    0.99    0.00    9.90    1.98    0.00    0.99    0.00   64.36   21.78
05:49:40       7    1.02    0.00    7.14    1.02    0.00    0.00    0.00   63.27   27.55

05:49:40     CPU    %usr   %nice    %sys %iowait    %irq   %soft  %steal  %guest   %idle
05:49:41     all    4.45    0.00   11.56   12.07    0.00    6.10    0.00   39.52   26.30
05:49:41       0   10.53    0.00   16.84   12.63    0.00   12.63    0.00   22.11   25.26
05:49:41       1    7.07    0.00   17.17    1.01    0.00   14.14    0.00   24.24   36.36
05:49:41       2    5.00    0.00   16.00    1.00    0.00    7.00    0.00   38.00   33.00
05:49:41       3    2.06    0.00    6.19   26.80    0.00    4.12    0.00   41.24   19.59
05:49:41       4    4.21    0.00   13.68   23.16    0.00    9.47    0.00   31.58   17.89
05:49:41       5    3.09    0.00    7.22   35.05    0.00    0.00    0.00   50.52    4.12
05:49:41       6    2.97    0.00    6.93    0.00    0.00    0.00    0.00   51.49   38.61
05:49:41       7    0.00    0.00    8.74    0.00    0.00    0.00    0.00   56.31   34.95

05:49:41     CPU    %usr   %nice    %sys %iowait    %irq   %soft  %steal  %guest   %idle
05:49:42     all    5.32    0.00   14.42    3.51    0.00    6.88    0.00   43.51   26.36
05:49:42       0   10.20    0.00   14.29   10.20    0.00   16.33    0.00   30.61   18.37
05:49:42       1   10.00    0.00   15.56    7.78    0.00   15.56    0.00   24.44   26.67
05:49:42       2    7.14    0.00   12.24    7.14    0.00    5.10    0.00   42.86   25.51
05:49:42       3    5.21    0.00   10.42    0.00    0.00    5.21    0.00   51.04   28.12
05:49:42       4    7.45    0.00   17.02    0.00    0.00   14.89    0.00   26.60   34.04
05:49:42       5    1.00    0.00   14.00    1.00    0.00    1.00    0.00   54.00   29.00
05:49:42       6    1.02    0.00   19.39    0.00    0.00    0.00    0.00   58.16   21.43
05:49:42       7    1.03    0.00   12.37    0.00    0.00    0.00    0.00   58.76   27.84
