Linux 3.2.0-39-generic (loadgen168) 	02/08/2013 	_x86_64_	(8 CPU)

05:49:18     CPU    %usr   %nice    %sys %iowait    %irq   %soft  %steal  %guest   %idle
05:49:19     all    0.38    0.00    0.63    0.38    0.00    0.00    0.00    0.75   97.87
05:49:19       0    0.00    0.00    0.00    1.01    0.00    0.00    0.00    0.00   98.99
05:49:19       1    0.00    0.00    0.00    0.00    0.00    0.00    0.00    0.00  100.00
05:49:19       2    1.98    0.00    1.98    0.99    0.00    0.00    0.00    0.99   94.06
05:49:19       3    1.00    0.00    1.00    0.00    0.00    0.00    0.00    0.00   98.00
05:49:19       4    0.00    0.00    0.99    0.99    0.00    0.00    0.00    0.99   97.03
05:49:19       5    0.00    0.00    1.02    0.00    0.00    0.00    0.00    0.00   98.98
05:49:19       6    0.00    0.00    0.00    1.01    0.00    0.00    0.00    4.04   95.96
05:49:19       7    0.00    0.00    0.00    0.00    0.00    0.00    0.00    0.00  100.00

05:49:19     CPU    %usr   %nice    %sys %iowait    %irq   %soft  %steal  %guest   %idle
05:49:20     all    0.00    0.00    0.38    0.13    0.00    0.00    0.00    0.75   98.75
05:49:20       0    0.00    0.00    0.00    0.00    0.00    0.00    0.00    1.00   99.00
05:49:20       1    0.00    0.00    0.00    0.00    0.00    0.00    0.00    0.00  100.00
05:49:20       2    0.00    0.00    0.00    0.00    0.00    0.00    0.00    4.00   96.00
05:49:20       3    0.00    0.00    0.99    0.00    0.00    0.00    0.00    0.00   99.01
05:49:20       4    0.00    0.00    0.00    1.01    0.00    0.00    0.00    0.00   98.99
05:49:20       5    0.00    0.00    0.00    0.00    0.00    0.00    0.00    0.00  100.00
05:49:20       6    1.00    0.00    0.00    0.00    0.00    0.00    0.00    0.00   99.00
05:49:20       7    0.99    0.00    1.98    0.00    0.00    0.00    0.00    0.00   97.03

05:49:20     CPU    %usr   %nice    %sys %iowait    %irq   %soft  %steal  %guest   %idle
05:49:21     all    0.38    0.00    0.63    0.38    0.00    0.00    0.00    0.25   98.37
05:49:21       0    0.00    0.00    0.00    1.01    0.00    0.00    0.00    0.00   98.99
05:49:21       1    0.00    0.00    0.00    1.98    0.00    0.00    0.00    0.00   98.02
05:49:21       2    0.00    0.00    0.00    0.00    0.00    0.00    0.00    0.00  100.00
05:49:21       3    0.00    0.00    0.00    0.00    0.00    0.00    0.00    0.00  100.00
05:49:21       4    0.00    0.00    0.00    0.00    0.00    0.00    0.00    0.00  100.00
05:49:21       5    3.00    0.00    1.00    0.00    0.00    0.00    0.00    0.00   96.00
05:49:21       6    0.00    0.00    0.00    0.00    0.00    0.00    0.00    2.02   98.99
05:49:21       7    0.00    0.00    4.04    0.00    0.00    0.00    0.00    0.00   95.96

05:49:21     CPU    %usr   %nice    %sys %iowait    %irq   %soft  %steal  %guest   %idle
05:49:22     all    0.13    0.00    0.38    0.25    0.00    0.00    0.00    0.13   99.12
05:49:22       0    0.00    0.00    0.00    2.02    0.00    0.00    0.00    1.01   96.97
05:49:22       1    0.00    0.00    0.00    0.00    0.00    0.00    0.00    0.00  100.00
05:49:22       2    0.00    0.00    0.00    0.00    0.00    0.00    0.00    0.00  100.00
05:49:22       3    0.00    0.00    0.00    0.00    0.00    0.00    0.00    0.00  100.00
05:49:22       4    0.00    0.00    0.00    0.00    0.00    0.00    0.00    0.00  100.00
05:49:22       5    0.00    0.00    0.00    0.00    0.00    0.00    0.00    0.00  100.00
05:49:22       6    0.99    0.00    0.99    0.00    0.00    0.00    0.00    0.00   98.02
05:49:22       7    0.00    0.00    2.02    0.00    0.00    0.00    0.00    0.00   97.98

05:49:22     CPU    %usr   %nice    %sys %iowait    %irq   %soft  %steal  %guest   %idle
05:49:23     all    0.12    0.00    0.37    0.50    0.00    0.00    0.00    0.50   98.50
05:49:23       0    0.00    0.00    0.00    1.01    0.00    0.00    0.00    1.01   97.98
05:49:23       1    0.00    0.00    0.00    0.00    0.00    0.00    0.00    0.00  100.00
05:49:23       2    0.00    0.00    0.00    0.00    0.00    0.00    0.00    1.01  100.00
05:49:23       3    0.99    0.00    0.00    0.00    0.00    0.00    0.00    0.00   99.01
05:49:23       4    1.00    0.00    0.00    1.00    0.00    0.00    0.00    0.00   98.00
05:49:23       5    0.00    0.00    0.00    0.00    0.00    0.00    0.00    0.00  100.00
05:49:23       6    0.00    0.00    0.00    0.00    0.00    0.00    0.00    2.00   99.00
05:49:23       7    0.00    0.00    2.97    0.00    0.00    0.00    0.00    0.00   97.03

05:49:23     CPU    %usr   %nice    %sys %iowait    %irq   %soft  %steal  %guest   %idle
05:49:24     all    0.13    0.00    0.25    0.13    0.00    0.00    0.00    0.25   99.25
05:49:24       0    0.00    0.00    0.00    2.00    0.00    0.00    0.00    0.00   98.00
05:49:24       1    0.00    0.00    0.00    0.00    0.00    0.00    0.00    0.00  100.00
05:49:24       2    1.00    0.00    0.00    0.00    0.00    0.00    0.00    1.00   98.00
05:49:24       3    0.00    0.00    0.99    0.00    0.00    0.00    0.00    0.00   99.01
05:49:24       4    1.00    0.00    0.00    0.00    0.00    0.00    0.00    0.00   99.00
05:49:24       5    0.00    0.00    0.00    0.00    0.00    0.00    0.00    0.00  100.00
05:49:24       6    0.00    0.00    0.00    0.00    0.00    0.00    0.00    1.00   99.00
05:49:24       7    1.02    0.00    1.02    0.00    0.00    0.00    0.00    0.00   97.96

05:49:24     CPU    %usr   %nice    %sys %iowait    %irq   %soft  %steal  %guest   %idle
05:49:25     all    0.25    0.00    0.38    0.50    0.00    0.00    0.00    0.13   98.75
05:49:25       0    0.00    0.00    0.00    1.98    0.00    0.00    0.00    0.99   97.03
05:49:25       1    0.00    0.00    0.00    0.00    0.00    0.00    0.00    0.00  100.00
05:49:25       2    0.00    0.00    0.00    0.00    0.00    0.00    0.00    1.01  100.00
05:49:25       3    1.00    0.00    0.00    0.00    0.00    0.00    0.00    0.00   99.00
05:49:25       4    0.00    0.00    0.00    2.00    0.00    0.00    0.00    1.00   98.00
05:49:25       5    0.00    0.00    0.00    0.00    0.00    0.00    0.00    0.00  100.00
05:49:25       6    0.00    0.00    0.00    0.00    0.00    0.00    0.00    0.00  100.00
05:49:25       7    0.98    0.00    2.94    0.00    0.00    0.00    0.00    0.00   96.08

05:49:25     CPU    %usr   %nice    %sys %iowait    %irq   %soft  %steal  %guest   %idle
05:49:26     all    0.00    0.00    0.50    0.00    0.00    0.13    0.00    1.38   97.99
05:49:26       0    1.02    0.00    0.00    0.00    0.00    0.00    0.00    1.02   97.96
05:49:26       1    0.00    0.00    0.00    0.00    0.00    0.00    0.00    0.00  100.00
05:49:26       2    0.99    0.00    0.00    0.99    0.00    0.00    0.00    2.97   95.05
05:49:26       3    0.00    0.00    0.99    0.00    0.00    0.00    0.00    0.00   99.01
05:49:26       4    0.00    0.00    0.00    0.00    0.00    0.00    0.00    3.00   97.00
05:49:26       5    0.00    0.00    0.00    0.00    0.00    0.00    0.00    0.00  100.00
05:49:26       6    0.00    0.00    1.00    0.00    0.00    0.00    0.00    2.00   97.00
05:49:26       7    0.00    0.00    3.03    0.00    0.00    0.00    0.00    0.00   96.97

05:49:26     CPU    %usr   %nice    %sys %iowait    %irq   %soft  %steal  %guest   %idle
05:49:27     all    0.13    0.00    0.38    0.63    0.00    0.00    0.00    0.25   98.62
05:49:27       0    0.00    0.00    0.00    2.02    0.00    0.00    0.00    1.01   96.97
05:49:27       1    0.00    0.00    0.00    0.00    0.00    0.00    0.00    0.00  100.00
05:49:27       2    0.00    0.00    0.00    1.02    0.00    0.00    0.00    1.02   98.98
05:49:27       3    0.00    0.00    0.00    0.00    0.00    0.00    0.00    0.00  100.00
05:49:27       4    0.00    0.00    1.00    0.00    0.00    0.00    0.00    1.00   98.00
05:49:27       5    0.00    0.00    0.00    0.00    0.00    0.00    0.00    0.00  100.00
05:49:27       6    0.00    0.00    0.00    0.00    0.00    0.00    0.00    1.01   98.99
05:49:27       7    0.00    0.00    2.00    0.00    0.00    0.00    0.00    0.00   98.00

05:49:27     CPU    %usr   %nice    %sys %iowait    %irq   %soft  %steal  %guest   %idle
05:49:28     all    0.00    0.00    0.76    0.00    0.00    0.00    0.00    1.51   97.73
05:49:28       0    0.00    0.00    0.00    0.00    0.00    0.00    0.00    2.04   97.96
05:49:28       1    0.00    0.00    0.00    0.00    0.00    0.00    0.00    0.00  100.00
05:49:28       2    2.00    0.00    1.00    0.00    0.00    0.00    0.00    2.00   95.00
05:49:28       3    0.00    0.00    0.00    0.00    0.00    0.00    0.00    0.00  100.00
05:49:28       4    0.00    0.00    0.00    0.00    0.00    0.00    0.00    2.04   97.96
05:49:28       5    0.00    0.00    0.00    0.00    0.00    0.00    0.00    0.00  100.00
05:49:28       6    1.00    0.00    0.00    1.00    0.00    0.00    0.00    4.00   94.00
05:49:28       7    0.00    0.00    3.03    0.00    0.00    0.00    0.00    0.00   96.97

05:49:28     CPU    %usr   %nice    %sys %iowait    %irq   %soft  %steal  %guest   %idle
05:49:29     all    0.13    0.00    0.50    0.13    0.00    0.00    0.00    1.00   98.25
05:49:29       0    0.00    0.00    1.00    0.00    0.00    0.00    0.00    1.00   98.00
05:49:29       1    0.00    0.00    2.02    0.00    0.00    0.00    0.00    0.00   97.98
05:49:29       2    0.00    0.00    0.00    0.00    0.00    0.00    0.00    0.00  100.00
05:49:29       3    0.00    0.00    0.99    0.00    0.00    0.00    0.00    2.97   96.04
05:49:29       4    0.00    0.00    0.00    0.00    0.00    0.00    0.00    1.00   99.00
05:49:29       5    0.00    0.00    0.00    0.00    0.00    0.00    0.00    2.02   97.98
05:49:29       6    0.00    0.00    0.00    0.00    0.00    0.00    0.00    1.01  100.00
05:49:29       7    0.00    0.00    0.00    0.00    0.00    0.00    0.00    2.00   98.00

05:49:29     CPU    %usr   %nice    %sys %iowait    %irq   %soft  %steal  %guest   %idle
05:49:30     all    1.26    0.00    1.14    0.76    0.00    0.00    0.00    3.29   93.55
05:49:30       0    0.00    0.00    0.00    5.15    0.00    1.03    0.00    6.19   87.63
05:49:30       1    2.00    0.00    2.00    0.00    0.00    0.00    0.00    0.00   96.00
05:49:30       2    4.08    0.00    2.04    0.00    0.00    1.02    0.00    4.08   88.78
05:49:30       3    3.00    0.00    2.00    0.00    0.00    0.00    0.00    0.00   95.00
05:49:30       4    0.00    0.00    2.00    1.00    0.00    0.00    0.00    7.00   90.00
05:49:30       5    0.00    0.00    1.00    0.00    0.00    0.00    0.00    1.00   98.00
05:49:30       6    0.00    0.00    1.01    1.01    0.00    0.00    0.00    8.08   89.90
05:49:30       7    0.00    0.00    0.00    0.00    0.00    0.00    0.00    0.00  100.00

05:49:30     CPU    %usr   %nice    %sys %iowait    %irq   %soft  %steal  %guest   %idle
05:49:31     all    1.40    0.00    1.92    0.89    0.00    0.00    0.00   16.60   79.18
05:49:31       0    0.00    0.00    1.00    1.00    0.00    0.00    0.00   39.00   59.00
05:49:31       1    1.02    0.00    3.06    2.04    0.00    0.00    0.00    0.00   93.88
05:49:31       2    0.00    0.00    0.00    0.00    0.00    0.00    0.00   37.50   62.50
05:49:31       3    3.03    0.00    1.01    0.00    0.00    0.00    0.00    0.00   95.96
05:49:31       4    1.01    0.00    3.03    0.00    0.00    0.00    0.00   19.19   76.77
05:49:31       5    4.00    0.00    2.00    0.00    0.00    0.00    0.00    0.00   94.00
05:49:31       6    3.23    0.00    2.15    0.00    0.00    0.00    0.00   37.63   56.99
05:49:31       7    2.02    0.00    3.03    2.02    0.00    0.00    0.00    0.00   92.93

05:49:31     CPU    %usr   %nice    %sys %iowait    %irq   %soft  %steal  %guest   %idle
05:49:32     all    1.26    0.00    1.51    0.25    0.00    0.25    0.00   33.46   63.27
05:49:32       0    0.00    0.00    1.01    0.00    0.00    0.00    0.00   79.80   20.20
05:49:32       1    2.04    0.00    2.04    0.00    0.00    1.02    0.00   16.33   78.57
05:49:32       2    1.96    0.00    0.98    0.00    0.00    0.00    0.00   41.18   55.88
05:49:32       3    1.00    0.00    3.00    1.00    0.00    0.00    0.00    0.00   95.00
05:49:32       4    0.00    0.00    0.00    0.00    0.00    0.00    0.00   61.46   39.58
05:49:32       5    0.00    0.00    0.00    1.03    0.00    0.00    0.00   12.37   86.60
05:49:32       6    0.00    0.00    1.02    0.00    0.00    0.00    0.00   59.18   40.82
05:49:32       7    6.06    0.00    3.03    0.00    0.00    0.00    0.00    0.00   90.91

05:49:32     CPU    %usr   %nice    %sys %iowait    %irq   %soft  %steal  %guest   %idle
05:49:33     all    1.39    0.00    1.52    0.00    0.00    0.00    0.00   42.41   54.68
05:49:33       0    0.00    0.00    0.00    0.00    0.00    0.00    0.00    5.05   94.95
05:49:33       1    0.00    0.00    2.00    1.00    0.00    0.00    0.00   24.00   74.00
05:49:33       2    1.02    0.00    1.02    0.00    0.00    0.00    0.00    0.00   97.96
05:49:33       3    1.02    0.00    2.04    0.00    0.00    0.00    0.00   72.45   24.49
05:49:33       4    0.00    0.00    1.98    0.00    0.00    0.00    0.00   96.04    1.98
05:49:33       5    0.00    0.00    2.02    0.00    0.00    0.00    0.00   48.48   49.49
05:49:33       6    1.01    0.00    1.01    0.00    0.00    0.00    0.00   90.91    7.07
05:49:33       7    8.08    0.00    4.04    0.00    0.00    0.00    0.00    0.00   87.88

05:49:33     CPU    %usr   %nice    %sys %iowait    %irq   %soft  %steal  %guest   %idle
05:49:34     all    1.13    0.00    2.39    0.75    0.00    0.00    0.00   41.89   53.84
05:49:34       0    0.99    0.00    0.99    0.00    0.00    0.99    0.00   81.19   15.84
05:49:34       1    1.00    0.00    4.00    0.00    0.00    0.00    0.00    0.00   95.00
05:49:34       2    1.01    0.00    0.00    1.01    0.00    0.00    0.00    8.08   89.90
05:49:34       3    0.00    0.00    3.03    0.00    0.00    0.00    0.00   93.94    3.03
05:49:34       4    3.00    0.00    1.00    3.00    0.00    0.00    0.00    3.00   90.00
05:49:34       5    4.00    0.00    4.00    0.00    0.00    0.00    0.00   40.00   52.00
05:49:34       6    0.00    0.00    2.04    1.02    0.00    0.00    0.00   71.43   26.53
05:49:34       7    1.02    0.00    3.06    0.00    0.00    0.00    0.00   37.76   58.16

05:49:34     CPU    %usr   %nice    %sys %iowait    %irq   %soft  %steal  %guest   %idle
05:49:35     all    0.63    0.00    2.14    0.88    0.00    0.00    0.00   38.04   58.31
05:49:35       0    0.00    0.00    3.06    1.02    0.00    0.00    0.00   64.29   31.63
05:49:35       1    2.00    0.00    3.00    1.00    0.00    0.00    0.00    0.00   94.00
05:49:35       2    0.00    0.00    3.96    0.00    0.00    0.00    0.00   49.50   46.53
05:49:35       3    0.00    0.00    1.98    0.00    0.00    0.00    0.00   86.14   11.88
05:49:35       4    2.02    0.00    1.01    1.01    0.00    0.00    0.00   37.37   58.59
05:49:35       5    2.04    0.00    2.04    1.02    0.00    0.00    0.00    0.00   94.90
05:49:35       6    1.00    0.00    0.00    4.00    0.00    0.00    0.00    0.00   95.00
05:49:35       7    0.00    0.00    2.00    0.00    0.00    0.00    0.00   64.00   34.00

05:49:35     CPU    %usr   %nice    %sys %iowait    %irq   %soft  %steal  %guest   %idle
05:49:36     all    1.39    0.00    1.64    0.25    0.00    0.00    0.00   34.76   61.96
05:49:36       0    0.00    0.00    2.02    0.00    0.00    0.00    0.00   85.86   13.13
05:49:36       1    1.00    0.00    3.00    1.00    0.00    0.00    0.00    0.00   95.00
05:49:36       2    3.03    0.00    1.01    0.00    0.00    0.00    0.00   11.11   84.85
05:49:36       3    0.00    0.00    2.00    0.00    0.00    0.00    0.00   84.00   14.00
05:49:36       4    0.00    0.00    0.00    1.02    0.00    0.00    0.00   35.71   63.27
05:49:36       5    6.00    0.00    3.00    1.00    0.00    0.00    0.00    0.00   90.00
05:49:36       6    0.00    0.00    0.00    0.00    0.00    0.00    0.00   14.29   86.73
05:49:36       7    0.00    0.00    1.01    0.00    0.00    0.00    0.00   49.49   49.49

05:49:36     CPU    %usr   %nice    %sys %iowait    %irq   %soft  %steal  %guest   %idle
05:49:37     all    1.01    0.00    2.39    0.63    0.00    0.00    0.00   37.91   58.06
05:49:37       0    1.00    0.00    3.00    0.00    0.00    0.00    0.00   86.00   10.00
05:49:37       1    0.00    0.00    2.04    1.02    0.00    0.00    0.00    0.00   96.94
05:49:37       2    0.00    0.00    1.00    1.00    0.00    0.00    0.00    0.00   98.00
05:49:37       3    3.03    0.00    4.04    0.00    0.00    0.00    0.00   58.59   34.34
05:49:37       4    1.01    0.00    1.01    2.02    0.00    0.00    0.00    0.00   95.96
05:49:37       5    4.04    0.00    5.05    0.00    0.00    0.00    0.00    7.07   83.84
05:49:37       6    0.00    0.00    1.01    1.01    0.00    0.00    0.00   75.76   22.22
05:49:37       7    1.00    0.00    3.00    0.00    0.00    0.00    0.00   73.00   23.00

05:49:37     CPU    %usr   %nice    %sys %iowait    %irq   %soft  %steal  %guest   %idle
05:49:38     all    0.76    0.00    1.64    0.50    0.00    0.25    0.00   24.09   72.76
05:49:38       0    1.00    0.00    2.00    3.00    0.00    1.00    0.00    8.00   85.00
05:49:38       1    1.02    0.00    1.02    0.00    0.00    0.00    0.00    2.04   95.92
05:49:38       2    0.00    0.00    0.00    0.00    0.00    0.00    0.00   33.33   67.71
05:49:38       3    0.99    0.00    0.99    0.00    0.00    0.00    0.00   73.27   24.75
05:49:38       4    4.95    0.00    3.96    0.00    0.00    0.00    0.00   16.83   74.26
05:49:38       5    0.00    0.00    2.04    0.00    0.00    0.00    0.00    6.12   91.84
05:49:38       6    1.02    0.00    1.02    0.00    0.00    0.00    0.00   29.59   68.37
05:49:38       7    0.00    0.00    1.01    0.00    0.00    0.00    0.00   22.22   76.77

05:49:38     CPU    %usr   %nice    %sys %iowait    %irq   %soft  %steal  %guest   %idle
05:49:39     all    1.51    0.00    1.89    0.88    0.00    0.00    0.00   11.95   83.77
05:49:39       0    0.00    0.00    1.00    1.00    0.00    0.00    0.00   20.00   78.00
05:49:39       1    0.00    0.00    2.00    3.00    0.00    0.00    0.00   12.00   84.00
05:49:39       2    6.00    0.00    4.00    2.00    0.00    0.00    0.00    1.00   87.00
05:49:39       3    2.00    0.00    3.00    0.00    0.00    0.00    0.00   12.00   83.00
05:49:39       4    0.00    0.00    2.06    0.00    0.00    0.00    0.00   43.30   55.67
05:49:39       5    2.02    0.00    1.01    0.00    0.00    0.00    0.00    3.03   93.94
05:49:39       6    0.00    0.00    1.01    1.01    0.00    0.00    0.00    6.06   92.93
05:49:39       7    1.02    0.00    2.04    0.00    0.00    0.00    0.00    0.00   96.94

05:49:39     CPU    %usr   %nice    %sys %iowait    %irq   %soft  %steal  %guest   %idle
05:49:40     all    1.01    0.00    1.52    0.51    0.00    0.00    0.00    6.83   90.14
05:49:40       0    0.00    0.00    1.01    0.00    0.00    0.00    0.00   15.15   83.84
05:49:40       1    2.06    0.00    1.03    1.03    0.00    0.00    0.00    0.00   95.88
05:49:40       2    0.00    0.00    0.00    0.00    0.00    0.00    0.00    2.04   97.96
05:49:40       3    3.96    0.00    3.96    0.00    0.00    0.00    0.00    0.99   91.09
05:49:40       4    0.98    0.00    0.98    1.96    0.00    0.00    0.00   13.73   82.35
05:49:40       5    0.00    0.00    1.00    0.00    0.00    0.00    0.00    3.00   96.00
05:49:40       6    0.00    0.00    0.00    2.04    0.00    0.00    0.00   13.27   84.69
05:49:40       7    3.00    0.00    3.00    0.00    0.00    0.00    0.00    8.00   86.00

05:49:40     CPU    %usr   %nice    %sys %iowait    %irq   %soft  %steal  %guest   %idle
05:49:41     all    1.39    0.00    1.26    0.13    0.00    0.00    0.00    0.63   96.60
05:49:41       0    0.00    0.00    1.02    0.00    0.00    0.00    0.00    0.00   98.98
05:49:41       1    0.00    0.00    1.00    0.00    0.00    0.00    0.00    0.00   99.00
05:49:41       2    4.12    0.00    1.03    1.03    0.00    0.00    0.00    1.03   92.78
05:49:41       3    3.03    0.00    2.02    0.00    0.00    0.00    0.00    0.00   94.95
05:49:41       4    0.00    0.00    2.00    0.00    0.00    0.00    0.00    1.00   97.00
05:49:41       5    3.03    0.00    0.00    0.00    0.00    0.00    0.00    0.00   96.97
05:49:41       6    0.00    0.00    0.00    0.00    0.00    0.00    0.00    1.00   99.00
05:49:41       7    0.00    0.00    3.03    0.00    0.00    0.00    0.00    0.00   96.97

05:49:41     CPU    %usr   %nice    %sys %iowait    %irq   %soft  %steal  %guest   %idle
05:49:42     all    1.27    0.00    2.91    0.00    0.00    0.00    0.00   25.19   70.63
05:49:42       0    1.00    0.00    2.00    0.00    0.00    0.00    0.00   43.00   54.00
05:49:42       1    3.06    0.00    3.06    0.00    0.00    0.00    0.00   24.49   69.39
05:49:42       2    0.00    0.00    4.12    0.00    0.00    0.00    0.00   57.73   38.14
05:49:42       3    2.00    0.00    2.00    0.00    0.00    0.00    0.00    0.00   96.00
05:49:42       4    0.00    0.00    3.03    0.00    0.00    0.00    0.00   18.18   78.79
05:49:42       5    2.02    0.00    3.03    0.00    0.00    0.00    0.00   18.18   76.77
05:49:42       6    1.03    0.00    3.09    0.00    0.00    0.00    0.00   41.24   54.64
05:49:42       7    2.00    0.00    3.00    0.00    0.00    0.00    0.00    0.00   95.00

05:49:42     CPU    %usr   %nice    %sys %iowait    %irq   %soft  %steal  %guest   %idle
05:49:43     all    0.89    0.00    2.15    0.76    0.00    0.00    0.00   38.35   57.85
05:49:43       0    0.00    0.00    1.01    2.02    0.00    0.00    0.00   10.10   86.87
05:49:43       1    0.00    0.00    2.04    0.00    0.00    0.00    0.00    9.18   88.78
05:49:43       2    0.00    0.00    2.04    1.02    0.00    0.00    0.00   67.35   29.59
05:49:43       3    0.00    0.00    2.02    0.00    0.00    0.00    0.00    1.01   97.98
05:49:43       4    0.00    0.00    1.00    0.00    0.00    0.00    0.00   89.00   10.00
05:49:43       5    4.04    0.00    3.03    0.00    0.00    0.00    0.00   38.38   54.55
05:49:43       6    0.00    0.00    4.08    1.02    0.00    0.00    0.00   76.53   18.37
05:49:43       7    4.00    0.00    3.00    2.00    0.00    0.00    0.00   15.00   76.00

05:49:43     CPU    %usr   %nice    %sys %iowait    %irq   %soft  %steal  %guest   %idle
05:49:44     all    2.01    0.00    3.40    0.25    0.00    0.00    0.00   40.75   53.58
05:49:44       0    0.00    0.00    1.03    0.00    0.00    0.00    0.00    2.06   96.91
05:49:44       1    5.05    0.00    6.06    0.00    0.00    0.00    0.00   59.60   29.29
05:49:44       2    1.98    0.00    3.96    0.99    0.00    0.00    0.00   39.60   53.47
05:49:44       3    3.03    0.00    5.05    0.00    0.00    0.00    0.00    0.00   91.92
05:49:44       4    1.01    0.00    4.04    0.00    0.00    0.00    0.00   80.81   14.14
05:49:44       5    5.05    0.00    3.03    0.00    0.00    0.00    0.00   13.13   78.79
05:49:44       6    0.00    0.00    1.03    0.00    0.00    0.00    0.00   62.89   37.11
05:49:44       7    0.00    0.00    2.00    0.00    0.00    0.00    0.00   69.00   29.00

05:49:44     CPU    %usr   %nice    %sys %iowait    %irq   %soft  %steal  %guest   %idle
05:49:45     all    2.53    0.00    2.03    0.38    0.00    0.00    0.00   45.95   49.11
05:49:45       0    0.00    0.00    0.00    3.03    0.00    0.00    0.00    1.01   96.97
05:49:45       1    0.00    0.00    1.01    0.00    0.00    0.00    0.00   89.90    9.09
05:49:45       2    3.03    0.00    1.01    0.00    0.00    0.00    0.00    0.00   95.96
05:49:45       3    9.00    0.00    3.00    0.00    0.00    0.00    0.00    0.00   88.00
05:49:45       4    0.00    0.00    1.98    0.00    0.00    0.00    0.00   90.10    7.92
05:49:45       5    0.00    0.00    2.02    0.00    0.00    0.00    0.00   88.89    9.09
05:49:45       6    0.00    0.00    2.00    0.00    0.00    0.00    0.00   95.00    3.00
05:49:45       7    9.18    0.00    6.12    0.00    0.00    0.00    0.00    0.00   84.69

05:49:45     CPU    %usr   %nice    %sys %iowait    %irq   %soft  %steal  %guest   %idle
05:49:46     all    0.13    0.00    2.51    0.38    0.00    0.00    0.00   34.92   62.06
05:49:46       0    2.00    0.00    0.00    1.00    0.00    0.00    0.00    0.00   97.00
05:49:46       1    0.00    0.00    1.01    0.00    0.00    0.00    0.00   27.27   71.72
05:49:46       2    0.00    0.00    0.00    0.00    0.00    0.00    0.00    0.00  100.00
05:49:46       3    1.00    0.00    1.00    0.00    0.00    0.00    0.00    0.00   98.00
05:49:46       4    0.00    0.00    7.22    0.00    0.00    0.00    0.00   85.57    8.25
05:49:46       5    0.00    0.00    0.00    0.00    0.00    0.00    0.00   74.49   26.53
05:49:46       6    0.99    0.00    8.91    0.00    0.00    0.00    0.00   74.26   15.84
05:49:46       7    0.00    0.00    2.02    1.01    0.00    0.00    0.00   19.19   77.78

05:49:46     CPU    %usr   %nice    %sys %iowait    %irq   %soft  %steal  %guest   %idle
05:49:47     all    0.13    0.00    0.76    0.50    0.00    0.13    0.00   12.48   86.00
05:49:47       0    0.00    0.00    0.00    1.02    0.00    0.00    0.00   10.20   88.78
05:49:47       1    0.00    0.00    2.04    0.00    0.00    0.00    0.00    0.00   97.96
05:49:47       2    1.00    0.00    1.00    1.00    0.00    0.00    0.00    5.00   92.00
05:49:47       3    0.00    0.00    0.00    0.00    0.00    0.00    0.00    0.00  100.00
05:49:47       4    1.00    0.00    1.00    0.00    0.00    0.00    0.00   23.00   75.00
05:49:47       5    0.00    0.00    1.00    0.00    0.00    0.00    0.00   17.00   82.00
05:49:47       6    0.00    0.00    1.02    2.04    0.00    0.00    0.00   29.59   68.37
05:49:47       7    0.00    0.00    0.00    1.01    0.00    0.00    0.00   16.16   82.83

05:49:47     CPU    %usr   %nice    %sys %iowait    %irq   %soft  %steal  %guest   %idle
05:49:48     all    0.00    0.00    0.76    0.25    0.00    0.00    0.00   24.21   74.78
05:49:48       0    0.00    0.00    1.00    1.00    0.00    1.00    0.00   60.00   37.00
05:49:48       1    0.00    0.00    3.00    1.00    0.00    0.00    0.00    0.00   96.00
05:49:48       2    0.00    0.00    1.01    0.00    0.00    0.00    0.00   40.40   58.59
05:49:48       3    0.00    0.00    0.00    0.00    0.00    0.00    0.00    0.00  100.00
05:49:48       4    0.00    0.00    0.00    0.00    0.00    0.00    0.00   39.58   60.42
05:49:48       5    0.00    0.00    0.00    0.00    0.00    0.00    0.00    0.00  100.00
05:49:48       6    0.99    0.00    0.99    0.00    0.00    0.00    0.00   52.48   45.54
05:49:48       7    0.00    0.00    0.00    0.00    0.00    0.00    0.00    0.00  100.00

05:49:48     CPU    %usr   %nice    %sys %iowait    %irq   %soft  %steal  %guest   %idle
05:49:49     all    0.12    0.00    0.50    0.25    0.00    0.00    0.00   28.38   70.75
05:49:49       0    0.00    0.00    0.00    0.00    0.00    0.00    0.00   12.12   88.89
05:49:49       1    1.01    0.00    1.01    0.00    0.00    0.00    0.00   31.31   66.67
05:49:49       2    0.00    0.00    0.00    1.98    0.00    0.00    0.00    8.91   89.11
05:49:49       3    0.00    0.00    1.01    0.00    0.00    0.00    0.00    3.03   95.96
05:49:49       4    0.00    0.00    0.00    0.00    0.00    0.00    0.00   58.42   41.58
05:49:49       5    0.00    0.00    0.00    0.00    0.00    0.00    0.00   19.19   80.81
05:49:49       6    0.00    0.00    0.00    0.00    0.00    0.00    0.00   90.91    9.09
05:49:49       7    0.98    0.00    0.98    0.00    0.00    0.00    0.00    2.94   95.10

05:49:49     CPU    %usr   %nice    %sys %iowait    %irq   %soft  %steal  %guest   %idle
05:49:50     all    0.13    0.00    0.51    0.25    0.00    0.00    0.00   24.37   74.75
05:49:50       0    1.00    0.00    1.00    1.00    0.00    0.00    0.00   11.00   86.00
05:49:50       1    0.00    0.00    0.00    1.01    0.00    0.00    0.00   16.16   82.83
05:49:50       2    0.00    0.00    0.00    0.00    0.00    0.00    0.00    1.01   98.99
05:49:50       3    0.00    0.00    0.00    0.00    0.00    0.00    0.00   51.02   48.98
05:49:50       4    0.00    0.00    1.02    0.00    0.00    0.00    0.00   36.73   63.27
05:49:50       5    0.00    0.00    0.00    0.00    0.00    0.00    0.00   12.12   87.88
05:49:50       6    0.00    0.00    1.00    0.00    0.00    0.00    0.00   60.00   39.00
05:49:50       7    0.00    0.00    1.02    0.00    0.00    0.00    0.00    9.18   90.82

05:49:50     CPU    %usr   %nice    %sys %iowait    %irq   %soft  %steal  %guest   %idle
05:49:51     all    0.25    0.00    0.63    0.38    0.00    0.00    0.00   20.40   78.34
05:49:51       0    0.00    0.00    0.00    0.00    0.00    0.00    0.00    2.02   98.99
05:49:51       1    0.00    0.00    1.00    2.00    0.00    0.00    0.00   36.00   61.00
05:49:51       2    0.00    0.00    0.00    0.00    0.00    0.00    0.00   24.24   75.76
05:49:51       3    1.00    0.00    0.00    0.00    0.00    0.00    0.00   19.00   80.00
05:49:51       4    0.00    0.00    0.99    0.99    0.00    0.00    0.00   29.70   68.32
05:49:51       5    2.02    0.00    0.00    0.00    0.00    0.00    0.00    0.00   97.98
05:49:51       6    0.00    0.00    0.00    0.00    0.00    0.00    0.00   51.52   48.48
05:49:51       7    1.00    0.00    4.00    0.00    0.00    0.00    0.00    0.00   95.00

05:49:51     CPU    %usr   %nice    %sys %iowait    %irq   %soft  %steal  %guest   %idle
05:49:52     all    0.13    0.00    0.63    0.88    0.00    0.00    0.00    9.57   88.79
05:49:52       0    1.02    0.00    1.02    3.06    0.00    0.00    0.00    3.06   91.84
05:49:52       1    0.00    0.00    1.02    0.00    0.00    0.00    0.00   19.39   80.61
05:49:52       2    0.00    0.00    1.00    0.00    0.00    0.00    0.00   20.00   79.00
05:49:52       3    0.00    0.00    0.00    2.00    0.00    0.00    0.00    0.00   98.00
05:49:52       4    1.00    0.00    0.00    1.00    0.00    0.00    0.00   18.00   80.00
05:49:52       5    0.00    0.00    0.00    0.00    0.00    0.00    0.00    0.00  100.00
05:49:52       6    0.00    0.00    0.00    0.00    0.00    0.00    0.00   16.49   84.54
05:49:52       7    0.00    0.00    1.02    0.00    0.00    0.00    0.00    0.00   98.98

05:49:52     CPU    %usr   %nice    %sys %iowait    %irq   %soft  %steal  %guest   %idle
05:49:53     all    0.13    0.00    0.75    0.25    0.00    0.00    0.00   22.89   75.97
05:49:53       0    0.00    0.00    1.00    1.00    0.00    0.00    0.00   70.00   28.00
05:49:53       1    0.00    0.00    3.00    1.00    0.00    0.00    0.00    0.00   96.00
05:49:53       2    0.00    0.00    0.00    0.00    0.00    0.00    0.00   26.80   73.20
05:49:53       3    0.00    0.00    0.00    0.00    0.00    0.00    0.00    0.00  100.00
05:49:53       4    0.00    0.00    1.00    1.00    0.00    0.00    0.00   54.00   45.00
05:49:53       5    0.00    0.00    0.00    0.00    0.00    0.00    0.00    0.00  100.00
05:49:53       6    1.00    0.00    0.00    0.00    0.00    0.00    0.00   33.00   66.00
05:49:53       7    0.00    0.00    0.00    0.00    0.00    0.00    0.00    0.00  100.00

05:49:53     CPU    %usr   %nice    %sys %iowait    %irq   %soft  %steal  %guest   %idle
05:49:54     all    0.25    0.00    0.63    0.75    0.00    0.13    0.00   11.19   87.04
05:49:54       0    0.00    0.00    0.99    1.98    0.00    0.99    0.00   23.76   72.28
05:49:54       1    1.02    0.00    1.02    1.02    0.00    0.00    0.00    0.00   96.94
05:49:54       2    0.00    0.00    1.05    1.05    0.00    0.00    0.00   10.53   87.37
05:49:54       3    0.00    0.00    1.00    1.00    0.00    0.00    0.00    0.00   98.00
05:49:54       4    1.00    0.00    1.00    0.00    0.00    0.00    0.00   28.00   70.00
05:49:54       5    0.00    0.00    0.00    0.00    0.00    0.00    0.00    0.00  100.00
05:49:54       6    0.00    0.00    1.00    0.00    0.00    0.00    0.00   26.00   73.00
05:49:54       7    0.99    0.00    0.00    0.99    0.00    0.00    0.00    0.00   98.02

05:49:54     CPU    %usr   %nice    %sys %iowait    %irq   %soft  %steal  %guest   %idle
05:49:55     all    0.13    0.00    0.50    0.25    0.00    0.00    0.00    1.63   97.49
05:49:55       0    1.00    0.00    1.00    0.00    0.00    0.00    0.00    0.00   98.00
05:49:55       1    0.99    0.00    0.00    2.97    0.00    0.00    0.00    0.00   96.04
05:49:55       2    0.00    0.00    0.00    0.00    0.00    0.00    0.00    6.00   94.00
05:49:55       3    1.00    0.00    2.00    0.00    0.00    0.00    0.00    0.00   97.00
05:49:55       4    0.00    0.00    1.00    0.00    0.00    0.00    0.00    3.00   96.00
05:49:55       5    0.00    0.00    0.00    0.00    0.00    0.00    0.00    0.00  100.00
05:49:55       6    0.00    0.00    0.00    0.00    0.00    0.00    0.00    4.00   96.00
05:49:55       7    0.00    0.00    0.00    0.00    0.00    0.00    0.00    0.00  100.00

05:49:55     CPU    %usr   %nice    %sys %iowait    %irq   %soft  %steal  %guest   %idle
05:49:56     all    0.25    0.00    0.63    0.38    0.00    0.00    0.00    5.56   93.18
05:49:56       0    0.00    0.00    1.01    0.00    0.00    0.00    0.00   12.12   87.88
05:49:56       1    0.00    0.00    0.00    1.01    0.00    0.00    0.00    0.00   98.99
05:49:56       2    1.02    0.00    1.02    0.00    0.00    0.00    0.00    8.16   89.80
05:49:56       3    0.00    0.00    0.00    1.01    0.00    0.00    0.00    1.01   97.98
05:49:56       4    0.00    0.00    1.01    0.00    0.00    0.00    0.00    8.08   90.91
05:49:56       5    0.00    0.00    2.00    1.00    0.00    0.00    0.00    0.00   97.00
05:49:56       6    0.00    0.00    0.00    0.00    0.00    0.00    0.00   14.14   85.86
05:49:56       7    1.01    0.00    1.01    0.00    0.00    0.00    0.00    0.00   97.98

05:49:56     CPU    %usr   %nice    %sys %iowait    %irq   %soft  %steal  %guest   %idle
05:49:57     all    0.13    0.00    0.50    0.13    0.00    0.00    0.00    6.17   93.07
05:49:57       0    1.01    0.00    0.00    0.00    0.00    0.00    0.00   12.12   86.87
05:49:57       1    0.00    0.00    0.00    1.00    0.00    0.00    0.00    1.00   98.00
05:49:57       2    0.00    0.00    0.00    0.00    0.00    0.00    0.00   10.10   90.91
05:49:57       3    0.00    0.00    0.00    0.00    0.00    0.00    0.00    0.00  100.00
05:49:57       4    0.00    0.00    0.00    0.00    0.00    0.00    0.00   21.00   79.00
05:49:57       5    0.00    0.00    0.00    0.00    0.00    0.00    0.00    0.00  100.00
05:49:57       6    0.00    0.00    1.01    0.00    0.00    0.00    0.00    6.06   92.93
05:49:57       7    0.00    0.00    3.03    0.00    0.00    0.00    0.00    0.00   96.97

05:49:57     CPU    %usr   %nice    %sys %iowait    %irq   %soft  %steal  %guest   %idle
05:49:58     all    0.00    0.00    0.63    0.00    0.00    0.00    0.00    0.75   98.62
05:49:58       0    0.00    0.00    1.00    0.00    0.00    0.00    0.00    1.00   99.00
05:49:58       1    0.00    0.00    0.00    0.00    0.00    0.00    0.00    0.00  100.00
05:49:58       2    1.00    0.00    0.00    0.00    0.00    0.00    0.00    0.00   99.00
05:49:58       3    0.00    0.00    0.00    0.00    0.00    0.00    0.00    0.00  100.00
05:49:58       4    0.00    0.00    0.00    0.00    0.00    0.00    0.00    3.03   96.97
05:49:58       5    0.00    0.00    0.00    0.00    0.00    0.00    0.00    0.00  100.00
05:49:58       6    0.00    0.00    0.99    0.00    0.00    0.00    0.00    0.99   98.02
05:49:58       7    0.00    0.00    3.00    0.00    0.00    0.00    0.00    0.00   97.00

05:49:58     CPU    %usr   %nice    %sys %iowait    %irq   %soft  %steal  %guest   %idle
05:49:59     all    0.00    0.00    0.62    0.50    0.00    0.00    0.00    6.50   92.38
05:49:59       0    0.00    0.00    1.00    0.00    0.00    0.00    0.00    5.00   94.00
05:49:59       1    1.00    0.00    2.00    2.00    0.00    0.00    0.00    1.00   94.00
05:49:59       2    0.00    0.00    0.00    0.00    0.00    0.00    0.00   24.00   77.00
05:49:59       3    0.00    0.00    0.00    0.00    0.00    0.00    0.00    0.00  100.00
05:49:59       4    0.00    0.00    0.00    0.99    0.00    0.00    0.00   12.87   86.14
05:49:59       5    0.00    0.00    1.01    0.00    0.00    0.00    0.00    0.00   98.99
05:49:59       6    0.00    0.00    1.00    0.00    0.00    0.00    0.00    9.00   90.00
05:49:59       7    0.00    0.00    0.00    0.00    0.00    0.00    0.00    0.00  100.00

05:49:59     CPU    %usr   %nice    %sys %iowait    %irq   %soft  %steal  %guest   %idle
05:50:00     all    0.25    0.00    0.38    0.25    0.00    0.00    0.00    0.50   98.62
05:50:00       0    0.99    0.00    0.00    0.00    0.00    0.00    0.00    0.00   99.01
05:50:00       1    1.01    0.00    2.02    2.02    0.00    0.00    0.00    0.00   94.95
05:50:00       2    1.00    0.00    1.00    0.00    0.00    0.00    0.00    0.00   98.00
05:50:00       3    0.00    0.00    0.00    0.00    0.00    0.00    0.00    0.00  100.00
05:50:00       4    0.00    0.00    0.00    0.00    0.00    0.00    0.00    1.00   99.00
05:50:00       5    1.01    0.00    0.00    0.00    0.00    0.00    0.00    0.00   98.99
05:50:00       6    0.00    0.00    0.00    0.00    0.00    0.00    0.00    1.00   99.00
05:50:00       7    0.00    0.00    0.00    0.00    0.00    0.00    0.00    0.99   99.01

05:50:00     CPU    %usr   %nice    %sys %iowait    %irq   %soft  %steal  %guest   %idle
05:50:01     all    0.51    0.00    0.38    0.76    0.00    0.00    0.00    1.39   96.97
05:50:01       0    0.00    0.00    1.00    1.00    0.00    0.00    0.00    7.00   92.00
05:50:01       1    0.00    0.00    2.02    3.03    0.00    0.00    0.00    0.00   94.95
05:50:01       2    0.00    0.00    0.00    0.00    0.00    0.00    0.00    2.00   98.00
05:50:01       3    0.00    0.00    0.00    0.00    0.00    0.00    0.00    0.00  100.00
05:50:01       4    0.00    0.00    0.00    0.00    0.00    0.00    0.00    2.04   97.96
05:50:01       5    4.04    0.00    0.00    0.00    0.00    0.00    0.00    0.00   95.96
05:50:01       6    0.00    0.00    0.00    1.02    0.00    0.00    0.00    1.02   97.96
05:50:01       7    0.00    0.00    0.00    1.01    0.00    0.00    0.00    0.00   98.99

05:50:01     CPU    %usr   %nice    %sys %iowait    %irq   %soft  %steal  %guest   %idle
05:50:02     all    0.00    0.00    0.50    0.13    0.00    0.00    0.00    0.63   98.75
05:50:02       0    1.01    0.00    0.00    0.00    0.00    0.00    0.00    2.02   96.97
05:50:02       1    0.00    0.00    0.00    0.00    0.00    0.00    0.00    1.01   98.99
05:50:02       2    0.00    0.00    0.00    0.00    0.00    0.00    0.00    0.00  100.00
05:50:02       3    0.00    0.00    3.03    0.00    0.00    0.00    0.00    0.00   96.97
05:50:02       4    0.00    0.00    0.00    0.00    0.00    0.00    0.00    1.00   99.00
05:50:02       5    0.00    0.00    0.00    0.00    0.00    0.00    0.00    0.00  100.00
05:50:02       6    0.00    0.00    0.00    0.00    0.00    0.00    0.00    1.00   99.00
05:50:02       7    0.00    0.00    0.00    0.00    0.00    0.00    0.00    0.00  100.00

05:50:02     CPU    %usr   %nice    %sys %iowait    %irq   %soft  %steal  %guest   %idle
05:50:03     all    0.13    0.00    0.38    0.50    0.00    0.00    0.00    0.38   98.62
05:50:03       0    0.00    0.00    0.00    0.00    0.00    0.00    0.00    1.00  100.00
05:50:03       1    0.00    0.00    0.99    3.96    0.00    0.00    0.00    0.00   95.05
05:50:03       2    0.00    0.00    0.00    0.00    0.00    0.00    0.00    1.00   99.00
05:50:03       3    0.00    0.00    2.02    1.01    0.00    0.00    0.00    0.00   96.97
05:50:03       4    0.00    0.00    0.00    0.00    0.00    0.00    0.00    0.00  100.00
05:50:03       5    0.00    0.00    0.00    0.00    0.00    0.00    0.00    0.00  100.00
05:50:03       6    0.99    0.00    0.00    0.00    0.00    0.00    0.00    0.00   99.01
05:50:03       7    0.00    0.00    0.00    0.00    0.00    0.00    0.00    0.00  100.00

05:50:03     CPU    %usr   %nice    %sys %iowait    %irq   %soft  %steal  %guest   %idle
05:50:04     all    0.13    0.00    0.63    0.50    0.00    0.00    0.00    0.25   98.49
05:50:04       0    0.00    0.00    0.00    0.00    0.00    0.00    0.00    0.00  100.00
05:50:04       1    0.00    0.00    0.00    2.04    0.00    0.00    0.00    0.00   97.96
05:50:04       2    0.00    0.00    0.00    0.00    0.00    0.00    0.00    0.00  100.00
05:50:04       3    1.00    0.00    3.00    1.00    0.00    0.00    0.00    0.00   95.00
05:50:04       4    0.00    0.00    0.00    0.00    0.00    0.00    0.00    0.99   99.01
05:50:04       5    0.00    0.00    1.01    0.00    0.00    0.00    0.00    0.00   98.99
05:50:04       6    0.00    0.00    0.00    0.00    0.00    0.00    0.00    2.00   99.00
05:50:04       7    0.00    0.00    0.99    0.99    0.00    0.00    0.00    0.00   98.02
