Linux 3.2.0-39-generic (loadgen165) 	02/08/2013 	_x86_64_	(8 CPU)

05:48:49     CPU    %usr   %nice    %sys %iowait    %irq   %soft  %steal  %guest   %idle
05:48:50     all    3.21    0.00    9.36   11.54    0.00    6.03    0.00   51.41   18.46
05:48:50       0    9.78    0.00   16.30   30.43    0.00   19.57    0.00   15.22    8.70
05:48:50       1    1.08    0.00    9.68   22.58    0.00    2.15    0.00   54.84    9.68
05:48:50       2    4.95    0.00   14.85    5.94    0.00   10.89    0.00   30.69   32.67
05:48:50       3    1.02    0.00    7.14    1.02    0.00    4.08    0.00   66.33   20.41
05:48:50       4    3.00    0.00    6.00    4.00    0.00    1.00    0.00   51.00   35.00
05:48:50       5    2.08    0.00    6.25   12.50    0.00   10.42    0.00   63.54    5.21
05:48:50       6    2.00    0.00    6.00    7.00    0.00    1.00    0.00   58.00   26.00
05:48:50       7    1.01    0.00    8.08   12.12    0.00    0.00    0.00   71.72    7.07

05:48:50     CPU    %usr   %nice    %sys %iowait    %irq   %soft  %steal  %guest   %idle
05:48:51     all    2.11    0.00   15.14   14.52    0.00    3.60    0.00   46.15   18.49
05:48:51       0    4.04    0.00   22.22   18.18    0.00   15.15    0.00   21.21   19.19
05:48:51       1    2.04    0.00   14.29   12.24    0.00    1.02    0.00   57.14   13.27
05:48:51       2    5.00    0.00   12.00   11.00    0.00    6.00    0.00   34.00   32.00
05:48:51       3    3.00    0.00   16.00   17.00    0.00    1.00    0.00   56.00    7.00
05:48:51       4    0.99    0.00   13.86   28.71    0.00    0.00    0.00   39.60   16.83
05:48:51       5    3.03    0.00   16.16    1.01    0.00    4.04    0.00   43.43   32.32
05:48:51       6    0.00    0.00   12.26   25.47    0.00    0.00    0.00   47.17   15.09
05:48:51       7    0.00    0.00   14.56    1.94    0.00    0.00    0.00   68.93   14.56

05:48:51     CPU    %usr   %nice    %sys %iowait    %irq   %soft  %steal  %guest   %idle
05:48:52     all    3.60    0.00   12.30   15.78    0.00    4.97    0.00   44.72   18.63
05:48:52       0    9.28    0.00   18.56   24.74    0.00   17.53    0.00   15.46   14.43
05:48:52       1    0.00    0.00    8.82   13.73    0.00    0.98    0.00   55.88   20.59
05:48:52       2    4.04    0.00   14.14   25.25    0.00   12.12    0.00   29.29   15.15
05:48:52       3    4.08    0.00   10.20   13.27    0.00    2.04    0.00   55.10   15.31
05:48:52       4    3.85    0.00   13.46   38.46    0.00    1.92    0.00   38.46    3.85
05:48:52       5    3.06    0.00   10.20    8.16    0.00    7.14    0.00   46.94   24.49
05:48:52       6    1.96    0.00   10.78    0.98    0.00    0.00    0.00   68.63   17.65
05:48:52       7    3.88    0.00   13.59    0.97    0.00    0.00    0.00   45.63   35.92

05:48:52     CPU    %usr   %nice    %sys %iowait    %irq   %soft  %steal  %guest   %idle
05:48:53     all    3.58    0.00    9.46    0.26    0.00    4.22    0.00   51.66   30.82
05:48:53       0    5.56    0.00   12.22    0.00    0.00   14.44    0.00   27.78   40.00
05:48:53       1    1.96    0.00    6.86    0.00    0.00    0.98    0.00   67.65   22.55
05:48:53       2    3.09    0.00    9.28    1.03    0.00    7.22    0.00   28.87   50.52
05:48:53       3    1.01    0.00    5.05    0.00    0.00    1.01    0.00   80.81   12.12
05:48:53       4    0.99    0.00    6.93    0.99    0.00    0.00    0.00   53.47   37.62
05:48:53       5   10.64    0.00   14.89    1.06    0.00    8.51    0.00   34.04   30.85
05:48:53       6    3.00    0.00    8.00    0.00    0.00    2.00    0.00   57.00   30.00
05:48:53       7    1.98    0.00   12.87    0.99    0.00    0.99    0.00   59.41   23.76

05:48:53     CPU    %usr   %nice    %sys %iowait    %irq   %soft  %steal  %guest   %idle
05:48:54     all    3.11    0.00   11.94    0.62    0.00    4.73    0.00   45.15   34.45
05:48:54       0    7.14    0.00   18.37    1.02    0.00   15.31    0.00   29.59   28.57
05:48:54       1    5.94    0.00   15.84    0.00    0.00    4.95    0.00   26.73   46.53
05:48:54       2    0.98    0.00   13.73    0.98    0.00    6.86    0.00   68.63    8.82
05:48:54       3    3.85    0.00   10.58    1.92    0.00    5.77    0.00   36.54   41.35
05:48:54       4    3.00    0.00    9.00    0.00    0.00    0.00    0.00   54.00   34.00
05:48:54       5    2.91    0.00   13.59    0.00    0.00    3.88    0.00   61.17   18.45
05:48:54       6    3.12    0.00    7.29    1.04    0.00    0.00    0.00   19.79   68.75
05:48:54       7    1.98    0.00    5.94    0.00    0.00    0.99    0.00   60.40   30.69

05:48:54     CPU    %usr   %nice    %sys %iowait    %irq   %soft  %steal  %guest   %idle
05:48:55     all    4.02    0.00   10.18    1.51    0.00    5.15    0.00   47.24   31.91
05:48:55       0    5.10    0.00   11.22    5.10    0.00   14.29    0.00   34.69   29.59
05:48:55       1    2.88    0.00   11.54    0.00    0.00    3.85    0.00   58.65   23.08
05:48:55       2    1.05    0.00    7.37    0.00    0.00    7.37    0.00   56.84   27.37
05:48:55       3    4.00    0.00   12.00    0.00    0.00    5.00    0.00   40.00   39.00
05:48:55       4    3.88    0.00    8.74    1.94    0.00    0.97    0.00   64.08   20.39
05:48:55       5    3.00    0.00   13.00    4.00    0.00    8.00    0.00   47.00   25.00
05:48:55       6    3.12    0.00    6.25    2.08    0.00    1.04    0.00   21.88   65.62
05:48:55       7    5.94    0.00   11.88    0.00    0.00    0.99    0.00   54.46   26.73

05:48:55     CPU    %usr   %nice    %sys %iowait    %irq   %soft  %steal  %guest   %idle
05:48:56     all    4.13    0.00   12.64    6.38    0.00    3.75    0.00   51.44   21.65
05:48:56       0    6.12    0.00   12.24    5.10    0.00   11.22    0.00   44.90   20.41
05:48:56       1    3.96    0.00   14.85    7.92    0.00    2.97    0.00   33.66   36.63
05:48:56       2    4.30    0.00   15.05    7.53    0.00    5.38    0.00   35.48   32.26
05:48:56       3    3.92    0.00   15.69   16.67    0.00    3.92    0.00   41.18   18.63
05:48:56       4    1.00    0.00    6.00    0.00    0.00    0.00    0.00   75.00   18.00
05:48:56       5    2.06    0.00   19.59    8.25    0.00    6.19    0.00   50.52   13.40
05:48:56       6    7.92    0.00   11.88    2.97    0.00    0.00    0.00   48.51   28.71
05:48:56       7    1.00    0.00    5.00    1.00    0.00    0.00    0.00   86.00    7.00

05:48:56     CPU    %usr   %nice    %sys %iowait    %irq   %soft  %steal  %guest   %idle
05:48:57     all    3.28    0.00   13.37    5.42    0.00    4.67    0.00   52.21   21.06
05:48:57       0    6.32    0.00   16.84    1.05    0.00   17.89    0.00   21.05   36.84
05:48:57       1    6.19    0.00   18.56   11.34    0.00    5.15    0.00   36.08   22.68
05:48:57       2    3.96    0.00   11.88   16.83    0.00    3.96    0.00   46.53   16.83
05:48:57       3    4.04    0.00   12.12    0.00    0.00    4.04    0.00   50.51   29.29
05:48:57       4    1.89    0.00   13.21    0.00    0.00    0.94    0.00   47.17   36.79
05:48:57       5    5.00    0.00   18.00   14.00    0.00    6.00    0.00   44.00   13.00
05:48:57       6    1.02    0.00   17.35    0.00    0.00    0.00    0.00   68.37   13.27
05:48:57       7    0.00    0.00    0.99    0.00    0.00    0.00    0.00   99.01    0.00

05:48:57     CPU    %usr   %nice    %sys %iowait    %irq   %soft  %steal  %guest   %idle
05:48:58     all    4.40    0.00   10.94    0.38    0.00    4.78    0.00   57.23   22.26
05:48:58       0    8.42    0.00   18.95    1.05    0.00   14.74    0.00   25.26   31.58
05:48:58       1    1.92    0.00   11.54    0.96    0.00    3.85    0.00   66.35   15.38
05:48:58       2    6.00    0.00   11.00    1.00    0.00    6.00    0.00   43.00   33.00
05:48:58       3    7.14    0.00    7.14    0.00    0.00    6.12    0.00   58.16   21.43
05:48:58       4    3.92    0.00   12.75    0.00    0.00    0.00    0.00   70.59   12.75
05:48:58       5    7.14    0.00   14.29    0.00    0.00    7.14    0.00   41.84   29.59
05:48:58       6    0.99    0.00    8.91    0.00    0.00    1.98    0.00   64.36   23.76
05:48:58       7    0.99    0.00    3.96    0.99    0.00    0.99    0.00   83.17    9.90

05:48:58     CPU    %usr   %nice    %sys %iowait    %irq   %soft  %steal  %guest   %idle
05:48:59     all    4.13    0.00   10.71    4.26    0.00    5.68    0.00   55.74   19.48
05:48:59       0    8.42    0.00   12.63   15.79    0.00   13.68    0.00   42.11    7.37
05:48:59       1    4.08    0.00   10.20    3.06    0.00    5.10    0.00   53.06   24.49
05:48:59       2    1.04    0.00    8.33    2.08    0.00    8.33    0.00   54.17   26.04
05:48:59       3    5.10    0.00   16.33    2.04    0.00    7.14    0.00   41.84   27.55
05:48:59       4    1.06    0.00    7.45    9.57    0.00    0.00    0.00   69.15   12.77
05:48:59       5    5.15    0.00    7.22    0.00    0.00    8.25    0.00   69.07   10.31
05:48:59       6    5.21    0.00   12.50    2.08    0.00    0.00    0.00   54.17   26.04
05:48:59       7    1.03    0.00   10.31    0.00    0.00    1.03    0.00   64.95   22.68

05:48:59     CPU    %usr   %nice    %sys %iowait    %irq   %soft  %steal  %guest   %idle
05:49:00     all    4.19    0.00   10.29    1.91    0.00    4.96    0.00   55.40   23.25
05:49:00       0    5.32    0.00   13.83    2.13    0.00   13.83    0.00   42.55   22.34
05:49:00       1    4.12    0.00    9.28    0.00    0.00    5.15    0.00   70.10   11.34
05:49:00       2    4.04    0.00    9.09    0.00    0.00    7.07    0.00   47.47   32.32
05:49:00       3    2.02    0.00    5.05    0.00    0.00    7.07    0.00   74.75   11.11
05:49:00       4    4.04    0.00   10.10    0.00    0.00    1.01    0.00   54.55   30.30
05:49:00       5    8.25    0.00   15.46    2.06    0.00    6.19    0.00   38.14   29.90
05:49:00       6    5.83    0.00    9.71   10.68    0.00    0.97    0.00   46.60   26.21
05:49:00       7    3.00    0.00    8.00    0.00    0.00    1.00    0.00   67.00   21.00

05:49:00     CPU    %usr   %nice    %sys %iowait    %irq   %soft  %steal  %guest   %idle
05:49:01     all    3.26    0.00   13.68    9.16    0.00    4.64    0.00   46.93   22.33
05:49:01       0    1.00    0.00   16.00    0.00    0.00   11.00    0.00   57.00   15.00
05:49:01       1    3.16    0.00    7.37    0.00    0.00    5.26    0.00   65.26   18.95
05:49:01       2    4.04    0.00   13.13    0.00    0.00    7.07    0.00   53.54   22.22
05:49:01       3    4.04    0.00   16.16   28.28    0.00    4.04    0.00   34.34   13.13
05:49:01       4    1.00    0.00   10.00    5.00    0.00    0.00    0.00   51.00   33.00
05:49:01       5    4.08    0.00   21.43    0.00    0.00    8.16    0.00   30.61   35.71
05:49:01       6    2.97    0.00    9.90    9.90    0.00    0.00    0.00   38.61   38.61
05:49:01       7    6.67    0.00   16.19   28.57    0.00    0.95    0.00   45.71    1.90

05:49:01     CPU    %usr   %nice    %sys %iowait    %irq   %soft  %steal  %guest   %idle
05:49:02     all    3.00    0.00    9.99    4.62    0.00    3.00    0.00   41.07   38.33
05:49:02       0    8.51    0.00   10.64    2.13    0.00    3.19    0.00   32.98   42.55
05:49:02       1    1.01    0.00    5.05    6.06    0.00    2.02    0.00   41.41   44.44
05:49:02       2    0.00    0.00    6.00    1.00    0.00    4.00    0.00   42.00   47.00
05:49:02       3    4.00    0.00   15.00    0.00    0.00    5.00    0.00   28.00   48.00
05:49:02       4    2.97    0.00    6.93    6.93    0.00    0.00    0.00   54.46   28.71
05:49:02       5    2.97    0.00   19.80   14.85    0.00    8.91    0.00   38.61   14.85
05:49:02       6    1.00    0.00    5.00    4.00    0.00    1.00    0.00   54.00   35.00
05:49:02       7    0.93    0.00   12.15    1.87    0.00    0.00    0.00   39.25   45.79

05:49:02     CPU    %usr   %nice    %sys %iowait    %irq   %soft  %steal  %guest   %idle
05:49:03     all    2.80    0.00    6.94    0.12    0.00    1.34    0.00   43.12   45.68
05:49:03       0    6.93    0.00    8.91    0.00    0.00    0.99    0.00   37.62   45.54
05:49:03       1    1.01    0.00    2.02    0.00    0.00    0.00    0.00   84.85   12.12
05:49:03       2    1.83    0.00    4.59    0.00    0.00    3.67    0.00   44.04   45.87
05:49:03       3    2.02    0.00    6.06    0.00    0.00    2.02    0.00   29.29   60.61
05:49:03       4    2.78    0.00    6.48    0.00    0.00    0.00    0.00   44.44   46.30
05:49:03       5    3.06    0.00   11.22    0.00    0.00    4.08    0.00   17.35   64.29
05:49:03       6    1.92    0.00    8.65    0.00    0.00    0.00    0.00   53.85   35.58
05:49:03       7    2.97    0.00    5.94    0.00    0.00    0.99    0.00   31.68   58.42

05:49:03     CPU    %usr   %nice    %sys %iowait    %irq   %soft  %steal  %guest   %idle
05:49:04     all    2.21    0.00    7.49    0.25    0.00    3.07    0.00   38.21   48.77
05:49:04       0    1.92    0.00    7.69    0.96    0.00    5.77    0.00   44.23   39.42
05:49:04       1    1.96    0.00    6.86    0.98    0.00    2.94    0.00   36.27   50.98
05:49:04       2    0.93    0.00    6.54    0.00    0.00    3.74    0.00   39.25   49.53
05:49:04       3    2.08    0.00    9.38    0.00    0.00    4.17    0.00   20.83   63.54
05:49:04       4    1.87    0.00    9.35    0.00    0.00    0.00    0.00   42.99   45.79
05:49:04       5    5.32    0.00    9.57    0.00    0.00    8.51    0.00   18.09   58.51
05:49:04       6    0.96    0.00    4.81    0.00    0.00    0.00    0.00   66.35   27.88
05:49:04       7    2.97    0.00    7.92    0.00    0.00    0.00    0.00   32.67   56.44

05:49:04     CPU    %usr   %nice    %sys %iowait    %irq   %soft  %steal  %guest   %idle
05:49:05     all    3.66    0.00    9.97    4.42    0.00    4.55    0.00   40.91   36.49
05:49:05       0    8.33    0.00   19.79    2.08    0.00   11.46    0.00   16.67   41.67
05:49:05       1    2.08    0.00   11.46   11.46    0.00    6.25    0.00   18.75   50.00
05:49:05       2    5.26    0.00    7.37    5.26    0.00    4.21    0.00   36.84   41.05
05:49:05       3    1.03    0.00    8.25    1.03    0.00    5.15    0.00   68.04   16.49
05:49:05       4    2.91    0.00    5.83    3.88    0.00    0.00    0.00   37.86   49.51
05:49:05       5    7.00    0.00   14.00    1.00    0.00   11.00    0.00   31.00   36.00
05:49:05       6    1.90    0.00    6.67    2.86    0.00    0.00    0.00   58.10   30.48
05:49:05       7    2.02    0.00    6.06    7.07    0.00    0.00    0.00   58.59   26.26

05:49:05     CPU    %usr   %nice    %sys %iowait    %irq   %soft  %steal  %guest   %idle
05:49:06     all    2.71    0.00    8.65   17.16    0.00    4.13    0.00   40.77   26.58
05:49:06       0    2.15    0.00   12.90   35.48    0.00    7.53    0.00   31.18   10.75
05:49:06       1    3.06    0.00    8.16   28.57    0.00    5.10    0.00   35.71   19.39
05:49:06       2    0.99    0.00    8.91    1.98    0.00    4.95    0.00   47.52   35.64
05:49:06       3    2.11    0.00   10.53   15.79    0.00    5.26    0.00   37.89   28.42
05:49:06       4    2.04    0.00    4.08    5.10    0.00    0.00    0.00   58.16   30.61
05:49:06       5    5.32    0.00   12.77    5.32    0.00    8.51    0.00   25.53   42.55
05:49:06       6    1.02    0.00    7.14    9.18    0.00    0.00    0.00   58.16   24.49
05:49:06       7    3.09    0.00    6.19   38.14    0.00    0.00    0.00   31.96   20.62

05:49:06     CPU    %usr   %nice    %sys %iowait    %irq   %soft  %steal  %guest   %idle
05:49:07     all    4.04    0.00   12.48    3.91    0.00    5.04    0.00   50.19   24.34
05:49:07       0    8.70    0.00   16.30    0.00    0.00   13.04    0.00   31.52   30.43
05:49:07       1    4.00    0.00   15.00    9.00    0.00    4.00    0.00   51.00   17.00
05:49:07       2    4.12    0.00   11.34    6.19    0.00    5.15    0.00   44.33   28.87
05:49:07       3    4.12    0.00   13.40    2.06    0.00    6.19    0.00   56.70   17.53
05:49:07       4    4.00    0.00    6.00    3.00    0.00    0.00    0.00   60.00   27.00
05:49:07       5    4.95    0.00   16.83    3.96    0.00   11.88    0.00   35.64   26.73
05:49:07       6    0.00    0.00   11.32    0.94    0.00    0.00    0.00   58.49   29.25
05:49:07       7    2.91    0.00    9.71    6.80    0.00    0.00    0.00   62.14   18.45

05:49:07     CPU    %usr   %nice    %sys %iowait    %irq   %soft  %steal  %guest   %idle
05:49:08     all    4.76    0.00   13.03    0.38    0.00    5.51    0.00   41.10   35.21
05:49:08       0    5.05    0.00   16.16    0.00    0.00   17.17    0.00   31.31   30.30
05:49:08       1    4.08    0.00   12.24    1.02    0.00    8.16    0.00   30.61   43.88
05:49:08       2    2.02    0.00    9.09    0.00    0.00    7.07    0.00   57.58   24.24
05:49:08       3    7.29    0.00   15.62    1.04    0.00    3.12    0.00   29.17   43.75
05:49:08       4    4.72    0.00    7.55    0.00    0.00    0.00    0.00   56.60   31.13
05:49:08       5   11.70    0.00   17.02    1.06    0.00    9.57    0.00   21.28   39.36
05:49:08       6    1.94    0.00   13.59    0.00    0.00    0.00    0.00   57.28   27.18
05:49:08       7    4.90    0.00   12.75    0.98    0.00    0.00    0.00   39.22   42.16

05:49:08     CPU    %usr   %nice    %sys %iowait    %irq   %soft  %steal  %guest   %idle
05:49:09     all    5.03    0.00   10.31    4.12    0.00    5.03    0.00   40.59   34.92
05:49:09       0    4.17    0.00   13.54    0.00    0.00   14.58    0.00   28.12   39.58
05:49:09       1   11.58    0.00    9.47   23.16    0.00    4.21    0.00   36.84   14.74
05:49:09       2    3.26    0.00    7.61    2.17    0.00    5.43    0.00   45.65   35.87
05:49:09       3    8.16    0.00   14.29    0.00    0.00    5.10    0.00   35.71   36.73
05:49:09       4    4.17    0.00    8.33    3.12    0.00    0.00    0.00   42.71   41.67
05:49:09       5    3.09    0.00   15.46    0.00    0.00   10.31    0.00   34.02   37.11
05:49:09       6    0.94    0.00    8.49    2.83    0.00    0.00    0.00   52.83   34.91
05:49:09       7    4.04    0.00    7.07    0.00    0.00    2.02    0.00   47.47   39.39

05:49:09     CPU    %usr   %nice    %sys %iowait    %irq   %soft  %steal  %guest   %idle
05:49:10     all    3.98    0.00   10.93    1.74    0.00    4.35    0.00   34.53   44.47
05:49:10       0    8.70    0.00   16.30    1.09    0.00   13.04    0.00   13.04   47.83
05:49:10       1    3.77    0.00   11.32    5.66    0.00    6.60    0.00   31.13   41.51
05:49:10       2    0.99    0.00    9.90    5.94    0.00    4.95    0.00   38.61   39.60
05:49:10       3    6.73    0.00   13.46    0.00    0.00    3.85    0.00   29.81   46.15
05:49:10       4    0.98    0.00    9.80    0.98    0.00    0.00    0.00   43.14   45.10
05:49:10       5    4.08    0.00   12.24    0.00    0.00    8.16    0.00   29.59   45.92
05:49:10       6    3.96    0.00    5.94    0.00    0.00    0.00    0.00   45.54   44.55
05:49:10       7    1.94    0.00    9.71    1.94    0.00    0.00    0.00   42.72   43.69

05:49:10     CPU    %usr   %nice    %sys %iowait    %irq   %soft  %steal  %guest   %idle
05:49:11     all    4.83    0.00   13.74    5.47    0.00    6.36    0.00   40.97   28.63
05:49:11       0    7.37    0.00   21.05    5.26    0.00   18.95    0.00   25.26   22.11
05:49:11       1    8.33    0.00   11.46    0.00    0.00    7.29    0.00   29.17   43.75
05:49:11       2    4.17    0.00   11.46   14.58    0.00    7.29    0.00   42.71   19.79
05:49:11       3    8.51    0.00   12.77   19.15    0.00    6.38    0.00   27.66   25.53
05:49:11       4    0.97    0.00   11.65    0.97    0.00    0.97    0.00   59.22   26.21
05:49:11       5    2.02    0.00   15.15    2.02    0.00   10.10    0.00   37.37   33.33
05:49:11       6    3.06    0.00   17.35    2.04    0.00    0.00    0.00   55.10   22.45
05:49:11       7    3.03    0.00    7.07    0.00    0.00    0.00    0.00   53.54   36.36

05:49:11     CPU    %usr   %nice    %sys %iowait    %irq   %soft  %steal  %guest   %idle
05:49:12     all    3.36    0.00    8.47    0.75    0.00    3.49    0.00   47.20   36.74
05:49:12       0    6.12    0.00   10.20    0.00    0.00   12.24    0.00   38.78   32.65
05:49:12       1    4.95    0.00    9.90    0.99    0.00    3.96    0.00   36.63   43.56
05:49:12       2    4.95    0.00    8.91    2.97    0.00    3.96    0.00   54.46   24.75
05:49:12       3    5.05    0.00    8.08    1.01    0.00    4.04    0.00   37.37   44.44
05:49:12       4    3.85    0.00   11.54    0.00    0.00    0.00    0.00   42.31   42.31
05:49:12       5    4.00    0.00    9.00    0.00    0.00    5.00    0.00   34.00   48.00
05:49:12       6    0.93    0.00    6.54    0.00    0.00    0.93    0.00   58.88   32.71
05:49:12       7    0.00    0.00    5.10    0.00    0.00    0.00    0.00   69.39   25.51

05:49:12     CPU    %usr   %nice    %sys %iowait    %irq   %soft  %steal  %guest   %idle
05:49:13     all    4.20    0.00   13.35    3.46    0.00    4.45    0.00   41.90   32.63
05:49:13       0    8.60    0.00   11.83    0.00    0.00   15.05    0.00   31.18   33.33
05:49:13       1    3.77    0.00   16.98   20.75    0.00    3.77    0.00   41.51   13.21
05:49:13       2    4.90    0.00   17.65    0.98    0.00    5.88    0.00   33.33   37.25
05:49:13       3    2.94    0.00   17.65    2.94    0.00    2.94    0.00   41.18   32.35
05:49:13       4    3.96    0.00    8.91    0.00    0.00    0.99    0.00   50.50   35.64
05:49:13       5    4.12    0.00   11.34    2.06    0.00    5.15    0.00   44.33   32.99
05:49:13       6    3.92    0.00   13.73    0.00    0.00    0.98    0.00   42.16   39.22
05:49:13       7    0.95    0.00    8.57    0.00    0.00    0.95    0.00   52.38   37.14

05:49:13     CPU    %usr   %nice    %sys %iowait    %irq   %soft  %steal  %guest   %idle
05:49:14     all    3.75    0.00   11.62    0.25    0.00    4.50    0.00   41.38   38.50
05:49:14       0    6.52    0.00   16.30    0.00    0.00   14.13    0.00   23.91   39.13
05:49:14       1    0.00    0.00    9.71    0.00    0.00    0.97    0.00   48.54   40.78
05:49:14       2    3.12    0.00   12.50    0.00    0.00    7.29    0.00   45.83   31.25
05:49:14       3    5.71    0.00   10.48    0.00    0.00    5.71    0.00   40.00   38.10
05:49:14       4    3.12    0.00    9.38    1.04    0.00    1.04    0.00   46.88   38.54
05:49:14       5    6.06    0.00   14.14    0.00    0.00    5.05    0.00   34.34   40.40
05:49:14       6    2.00    0.00    7.00    0.00    0.00    1.00    0.00   44.00   46.00
05:49:14       7    3.81    0.00   12.38    0.95    0.00    0.00    0.00   47.62   35.24

05:49:14     CPU    %usr   %nice    %sys %iowait    %irq   %soft  %steal  %guest   %idle
05:49:15     all    3.63    0.00   11.01    2.63    0.00    4.63    0.00   38.80   39.30
05:49:15       0   10.31    0.00   23.71    2.06    0.00   19.59    0.00    9.28   35.05
05:49:15       1    0.00    0.00   10.09    3.67    0.00    2.75    0.00   49.54   33.94
05:49:15       2    5.32    0.00    8.51    4.26    0.00    7.45    0.00   27.66   46.81
05:49:15       3    0.97    0.00   10.68    4.85    0.00    2.91    0.00   41.75   38.83
05:49:15       4    8.33    0.00   13.54    1.04    0.00    1.04    0.00   33.33   42.71
05:49:15       5    3.03    0.00   10.10    0.00    0.00    4.04    0.00   51.52   31.31
05:49:15       6    1.02    0.00    8.16    4.08    0.00    1.02    0.00   40.82   44.90
05:49:15       7    1.92    0.00    3.85    0.00    0.00    0.96    0.00   52.88   40.38

05:49:15     CPU    %usr   %nice    %sys %iowait    %irq   %soft  %steal  %guest   %idle
05:49:16     all    4.82    0.00   12.18   12.56    0.00    5.20    0.00   43.53   21.70
05:49:16       0    9.28    0.00   21.65   28.87    0.00   17.53    0.00   19.59    3.09
05:49:16       1    2.02    0.00    9.09    4.04    0.00    2.02    0.00   51.52   31.31
05:49:16       2    3.19    0.00   10.64    0.00    0.00    6.38    0.00   46.81   32.98
05:49:16       3    2.11    0.00   13.68   40.00    0.00    4.21    0.00   38.95    1.05
05:49:16       4    6.00    0.00   15.00    1.00    0.00    0.00    0.00   47.00   31.00
05:49:16       5    8.00    0.00   12.00   29.00    0.00    9.00    0.00   37.00    5.00
05:49:16       6    3.06    0.00    9.18    0.00    0.00    0.00    0.00   48.98   38.78
05:49:16       7    1.94    0.00    6.80    0.00    0.00    0.00    0.00   59.22   32.04

05:49:16     CPU    %usr   %nice    %sys %iowait    %irq   %soft  %steal  %guest   %idle
05:49:17     all    4.15    0.00    9.16    8.91    0.00    3.79    0.00   33.09   40.90
05:49:17       0    8.25    0.00   14.43    0.00    0.00   13.40    0.00   18.56   45.36
05:49:17       1    4.55    0.00    8.18   31.82    0.00    1.82    0.00   45.45    8.18
05:49:17       2    4.08    0.00    6.12    0.00    0.00    4.08    0.00   31.63   54.08
05:49:17       3    4.81    0.00   10.58   32.69    0.00    7.69    0.00   26.92   17.31
05:49:17       4    4.90    0.00    6.86    0.00    0.00    0.00    0.00   21.57   66.67
05:49:17       5    5.88    0.00   10.78    0.00    0.00    4.90    0.00   28.43   50.00
05:49:17       6    1.96    0.00    7.84    0.00    0.00    0.98    0.00   40.20   49.02
05:49:17       7    0.93    0.00    9.35    3.74    0.00    0.00    0.00   47.66   38.32

05:49:17     CPU    %usr   %nice    %sys %iowait    %irq   %soft  %steal  %guest   %idle
05:49:18     all    4.46    0.00   10.08    0.77    0.00    4.85    0.00   59.95   19.90
05:49:18       0   11.83    0.00   20.43    2.15    0.00   13.98    0.00   24.73   26.88
05:49:18       1    7.07    0.00    6.06    0.00    0.00    2.02    0.00   71.72   13.13
05:49:18       2    3.03    0.00    9.09    0.00    0.00    7.07    0.00   67.68   13.13
05:49:18       3    3.19    0.00   14.89    1.06    0.00   10.64    0.00   46.81   23.40
05:49:18       4    4.95    0.00    7.92    0.00    0.00    0.99    0.00   60.40   25.74
05:49:18       5    1.00    0.00    6.00    1.00    0.00    5.00    0.00   76.00   11.00
05:49:18       6    2.02    0.00    8.08    1.01    0.00    0.00    0.00   57.58   31.31
05:49:18       7    6.06    0.00    8.08    1.01    0.00    1.01    0.00   69.70   14.14

05:49:18     CPU    %usr   %nice    %sys %iowait    %irq   %soft  %steal  %guest   %idle
05:49:19     all    4.63    0.00   10.93    0.26    0.00    6.43    0.00   53.34   24.42
05:49:19       0    9.57    0.00   20.21    0.00    0.00   19.15    0.00   25.53   25.53
05:49:19       1    2.06    0.00    8.25    0.00    0.00    2.06    0.00   60.82   26.80
05:49:19       2    4.04    0.00   13.13    1.01    0.00    8.08    0.00   50.51   23.23
05:49:19       3    8.25    0.00   15.46    1.03    0.00   12.37    0.00   31.96   30.93
05:49:19       4    1.03    0.00    7.22    1.03    0.00    0.00    0.00   73.20   17.53
05:49:19       5    2.02    0.00    7.07    0.00    0.00    9.09    0.00   62.63   19.19
05:49:19       6    6.06    0.00   10.10    0.00    0.00    0.00    0.00   54.55   29.29
05:49:19       7    1.09    0.00    5.43    0.00    0.00    1.09    0.00   69.57   22.83

05:49:19     CPU    %usr   %nice    %sys %iowait    %irq   %soft  %steal  %guest   %idle
05:49:20     all    4.14    0.00   11.78    2.63    0.00    5.39    0.00   42.73   33.33
05:49:20       0    7.45    0.00   15.96    2.13    0.00   18.09    0.00   36.17   20.21
05:49:20       1    4.08    0.00    9.18    0.00    0.00    2.04    0.00   42.86   41.84
05:49:20       2    1.94    0.00   12.62    0.00    0.00    7.77    0.00   41.75   35.92
05:49:20       3   10.78    0.00   20.59    1.96    0.00    5.88    0.00   16.67   44.12
05:49:20       4    4.17    0.00   12.50    5.21    0.00    0.00    0.00   44.79   33.33
05:49:20       5    2.06    0.00   11.34    6.19    0.00    6.19    0.00   29.90   44.33
05:49:20       6    0.96    0.00    5.77    0.00    0.00    0.96    0.00   63.46   28.85
05:49:20       7    3.77    0.00    6.60    5.66    0.00    0.94    0.00   64.15   18.87

05:49:20     CPU    %usr   %nice    %sys %iowait    %irq   %soft  %steal  %guest   %idle
05:49:21     all    2.94    0.00    9.33   16.20    0.00    2.94    0.00   47.24   21.35
05:49:21       0    4.59    0.00    9.17   21.10    0.00    2.75    0.00   41.28   21.10
05:49:21       1    5.43    0.00   15.22   15.22    0.00   10.87    0.00   28.26   25.00
05:49:21       2    1.98    0.00    5.94   33.66    0.00    3.96    0.00   33.66   20.79
05:49:21       3    1.00    0.00   10.00    5.00    0.00    5.00    0.00   65.00   14.00
05:49:21       4    1.98    0.00    5.94    0.99    0.00    0.00    0.00   45.54   45.54
05:49:21       5    4.72    0.00   16.04   16.04    0.00    2.83    0.00   35.85   24.53
05:49:21       6    0.00    0.00    3.81    0.00    0.00    0.00    0.00   86.67    9.52
05:49:21       7    2.94    0.00    9.80   35.29    0.00    0.98    0.00   39.22   11.76

05:49:21     CPU    %usr   %nice    %sys %iowait    %irq   %soft  %steal  %guest   %idle
05:49:22     all    3.19    0.00   10.71    5.23    0.00    5.87    0.00   51.02   23.98
05:49:22       0    4.17    0.00   10.42    0.00    0.00    7.29    0.00   52.08   26.04
05:49:22       1    6.45    0.00    9.68    4.30    0.00    9.68    0.00   39.78   30.11
05:49:22       2    2.02    0.00   11.11    7.07    0.00    8.08    0.00   48.48   23.23
05:49:22       3    3.16    0.00    8.42   11.58    0.00    9.47    0.00   57.89    9.47
05:49:22       4    0.95    0.00   13.33    0.00    0.00    0.00    0.00   62.86   22.86
05:49:22       5    5.00    0.00   19.00    1.00    0.00   10.00    0.00   30.00   35.00
05:49:22       6    0.00    0.00    7.69    0.00    0.00    0.96    0.00   68.27   23.08
05:49:22       7    4.40    0.00    7.69   19.78    0.00    0.00    0.00   46.15   21.98

05:49:22     CPU    %usr   %nice    %sys %iowait    %irq   %soft  %steal  %guest   %idle
05:49:23     all    2.10    0.00    7.18   22.28    0.00    2.23    0.00   28.09   38.12
05:49:23       0    5.88    0.00    8.82   20.59    0.00    3.92    0.00   14.71   46.08
05:49:23       1    3.16    0.00   13.68   34.74    0.00    6.32    0.00   12.63   29.47
05:49:23       2    2.83    0.00    5.66   38.68    0.00    3.77    0.00   25.47   23.58
05:49:23       3    0.00    0.00    5.21   37.50    0.00    2.08    0.00   35.42   19.79
05:49:23       4    0.97    0.00    3.88    1.94    0.00    0.00    0.00   33.98   59.22
05:49:23       5    1.98    0.00    5.94   29.70    0.00    2.97    0.00   28.71   30.69
05:49:23       6    0.00    0.00    9.71    0.97    0.00    0.00    0.00   33.01   56.31
05:49:23       7    0.00    0.00    2.97   16.83    0.00    0.00    0.00   41.58   38.61

05:49:23     CPU    %usr   %nice    %sys %iowait    %irq   %soft  %steal  %guest   %idle
05:49:24     all    2.60    0.00   10.14   14.71    0.00    3.71    0.00   37.58   31.27
05:49:24       0    5.05    0.00   13.13    7.07    0.00   10.10    0.00   15.15   49.49
05:49:24       1    4.08    0.00   12.24   33.67    0.00    5.10    0.00   21.43   23.47
05:49:24       2    1.96    0.00    9.80    7.84    0.00    5.88    0.00   22.55   51.96
05:49:24       3    4.04    0.00   10.10    8.08    0.00    4.04    0.00   46.46   27.27
05:49:24       4    0.97    0.00    5.83   13.59    0.00    0.00    0.00   55.34   24.27
05:49:24       5    3.23    0.00    6.45   25.81    0.00    6.45    0.00   37.63   20.43
05:49:24       6    0.89    0.00    8.93    2.68    0.00    0.00    0.00   52.68   34.82
05:49:24       7    0.93    0.00   15.89   22.43    0.00    0.00    0.00   45.79   14.95

05:49:24     CPU    %usr   %nice    %sys %iowait    %irq   %soft  %steal  %guest   %idle
05:49:25     all    2.17    0.00    9.57    0.64    0.00    4.34    0.00   56.25   27.04
05:49:25       0    4.30    0.00   16.13    0.00    0.00   10.75    0.00   39.78   29.03
05:49:25       1    4.40    0.00   10.99    1.10    0.00    6.59    0.00   41.76   35.16
05:49:25       2    1.98    0.00    8.91    0.00    0.00    8.91    0.00   56.44   23.76
05:49:25       3    3.09    0.00    8.25    1.03    0.00    3.09    0.00   59.79   24.74
05:49:25       4    0.00    0.00    5.94    0.00    0.00    0.99    0.00   67.33   25.74
05:49:25       5    4.04    0.00   11.11    1.01    0.00    3.03    0.00   55.56   25.25
05:49:25       6    0.99    0.00    3.96    0.00    0.00    0.00    0.00   70.30   24.75
05:49:25       7    1.96    0.00    9.80    1.96    0.00    0.98    0.00   53.92   31.37

05:49:25     CPU    %usr   %nice    %sys %iowait    %irq   %soft  %steal  %guest   %idle
05:49:26     all    3.05    0.00   10.69    8.40    0.00    4.33    0.00   49.62   23.92
05:49:26       0    8.89    0.00   17.78    0.00    0.00   17.78    0.00   24.44   31.11
05:49:26       1    0.98    0.00    8.82   25.49    0.00    2.94    0.00   47.06   14.71
05:49:26       2    6.00    0.00    9.00    2.00    0.00    6.00    0.00   36.00   41.00
05:49:26       3    0.00    0.00   14.43    6.19    0.00    3.09    0.00   46.39   29.90
05:49:26       4    3.00    0.00    8.00    9.00    0.00    0.00    0.00   66.00   14.00
05:49:26       5    2.13    0.00   12.77    8.51    0.00    6.38    0.00   59.57   10.64
05:49:26       6    1.00    0.00    4.00    2.00    0.00    0.00    0.00   60.00   33.00
05:49:26       7    0.00    0.00   11.88   10.89    0.00    0.99    0.00   59.41   16.83

05:49:26     CPU    %usr   %nice    %sys %iowait    %irq   %soft  %steal  %guest   %idle
05:49:27     all    3.63    0.00   12.56    4.53    0.00    7.25    0.00   48.06   23.96
05:49:27       0   10.99    0.00   23.08    0.00    0.00   26.37    0.00   14.29   25.27
05:49:27       1    1.05    0.00    9.47   17.89    0.00    3.16    0.00   53.68   14.74
05:49:27       2    7.14    0.00   11.22    1.02    0.00   11.22    0.00   34.69   34.69
05:49:27       3    4.17    0.00    7.29    7.29    0.00    6.25    0.00   55.21   19.79
05:49:27       4    3.06    0.00   12.24    0.00    0.00    2.04    0.00   54.08   28.57
05:49:27       5    1.05    0.00   15.79    0.00    0.00    9.47    0.00   48.42   25.26
05:49:27       6    1.03    0.00   12.37    2.06    0.00    1.03    0.00   57.73   25.77
05:49:27       7    1.98    0.00    9.90    7.92    0.00    0.00    0.00   62.38   17.82

05:49:27     CPU    %usr   %nice    %sys %iowait    %irq   %soft  %steal  %guest   %idle
05:49:28     all    2.94    0.00    9.35    2.82    0.00    4.35    0.00   52.75   27.78
05:49:28       0    4.30    0.00   11.83    0.00    0.00   16.13    0.00   38.71   29.03
05:49:28       1    5.05    0.00    5.05    7.07    0.00    2.02    0.00   51.52   29.29
05:49:28       2    3.00    0.00   14.00    2.00    0.00    6.00    0.00   50.00   25.00
05:49:28       3    2.08    0.00    6.25    0.00    0.00    3.12    0.00   62.50   26.04
05:49:28       4    1.94    0.00   10.68    4.85    0.00    0.97    0.00   50.49   31.07
05:49:28       5    4.30    0.00   12.90    3.23    0.00    7.53    0.00   36.56   35.48
05:49:28       6    4.00    0.00   10.00    1.00    0.00    1.00    0.00   56.00   28.00
05:49:28       7    0.00    0.00    5.05    3.03    0.00    0.00    0.00   73.74   18.18

05:49:28     CPU    %usr   %nice    %sys %iowait    %irq   %soft  %steal  %guest   %idle
05:49:29     all    2.37    0.00    9.60    1.87    0.00    4.86    0.00   57.61   23.69
05:49:29       0    8.60    0.00   21.51    6.45    0.00   18.28    0.00   17.20   27.96
05:49:29       1    0.98    0.00    7.84    1.96    0.00    1.96    0.00   60.78   26.47
05:49:29       2    2.06    0.00    4.12    1.03    0.00    5.15    0.00   72.16   15.46
05:49:29       3    3.03    0.00   11.11    3.03    0.00    4.04    0.00   49.49   29.29
05:49:29       4    0.00    0.00    8.65    0.96    0.00    0.96    0.00   69.23   20.19
05:49:29       5    1.98    0.00    8.91    0.99    0.00    8.91    0.00   53.47   25.74
05:49:29       6    2.94    0.00    9.80    1.96    0.00    0.00    0.00   52.94   32.35
05:49:29       7    0.00    0.00    4.95    0.00    0.00    0.00    0.00   83.17   11.88

05:49:29     CPU    %usr   %nice    %sys %iowait    %irq   %soft  %steal  %guest   %idle
05:49:30     all    2.81    0.00   11.64   12.92    0.00    4.48    0.00   46.80   21.36
05:49:30       0    7.37    0.00   20.00   12.63    0.00   10.53    0.00   31.58   17.89
05:49:30       1    1.98    0.00   10.89   26.73    0.00    1.98    0.00   54.46    3.96
05:49:30       2    3.09    0.00    8.25    2.06    0.00    8.25    0.00   42.27   36.08
05:49:30       3    3.06    0.00   13.27   23.47    0.00    4.08    0.00   38.78   17.35
05:49:30       4    1.03    0.00   10.31    2.06    0.00    0.00    0.00   47.42   39.18
05:49:30       5    3.16    0.00   14.74   10.53    0.00    9.47    0.00   38.95   23.16
05:49:30       6    0.98    0.00   10.78   23.53    0.00    0.98    0.00   51.96   11.76
05:49:30       7    0.00    0.00    6.06    1.01    0.00    0.00    0.00   68.69   24.24

05:49:30     CPU    %usr   %nice    %sys %iowait    %irq   %soft  %steal  %guest   %idle
05:49:31     all    2.45    0.00    9.52    0.64    0.00    4.63    0.00   51.99   30.76
05:49:31       0    8.79    0.00   16.48    0.00    0.00   17.58    0.00   20.88   36.26
05:49:31       1    0.00    0.00    3.09    0.00    0.00    4.12    0.00   71.13   22.68
05:49:31       2    3.00    0.00    9.00    1.00    0.00    7.00    0.00   56.00   24.00
05:49:31       3    3.06    0.00    8.16    0.00    0.00    3.06    0.00   51.02   34.69
05:49:31       4    2.11    0.00   11.58    2.11    0.00    1.05    0.00   42.11   41.05
05:49:31       5    2.08    0.00   13.54    1.04    0.00    4.17    0.00   43.75   35.42
05:49:31       6    1.01    0.00    7.07    0.00    0.00    1.01    0.00   66.67   24.24
05:49:31       7    1.98    0.00    7.92    0.00    0.00    0.00    0.00   61.39   28.71

05:49:31     CPU    %usr   %nice    %sys %iowait    %irq   %soft  %steal  %guest   %idle
05:49:32     all    2.74    0.00    9.20    0.12    0.00    4.98    0.00   49.38   33.58
05:49:32       0    8.25    0.00   18.56    0.00    0.00   20.62    0.00   18.56   34.02
05:49:32       1    1.03    0.00    1.03    0.00    0.00    1.03    0.00   86.60   10.31
05:49:32       2    2.00    0.00   12.00    0.00    0.00    6.00    0.00   47.00   33.00
05:49:32       3    1.92    0.00    7.69    0.00    0.00    3.85    0.00   42.31   44.23
05:49:32       4    2.94    0.00   11.76    0.00    0.00    0.98    0.00   54.90   29.41
05:49:32       5    3.09    0.00    9.28    0.00    0.00    8.25    0.00   29.90   49.48
05:49:32       6    2.94    0.00    8.82    0.00    0.00    0.00    0.00   65.69   22.55
05:49:32       7    1.98    0.00    4.95    0.00    0.00    0.00    0.00   49.50   43.56

05:49:32     CPU    %usr   %nice    %sys %iowait    %irq   %soft  %steal  %guest   %idle
05:49:33     all    2.95    0.00    8.73    0.26    0.00    4.36    0.00   51.48   32.22
05:49:33       0    9.47    0.00   12.63    1.05    0.00   13.68    0.00   21.05   42.11
05:49:33       1    2.02    0.00    7.07    0.00    0.00    2.02    0.00   72.73   16.16
05:49:33       2    4.00    0.00    7.00    0.00    0.00    6.00    0.00   45.00   38.00
05:49:33       3    2.11    0.00   10.53    1.05    0.00    4.21    0.00   42.11   40.00
05:49:33       4    1.04    0.00    6.25    0.00    0.00    0.00    0.00   47.92   44.79
05:49:33       5    4.17    0.00   11.46    1.04    0.00   10.42    0.00   33.33   39.58
05:49:33       6    1.01    0.00    7.07    0.00    0.00    0.00    0.00   70.71   21.21
05:49:33       7    0.00    0.00    6.80    0.97    0.00    0.00    0.00   73.79   18.45
