Linux 3.2.0-39-generic (loadgen167) 	02/08/2013 	_x86_64_	(8 CPU)

05:49:08     CPU    %usr   %nice    %sys %iowait    %irq   %soft  %steal  %guest   %idle
05:49:09     all    0.13    0.00    0.63    0.25    0.00    0.00    0.00    0.38   98.62
05:49:09       0    0.00    0.00    0.00    0.00    0.00    0.00    0.00    1.00   99.00
05:49:09       1    0.00    0.00    1.00    2.00    0.00    0.00    0.00    0.00   97.00
05:49:09       2    0.00    0.00    2.00    0.00    0.00    0.00    0.00    0.00   98.00
05:49:09       3    1.00    0.00    2.00    0.00    0.00    0.00    0.00    0.00   97.00
05:49:09       4    0.00    0.00    1.05    0.00    0.00    0.00    0.00    0.00   98.95
05:49:09       5    0.00    0.00    0.00    0.00    0.00    0.00    0.00    0.00  100.00
05:49:09       6    0.00    0.00    0.00    0.00    0.00    0.00    0.00    1.01   98.99
05:49:09       7    0.00    0.00    0.00    0.00    0.00    0.00    0.00    0.00  100.00

05:49:09     CPU    %usr   %nice    %sys %iowait    %irq   %soft  %steal  %guest   %idle
05:49:10     all    0.00    0.00    0.50    0.88    0.00    0.00    0.00    0.25   98.37
05:49:10       0    0.00    0.00    1.00    0.00    0.00    0.00    0.00    0.00   99.00
05:49:10       1    0.00    0.00    0.00    3.06    0.00    0.00    0.00    0.00   96.94
05:49:10       2    1.01    0.00    0.00    2.02    0.00    0.00    0.00    0.00   96.97
05:49:10       3    0.00    0.00    0.99    1.98    0.00    0.00    0.00    0.00   97.03
05:49:10       4    0.00    0.00    2.97    0.00    0.00    0.00    0.00    0.99   96.04
05:49:10       5    0.00    0.00    0.00    0.00    0.00    0.00    0.00    0.00  100.00
05:49:10       6    1.00    0.00    0.00    0.00    0.00    0.00    0.00    0.00   99.00
05:49:10       7    0.99    0.00    0.00    0.00    0.00    0.00    0.00    0.00   99.01

05:49:10     CPU    %usr   %nice    %sys %iowait    %irq   %soft  %steal  %guest   %idle
05:49:11     all    0.00    0.00    0.38    0.63    0.00    0.00    0.00    0.25   98.75
05:49:11       0    0.00    0.00    0.00    0.00    0.00    0.00    0.00    0.00  100.00
05:49:11       1    0.00    0.00    0.00    4.04    0.00    0.00    0.00    0.00   95.96
05:49:11       2    0.00    0.00    0.00    0.99    0.00    0.00    0.00    0.99   99.01
05:49:11       3    0.00    0.00    0.00    0.00    0.00    0.00    0.00    0.00  100.00
05:49:11       4    0.00    0.00    2.00    0.00    0.00    0.00    0.00    1.00   97.00
05:49:11       5    0.00    0.00    0.00    0.00    0.00    0.00    0.00    0.00  100.00
05:49:11       6    0.00    0.00    1.00    0.00    0.00    0.00    0.00    1.00   99.00
05:49:11       7    0.00    0.00    0.00    0.00    0.00    0.00    0.00    0.00  100.00

05:49:11     CPU    %usr   %nice    %sys %iowait    %irq   %soft  %steal  %guest   %idle
05:49:12     all    0.63    0.00    0.38    0.00    0.00    0.00    0.00    0.13   98.87
05:49:12       0    0.00    0.00    0.00    0.00    0.00    0.00    0.00    0.00  100.00
05:49:12       1    1.00    0.00    0.00    1.00    0.00    0.00    0.00    0.00   98.00
05:49:12       2    0.00    0.00    1.00    0.00    0.00    0.00    0.00    0.00   99.00
05:49:12       3    3.00    0.00    0.00    0.00    0.00    0.00    0.00    0.00   97.00
05:49:12       4    0.00    0.00    0.00    0.00    0.00    0.00    0.00    0.00  100.00
05:49:12       5    2.00    0.00    0.00    0.00    0.00    0.00    0.00    0.00   98.00
05:49:12       6    0.00    0.00    2.00    0.00    0.00    0.00    0.00    0.00   98.00
05:49:12       7    0.00    0.00    0.00    0.00    0.00    0.00    0.00    0.00  100.00

05:49:12     CPU    %usr   %nice    %sys %iowait    %irq   %soft  %steal  %guest   %idle
05:49:13     all    0.00    0.00    0.38    0.13    0.00    0.00    0.00    0.25   99.25
05:49:13       0    0.00    0.00    0.00    1.00    0.00    0.00    0.00    1.00   99.00
05:49:13       1    0.00    0.00    0.00    0.00    0.00    0.00    0.00    0.00  100.00
05:49:13       2    1.00    0.00    0.00    0.00    0.00    0.00    0.00    0.00   99.00
05:49:13       3    0.00    0.00    0.98    0.00    0.00    0.00    0.00    0.98   98.04
05:49:13       4    1.00    0.00    0.00    0.00    0.00    0.00    0.00    0.00   99.00
05:49:13       5    0.00    0.00    0.00    0.00    0.00    0.00    0.00    0.00  100.00
05:49:13       6    0.00    0.00    3.00    0.00    0.00    0.00    0.00    0.00   97.00
05:49:13       7    0.00    0.00    0.00    0.00    0.00    0.00    0.00    0.00  100.00

05:49:13     CPU    %usr   %nice    %sys %iowait    %irq   %soft  %steal  %guest   %idle
05:49:14     all    0.13    0.00    0.13    0.13    0.00    0.00    0.00    0.13   99.50
05:49:14       0    0.00    0.00    0.00    1.00    0.00    0.00    0.00    0.00   99.00
05:49:14       1    0.00    0.00    0.00    0.00    0.00    0.00    0.00    0.00  100.00
05:49:14       2    0.00    0.00    0.00    0.00    0.00    0.00    0.00    0.00  100.00
05:49:14       3    0.00    0.00    0.00    0.00    0.00    0.00    0.00    1.02  100.00
05:49:14       4    0.00    0.00    0.00    0.00    0.00    0.00    0.00    0.00  100.00
05:49:14       5    0.00    0.00    0.00    0.00    0.00    0.00    0.00    0.00  100.00
05:49:14       6    0.00    0.00    1.02    0.00    0.00    0.00    0.00    0.00   98.98
05:49:14       7    0.00    0.00    0.00    0.00    0.00    0.00    0.00    0.00  100.00

05:49:14     CPU    %usr   %nice    %sys %iowait    %irq   %soft  %steal  %guest   %idle
05:49:15     all    0.25    0.00    0.38    0.25    0.00    0.00    0.00    0.25   98.87
05:49:15       0    1.00    0.00    0.00    1.00    0.00    0.00    0.00    0.00   98.00
05:49:15       1    0.00    0.00    0.00    0.00    0.00    0.00    0.00    1.02  100.00
05:49:15       2    0.00    0.00    0.00    0.00    0.00    0.00    0.00    0.00  100.00
05:49:15       3    1.00    0.00    0.00    0.00    0.00    0.00    0.00    0.00   99.00
05:49:15       4    0.00    0.00    0.00    0.00    0.00    0.00    0.00    0.00  100.00
05:49:15       5    0.00    0.00    0.00    0.00    0.00    0.00    0.00    0.00  100.00
05:49:15       6    1.98    0.00    1.98    0.00    0.00    0.00    0.00    0.00   96.04
05:49:15       7    0.00    0.00    0.00    0.00    0.00    0.00    0.00    0.99   99.01

05:49:15     CPU    %usr   %nice    %sys %iowait    %irq   %soft  %steal  %guest   %idle
05:49:16     all    0.00    0.00    0.38    0.13    0.00    0.00    0.00    0.13   99.50
05:49:16       0    0.00    0.00    0.00    1.01    0.00    0.00    0.00    0.00   98.99
05:49:16       1    0.00    0.00    0.00    0.00    0.00    0.00    0.00    0.00  100.00
05:49:16       2    0.00    0.00    0.00    0.00    0.00    0.00    0.00    0.00  100.00
05:49:16       3    0.00    0.00    0.99    0.00    0.00    0.00    0.00    0.00   99.01
05:49:16       4    0.00    0.00    0.00    0.00    0.00    0.00    0.00    0.00  100.00
05:49:16       5    0.00    0.00    0.00    0.00    0.00    0.00    0.00    0.00  100.00
05:49:16       6    0.00    0.00    3.00    0.00    0.00    0.00    0.00    0.00   97.00
05:49:16       7    0.00    0.00    0.00    0.00    0.00    0.00    0.00    0.00  100.00

05:49:16     CPU    %usr   %nice    %sys %iowait    %irq   %soft  %steal  %guest   %idle
05:49:17     all    0.13    0.00    0.50    0.00    0.00    0.00    0.00    0.13   99.25
05:49:17       0    0.00    0.00    0.00    1.00    0.00    0.00    0.00    0.00   99.00
05:49:17       1    0.00    0.00    0.00    0.00    0.00    0.00    0.00    0.00  100.00
05:49:17       2    0.00    0.00    0.00    0.00    0.00    0.00    0.00    0.00  100.00
05:49:17       3    0.00    0.00    0.00    0.00    0.00    0.00    0.00    0.00  100.00
05:49:17       4    0.00    0.00    0.00    0.00    0.00    0.00    0.00    0.00  100.00
05:49:17       5    0.00    0.00    0.00    0.00    0.00    0.00    0.00    1.01   98.99
05:49:17       6    0.00    0.00    2.02    0.00    0.00    0.00    0.00    1.01   96.97
05:49:17       7    0.00    0.00    0.00    0.00    0.00    0.00    0.00    0.00  100.00

05:49:17     CPU    %usr   %nice    %sys %iowait    %irq   %soft  %steal  %guest   %idle
05:49:18     all    0.00    0.00    0.38    0.38    0.00    0.00    0.00    1.12   98.12
05:49:18       0    0.00    0.00    1.02    1.02    0.00    0.00    0.00    0.00   97.96
05:49:18       1    0.99    0.00    0.00    1.98    0.00    0.00    0.00    0.99   96.04
05:49:18       2    0.00    0.00    0.00    0.00    0.00    0.00    0.00    1.00   99.00
05:49:18       3    0.00    0.00    0.99    0.00    0.00    0.00    0.00    1.98   97.03
05:49:18       4    0.99    0.00    0.00    0.00    0.00    0.00    0.00    0.00   99.01
05:49:18       5    0.00    0.00    0.00    0.00    0.00    0.00    0.00    1.00   99.00
05:49:18       6    0.00    0.00    0.99    0.00    0.00    0.00    0.00    1.98   97.03
05:49:18       7    0.00    0.00    0.00    0.00    0.00    0.00    0.00    1.00  100.00

05:49:18     CPU    %usr   %nice    %sys %iowait    %irq   %soft  %steal  %guest   %idle
05:49:19     all    0.25    0.00    0.38    0.00    0.00    0.13    0.00    1.13   98.12
05:49:19       0    1.00    0.00    0.00    0.00    0.00    1.00    0.00    1.00   97.00
05:49:19       1    0.00    0.00    0.00    0.00    0.00    0.00    0.00    1.00   99.00
05:49:19       2    0.00    0.00    1.01    0.00    0.00    0.00    0.00    3.03   95.96
05:49:19       3    0.00    0.00    0.00    0.00    0.00    0.00    0.00    0.00  100.00
05:49:19       4    0.00    0.00    0.00    0.00    0.00    0.00    0.00    3.06   97.96
05:49:19       5    0.00    0.00    1.00    0.00    0.00    0.00    0.00    1.00   98.00
05:49:19       6    0.00    0.00    1.00    0.00    0.00    0.00    0.00    2.00   97.00
05:49:19       7    0.00    0.00    0.00    0.00    0.00    0.00    0.00    0.00  100.00

05:49:19     CPU    %usr   %nice    %sys %iowait    %irq   %soft  %steal  %guest   %idle
05:49:20     all    0.25    0.00    0.63    0.13    0.00    0.13    0.00    2.25   96.62
05:49:20       0    1.01    0.00    1.01    0.00    0.00    0.00    0.00    4.04   93.94
05:49:20       1    0.00    0.00    0.00    0.00    0.00    0.99    0.00    0.00   99.01
05:49:20       2    0.00    0.00    1.98    0.00    0.00    0.00    0.00    3.96   94.06
05:49:20       3    0.00    0.00    0.00    0.00    0.00    0.00    0.00    0.00  100.00
05:49:20       4    1.00    0.00    2.00    0.00    0.00    0.00    0.00    5.00   92.00
05:49:20       5    0.00    0.00    0.00    0.00    0.00    0.00    0.00    1.01   98.99
05:49:20       6    0.00    0.00    1.01    0.00    0.00    0.00    0.00    3.03   95.96
05:49:20       7    0.00    0.00    0.00    0.00    0.00    0.00    0.00    0.00  100.00

05:49:20     CPU    %usr   %nice    %sys %iowait    %irq   %soft  %steal  %guest   %idle
05:49:21     all    0.00    0.00    0.75    0.88    0.00    0.00    0.00    0.88   97.62
05:49:21       0    0.00    0.00    0.00    2.00    0.00    0.00    0.00    2.00   97.00
05:49:21       1    0.00    0.00    0.00    3.09    0.00    0.00    0.00    0.00   96.91
05:49:21       2    1.00    0.00    0.00    0.00    0.00    0.00    0.00    0.00   99.00
05:49:21       3    0.99    0.00    0.99    0.00    0.00    0.00    0.00    0.00   98.02
05:49:21       4    0.00    0.00    0.00    0.00    0.00    0.00    0.00    2.97   98.02
05:49:21       5    0.00    0.00    0.00    1.01    0.00    0.00    0.00    0.00   98.99
05:49:21       6    0.00    0.00    3.03    0.00    0.00    0.00    0.00    1.01   95.96
05:49:21       7    0.00    0.00    0.99    0.00    0.00    0.00    0.00    0.99   98.02

05:49:21     CPU    %usr   %nice    %sys %iowait    %irq   %soft  %steal  %guest   %idle
05:49:22     all    0.38    0.00    0.38    0.25    0.00    0.13    0.00    1.13   97.74
05:49:22       0    0.00    0.00    0.00    1.02    0.00    0.00    0.00    0.00   98.98
05:49:22       1    0.00    0.00    1.00    1.00    0.00    0.00    0.00    2.00   96.00
05:49:22       2    0.00    0.00    0.00    0.00    0.00    1.01    0.00    0.00   98.99
05:49:22       3    0.99    0.00    0.99    0.00    0.00    0.00    0.00    5.94   92.08
05:49:22       4    0.00    0.00    0.00    0.00    0.00    0.00    0.00    0.00  100.00
05:49:22       5    0.00    0.00    0.00    0.00    0.00    0.00    0.00    2.02   98.99
05:49:22       6    0.00    0.00    2.02    0.00    0.00    0.00    0.00    0.00   97.98
05:49:22       7    1.00    0.00    0.00    0.00    0.00    0.00    0.00    0.00   99.00

05:49:22     CPU    %usr   %nice    %sys %iowait    %irq   %soft  %steal  %guest   %idle
05:49:23     all    0.38    0.00    0.50    0.12    0.00    0.12    0.00    1.25   97.62
05:49:23       0    0.99    0.00    0.00    0.99    0.00    0.00    0.00    0.00   98.02
05:49:23       1    0.00    0.00    0.00    0.00    0.00    0.00    0.00    1.02   98.98
05:49:23       2    0.00    0.00    0.00    0.00    0.00    0.00    0.00    2.00   99.00
05:49:23       3    2.04    0.00    0.00    0.00    0.00    0.00    0.00    1.02   96.94
05:49:23       4    0.99    0.00    0.99    0.00    0.00    0.00    0.00    0.99   97.03
05:49:23       5    0.98    0.00    0.00    0.00    0.00    0.00    0.00    4.90   94.12
05:49:23       6    0.00    0.00    2.00    0.00    0.00    0.00    0.00    0.00   98.00
05:49:23       7    0.00    0.00    0.00    0.00    0.00    0.00    0.00    1.02  100.00

05:49:23     CPU    %usr   %nice    %sys %iowait    %irq   %soft  %steal  %guest   %idle
05:49:24     all    0.12    0.00    0.50    0.12    0.00    0.00    0.00    1.00   98.25
05:49:24       0    0.00    0.00    3.00    0.00    0.00    0.00    0.00    0.00   97.00
05:49:24       1    0.00    0.00    0.00    1.02    0.00    0.00    0.00    0.00   98.98
05:49:24       2    1.00    0.00    0.00    0.00    0.00    0.00    0.00    0.00   99.00
05:49:24       3    0.99    0.00    0.00    0.00    0.00    0.00    0.00    2.97   96.04
05:49:24       4    0.99    0.00    0.00    0.00    0.00    0.00    0.00    0.00   99.01
05:49:24       5    0.00    0.00    0.00    0.00    0.00    0.00    0.00    2.00   98.00
05:49:24       6    0.00    0.00    0.00    0.00    0.00    0.00    0.00    1.01   98.99
05:49:24       7    0.00    0.00    0.99    0.00    0.00    0.00    0.00    0.00   99.01

05:49:24     CPU    %usr   %nice    %sys %iowait    %irq   %soft  %steal  %guest   %idle
05:49:25     all    0.13    0.00    0.50    0.13    0.00    0.00    0.00    0.75   98.50
05:49:25       0    0.00    0.00    3.00    0.00    0.00    0.00    0.00    0.00   97.00
05:49:25       1    0.00    0.00    0.00    1.01    0.00    0.00    0.00    1.01   97.98
05:49:25       2    0.00    0.00    0.00    0.00    0.00    0.00    0.00    1.00  100.00
05:49:25       3    0.00    0.00    1.00    0.00    0.00    0.00    0.00    0.00   99.00
05:49:25       4    0.00    0.00    0.99    0.00    0.00    0.00    0.00    0.00   99.01
05:49:25       5    0.00    0.00    0.00    0.00    0.00    0.00    0.00    4.00   96.00
05:49:25       6    0.00    0.00    0.00    0.00    0.00    0.00    0.00    0.99   99.01
05:49:25       7    0.00    0.00    0.00    0.00    0.00    0.00    0.00    1.00   99.00

05:49:25     CPU    %usr   %nice    %sys %iowait    %irq   %soft  %steal  %guest   %idle
05:49:26     all    0.00    0.00    0.38    0.50    0.00    0.00    0.00    0.38   98.74
05:49:26       0    0.00    0.00    0.00    0.00    0.00    0.00    0.00    0.00  100.00
05:49:26       1    0.00    0.00    0.00    2.02    0.00    0.00    0.00    0.00   97.98
05:49:26       2    0.00    0.00    1.98    0.99    0.00    0.00    0.00    0.00   97.03
05:49:26       3    0.00    0.00    1.00    1.00    0.00    0.00    0.00    1.00   98.00
05:49:26       4    0.00    0.00    0.00    0.00    0.00    0.00    0.00    0.00  100.00
05:49:26       5    0.00    0.00    0.00    1.00    0.00    0.00    0.00    2.00   97.00
05:49:26       6    0.00    0.00    0.00    0.00    0.00    0.00    0.00    0.00  100.00
05:49:26       7    0.00    0.00    0.00    0.00    0.00    0.00    0.00    0.00  100.00

05:49:26     CPU    %usr   %nice    %sys %iowait    %irq   %soft  %steal  %guest   %idle
05:49:27     all    0.00    0.00    0.50    0.13    0.00    0.00    0.00    0.25   99.12
05:49:27       0    0.00    0.00    0.00    0.00    0.00    0.00    0.00    0.00  100.00
05:49:27       1    0.00    0.00    0.00    1.01    0.00    0.00    0.00    0.00   98.99
05:49:27       2    0.00    0.00    0.00    0.00    0.00    0.00    0.00    0.00  100.00
05:49:27       3    1.00    0.00    0.00    0.00    0.00    0.00    0.00    0.00   99.00
05:49:27       4    0.00    0.00    2.00    0.00    0.00    0.00    0.00    1.00   97.00
05:49:27       5    0.00    0.00    0.00    0.00    0.00    0.00    0.00    0.00  100.00
05:49:27       6    0.00    0.00    2.00    0.00    0.00    0.00    0.00    0.00   98.00
05:49:27       7    0.00    0.00    0.00    0.00    0.00    0.00    0.00    0.00  100.00

05:49:27     CPU    %usr   %nice    %sys %iowait    %irq   %soft  %steal  %guest   %idle
05:49:28     all    0.00    0.00    0.50    0.25    0.00    0.00    0.00    0.37   98.88
05:49:28       0    0.00    0.00    0.00    0.00    0.00    0.00    0.00    0.00  100.00
05:49:28       1    1.01    0.00    0.00    2.02    0.00    0.00    0.00    0.00   96.97
05:49:28       2    0.00    0.00    0.00    0.00    0.00    0.00    0.00    0.00  100.00
05:49:28       3    0.00    0.00    0.00    0.00    0.00    0.00    0.00    0.99   99.01
05:49:28       4    0.00    0.00    0.00    0.00    0.00    0.00    0.00    0.00  100.00
05:49:28       5    0.00    0.00    0.00    0.00    0.00    0.00    0.00    1.98   98.02
05:49:28       6    0.00    0.00    3.00    0.00    0.00    0.00    0.00    0.00   97.00
05:49:28       7    0.00    0.00    0.00    0.00    0.00    0.00    0.00    0.00  100.00

05:49:28     CPU    %usr   %nice    %sys %iowait    %irq   %soft  %steal  %guest   %idle
05:49:29     all    0.00    0.00    0.50    0.00    0.00    0.00    0.00    0.13   99.37
05:49:29       0    0.00    0.00    0.00    0.00    0.00    0.00    0.00    0.00  100.00
05:49:29       1    0.00    0.00    0.00    0.00    0.00    0.00    0.00    0.00  100.00
05:49:29       2    0.00    0.00    1.00    0.00    0.00    0.00    0.00    0.00   99.00
05:49:29       3    0.00    0.00    1.00    0.00    0.00    0.00    0.00    0.00   99.00
05:49:29       4    0.00    0.00    0.00    0.00    0.00    0.00    0.00    0.00  100.00
05:49:29       5    0.00    0.00    0.00    0.00    0.00    0.00    0.00    0.00  100.00
05:49:29       6    0.00    0.00    2.02    0.00    0.00    0.00    0.00    1.01   96.97
05:49:29       7    0.00    0.00    0.00    0.00    0.00    0.00    0.00    0.00  100.00

05:49:29     CPU    %usr   %nice    %sys %iowait    %irq   %soft  %steal  %guest   %idle
05:49:30     all    0.00    0.00    0.38    0.50    0.00    0.00    0.00    0.63   98.62
05:49:30       0    1.00    0.00    0.00    0.00    0.00    0.00    0.00    0.00   99.00
05:49:30       1    0.00    0.00    0.00    2.06    0.00    0.00    0.00    1.03   97.94
05:49:30       2    0.00    0.00    0.00    1.00    0.00    0.00    0.00    0.00   99.00
05:49:30       3    0.00    0.00    1.01    0.00    0.00    0.00    0.00    0.00   98.99
05:49:30       4    0.00    0.00    0.00    0.00    0.00    0.00    0.00    0.00  100.00
05:49:30       5    0.00    0.00    0.00    0.00    0.00    0.00    0.00    2.02   97.98
05:49:30       6    0.00    0.00    2.02    0.00    0.00    0.00    0.00    0.00   97.98
05:49:30       7    0.00    0.00    0.00    0.00    0.00    0.00    0.00    1.01   98.99

05:49:30     CPU    %usr   %nice    %sys %iowait    %irq   %soft  %steal  %guest   %idle
05:49:31     all    0.13    0.00    0.50    0.00    0.00    0.00    0.00    0.13   99.25
05:49:31       0    0.00    0.00    0.00    0.00    0.00    0.00    0.00    0.00  100.00
05:49:31       1    0.00    0.00    0.00    0.00    0.00    0.00    0.00    0.00  100.00
05:49:31       2    0.00    0.00    0.00    0.00    0.00    0.00    0.00    1.00   99.00
05:49:31       3    0.00    0.00    1.00    0.00    0.00    0.00    0.00    1.00   99.00
05:49:31       4    0.00    0.00    0.00    0.00    0.00    0.00    0.00    0.00  100.00
05:49:31       5    0.00    0.00    0.00    0.00    0.00    0.00    0.00    0.00  100.00
05:49:31       6    0.00    0.00    3.00    0.00    0.00    0.00    0.00    0.00   97.00
05:49:31       7    0.00    0.00    0.00    0.00    0.00    0.00    0.00    0.00  100.00

05:49:31     CPU    %usr   %nice    %sys %iowait    %irq   %soft  %steal  %guest   %idle
05:49:32     all    0.13    0.00    0.38    0.63    0.00    0.00    0.00    0.25   98.62
05:49:32       0    0.00    0.00    2.00    3.00    0.00    0.00    0.00    0.00   95.00
05:49:32       1    0.00    0.00    0.00    3.03    0.00    0.00    0.00    0.00   96.97
05:49:32       2    0.00    0.00    0.00    0.00    0.00    0.00    0.00    0.99   99.01
05:49:32       3    1.00    0.00    0.00    0.00    0.00    0.00    0.00    0.00   99.00
05:49:32       4    0.00    0.00    0.00    0.00    0.00    0.00    0.00    0.00  100.00
05:49:32       5    0.00    0.00    0.00    0.00    0.00    0.00    0.00    0.00  100.00
05:49:32       6    1.00    0.00    0.00    0.00    0.00    0.00    0.00    0.00   99.00
05:49:32       7    1.00    0.00    0.00    0.00    0.00    0.00    0.00    0.00   99.00

05:49:32     CPU    %usr   %nice    %sys %iowait    %irq   %soft  %steal  %guest   %idle
05:49:33     all    0.63    0.00    0.25    0.25    0.00    0.13    0.00    0.25   98.50
05:49:33       0    0.00    0.00    2.02    0.00    0.00    1.01    0.00    0.00   96.97
05:49:33       1    0.00    0.00    0.00    1.00    0.00    0.00    0.00    0.00   99.00
05:49:33       2    0.00    0.00    0.00    0.00    0.00    0.00    0.00    1.00   99.00
05:49:33       3    3.06    0.00    0.00    0.00    0.00    0.00    0.00    0.00   96.94
05:49:33       4    1.00    0.00    0.00    0.00    0.00    0.00    0.00    0.00   99.00
05:49:33       5    0.00    0.00    0.99    0.00    0.00    0.00    0.00    0.99   98.02
05:49:33       6    0.00    0.00    0.00    0.00    0.00    0.00    0.00    0.00  100.00
05:49:33       7    0.00    0.00    0.00    0.00    0.00    0.00    0.00    1.01  100.00

05:49:33     CPU    %usr   %nice    %sys %iowait    %irq   %soft  %steal  %guest   %idle
05:49:34     all    0.00    0.00    0.25    0.13    0.00    0.00    0.00    0.38   99.25
05:49:34       0    1.01    0.00    2.02    0.00    0.00    0.00    0.00    0.00   96.97
05:49:34       1    1.00    0.00    0.00    1.00    0.00    0.00    0.00    0.00   98.00
05:49:34       2    0.00    0.00    0.00    0.00    0.00    0.00    0.00    0.00  100.00
05:49:34       3    0.00    0.00    0.00    0.00    0.00    0.00    0.00    0.99   99.01
05:49:34       4    0.00    0.00    0.00    0.00    0.00    0.00    0.00    0.00  100.00
05:49:34       5    0.00    0.00    0.00    0.00    0.00    0.00    0.00    1.00   99.00
05:49:34       6    0.00    0.00    0.00    0.00    0.00    0.00    0.00    1.00  100.00
05:49:34       7    0.00    0.00    0.00    0.00    0.00    0.00    0.00    0.00  100.00

05:49:34     CPU    %usr   %nice    %sys %iowait    %irq   %soft  %steal  %guest   %idle
05:49:35     all    0.25    0.00    0.25    0.00    0.00    0.00    0.00    0.38   99.12
05:49:35       0    2.02    0.00    0.00    1.01    0.00    0.00    0.00    0.00   96.97
05:49:35       1    0.00    0.00    0.00    0.00    0.00    0.00    0.00    1.01   98.99
05:49:35       2    0.00    0.00    0.00    0.00    0.00    0.00    0.00    0.99   99.01
05:49:35       3    0.00    0.00    0.00    0.00    0.00    0.00    0.00    0.00  100.00
05:49:35       4    0.00    0.00    0.00    0.00    0.00    0.00    0.00    0.00  100.00
05:49:35       5    0.00    0.00    1.00    0.00    0.00    0.00    0.00    1.00   99.00
05:49:35       6    0.00    0.00    0.00    0.00    0.00    0.00    0.00    0.00  100.00
05:49:35       7    0.99    0.00    0.00    0.00    0.00    0.00    0.00    0.99   98.02

05:49:35     CPU    %usr   %nice    %sys %iowait    %irq   %soft  %steal  %guest   %idle
05:49:36     all    0.00    0.00    0.38    0.00    0.00    0.00    0.00    0.25   99.37
05:49:36       0    0.00    0.00    3.96    0.00    0.00    0.00    0.00    0.00   96.04
05:49:36       1    0.00    0.00    0.00    0.00    0.00    0.00    0.00    0.00  100.00
05:49:36       2    0.00    0.00    0.00    0.00    0.00    0.00    0.00    0.00  100.00
05:49:36       3    0.00    0.00    0.00    0.00    0.00    0.00    0.00    0.00  100.00
05:49:36       4    0.00    0.00    0.00    0.00    0.00    0.00    0.00    0.00  100.00
05:49:36       5    1.00    0.00    0.00    0.00    0.00    0.00    0.00    0.00   99.00
05:49:36       6    0.99    0.00    0.00    0.00    0.00    0.00    0.00    0.00   99.01
05:49:36       7    0.00    0.00    0.00    0.00    0.00    0.00    0.00    1.00  100.00

05:49:36     CPU    %usr   %nice    %sys %iowait    %irq   %soft  %steal  %guest   %idle
05:49:37     all    0.63    0.00    0.63    0.00    0.00    0.00    0.00    0.25   98.50
05:49:37       0    0.00    0.00    2.02    0.00    0.00    0.00    0.00    0.00   97.98
05:49:37       1    0.00    0.00    0.00    0.00    0.00    0.00    0.00    0.00  100.00
05:49:37       2    2.00    0.00    1.00    0.00    0.00    0.00    0.00    0.00   97.00
05:49:37       3    2.97    0.00    0.99    0.00    0.00    0.00    0.00    0.00   96.04
05:49:37       4    0.00    0.00    0.99    0.00    0.00    0.00    0.00    0.00   99.01
05:49:37       5    0.00    0.00    0.00    0.00    0.00    0.00    0.00    0.00  100.00
05:49:37       6    0.00    0.00    0.00    0.00    0.00    0.00    0.00    0.00  100.00
05:49:37       7    1.98    0.00    0.00    0.00    0.00    0.00    0.00    0.00   98.02

05:49:37     CPU    %usr   %nice    %sys %iowait    %irq   %soft  %steal  %guest   %idle
05:49:38     all    1.01    0.00    1.26    0.25    0.00    0.00    0.00    0.63   96.85
05:49:38       0    0.00    0.00    2.04    0.00    0.00    0.00    0.00    0.00   97.96
05:49:38       1    0.00    0.00    0.00    0.00    0.00    0.00    0.00    0.00  100.00
05:49:38       2    2.02    0.00    2.02    0.00    0.00    0.00    0.00    1.01   94.95
05:49:38       3    4.04    0.00    3.03    1.01    0.00    0.00    0.00    0.00   91.92
05:49:38       4    0.00    0.00    0.99    0.99    0.00    0.00    0.00    2.97   95.05
05:49:38       5    0.00    0.00    1.00    0.00    0.00    0.00    0.00    0.00   99.00
05:49:38       6    0.00    0.00    0.00    0.00    0.00    0.00    0.00    1.02   98.98
05:49:38       7    0.00    0.00    1.01    0.00    0.00    0.00    0.00    0.00   98.99

05:49:38     CPU    %usr   %nice    %sys %iowait    %irq   %soft  %steal  %guest   %idle
05:49:39     all    1.01    0.00    1.13    0.13    0.00    0.00    0.00    0.25   97.48
05:49:39       0    0.00    0.00    0.00    1.00    0.00    0.00    0.00    1.00   99.00
05:49:39       1    0.00    0.00    0.00    1.03    0.00    0.00    0.00    0.00   98.97
05:49:39       2    2.02    0.00    2.02    0.00    0.00    0.00    0.00    0.00   95.96
05:49:39       3    6.00    0.00    3.00    0.00    0.00    0.00    0.00    0.00   91.00
05:49:39       4    0.00    0.00    3.00    0.00    0.00    0.00    0.00    0.00   97.00
05:49:39       5    1.00    0.00    1.00    0.00    0.00    0.00    0.00    0.00   98.00
05:49:39       6    0.00    0.00    0.99    0.00    0.00    0.00    0.00    0.99   98.02
05:49:39       7    0.00    0.00    0.00    0.00    0.00    0.00    0.00    0.00  100.00

05:49:39     CPU    %usr   %nice    %sys %iowait    %irq   %soft  %steal  %guest   %idle
05:49:40     all    1.39    0.00    2.15    0.13    0.00    0.00    0.00   13.91   82.43
05:49:40       0    1.00    0.00    2.00    0.00    0.00    0.00    0.00    4.00   93.00
05:49:40       1    0.00    0.00    1.02    0.00    0.00    0.00    0.00   41.84   57.14
05:49:40       2    1.00    0.00    2.00    1.00    0.00    0.00    0.00    0.00   96.00
05:49:40       3    2.00    0.00    2.00    0.00    0.00    0.00    0.00   27.00   69.00
05:49:40       4    3.00    0.00    5.00    0.00    0.00    0.00    0.00    4.00   88.00
05:49:40       5    0.00    0.00    1.03    0.00    0.00    0.00    0.00   19.59   80.41
05:49:40       6    2.02    0.00    3.03    0.00    0.00    0.00    0.00    0.00   94.95
05:49:40       7    0.00    0.00    1.02    0.00    0.00    0.00    0.00   18.37   80.61

05:49:40     CPU    %usr   %nice    %sys %iowait    %irq   %soft  %steal  %guest   %idle
05:49:41     all    1.14    0.00    1.52    0.25    0.00    0.13    0.00   32.07   64.90
05:49:41       0    0.00    0.00    1.01    0.00    0.00    0.00    0.00   27.27   71.72
05:49:41       1    0.00    0.00    0.00    0.00    0.00    0.00    0.00  100.00    0.00
05:49:41       2    0.00    0.00    2.02    0.00    0.00    1.01    0.00   21.21   75.76
05:49:41       3    0.00    0.00    0.00    1.02    0.00    0.00    0.00   60.20   38.78
05:49:41       4    7.07    0.00    6.06    0.00    0.00    0.00    0.00   18.18   68.69
05:49:41       5    0.00    0.00    0.00    0.00    0.00    0.00    0.00    0.00  100.00
05:49:41       6    2.02    0.00    1.01    1.01    0.00    0.00    0.00   28.28   67.68
05:49:41       7    1.01    0.00    1.01    0.00    0.00    0.00    0.00    0.00   97.98

05:49:41     CPU    %usr   %nice    %sys %iowait    %irq   %soft  %steal  %guest   %idle
05:49:42     all    1.00    0.00    1.37    0.37    0.00    0.00    0.00   39.33   57.93
05:49:42       0    1.01    0.00    0.00    1.01    0.00    0.00    0.00   52.53   45.45
05:49:42       1    0.00    0.00    0.99    0.00    0.00    0.00    0.00   51.49   47.52
05:49:42       2    3.00    0.00    2.00    0.00    0.00    0.00    0.00   36.00   59.00
05:49:42       3    0.00    0.00    0.98    0.00    0.00    0.00    0.00   81.37   17.65
05:49:42       4    3.03    0.00    4.04    0.00    0.00    0.00    0.00    1.01   91.92
05:49:42       5    0.99    0.00    2.97    0.00    0.00    0.00    0.00    4.95   91.09
05:49:42       6    0.00    0.00    1.00    1.00    0.00    0.00    0.00   86.00   12.00
05:49:42       7    1.01    0.00    0.00    0.00    0.00    0.00    0.00    0.00   98.99

05:49:42     CPU    %usr   %nice    %sys %iowait    %irq   %soft  %steal  %guest   %idle
05:49:43     all    1.38    0.00    0.88    0.25    0.00    0.00    0.00   43.52   53.96
05:49:43       0    0.00    0.00    1.00    1.00    0.00    0.00    0.00   68.00   30.00
05:49:43       1    1.01    0.00    1.01    0.00    0.00    0.00    0.00   29.29   68.69
05:49:43       2    0.00    0.00    0.00    0.00    0.00    0.00    0.00   89.00   11.00
05:49:43       3    1.00    0.00    0.00    0.00    0.00    0.00    0.00   63.00   36.00
05:49:43       4    4.17    0.00    0.00    1.04    0.00    0.00    0.00    0.00   94.79
05:49:43       5    1.00    0.00    1.00    0.00    0.00    0.00    0.00   62.00   36.00
05:49:43       6    5.05    0.00    2.02    0.00    0.00    0.00    0.00    1.01   91.92
05:49:43       7    1.00    0.00    2.00    0.00    0.00    0.00    0.00   32.00   65.00

05:49:43     CPU    %usr   %nice    %sys %iowait    %irq   %soft  %steal  %guest   %idle
05:49:44     all    1.64    0.00    1.51    0.76    0.00    0.00    0.00   32.37   63.73
05:49:44       0    0.00    0.00    0.00    1.00    0.00    0.00    0.00   73.00   26.00
05:49:44       1    0.00    0.00    0.00    1.01    0.00    0.00    0.00    0.00   98.99
05:49:44       2    3.09    0.00    2.06    2.06    0.00    0.00    0.00    3.09   89.69
05:49:44       3    0.00    0.00    1.00    1.00    0.00    0.00    0.00    0.00   98.00
05:49:44       4    9.00    0.00    5.00    1.00    0.00    0.00    0.00    0.00   85.00
05:49:44       5    0.00    0.00    1.01    0.00    0.00    0.00    0.00   36.36   62.63
05:49:44       6    0.00    0.00    1.98    0.00    0.00    0.00    0.00   68.32   29.70
05:49:44       7    0.00    0.00    1.00    1.00    0.00    0.00    0.00   77.00   21.00

05:49:44     CPU    %usr   %nice    %sys %iowait    %irq   %soft  %steal  %guest   %idle
05:49:45     all    0.88    0.00    1.76    1.26    0.00    0.00    0.00   29.94   66.16
05:49:45       0    0.00    0.00    3.00    2.00    0.00    0.00    0.00    5.00   90.00
05:49:45       1    0.00    0.00    1.02    2.04    0.00    0.00    0.00   43.88   53.06
05:49:45       2    2.00    0.00    2.00    2.00    0.00    0.00    0.00   33.00   61.00
05:49:45       3    0.00    0.00    0.00    0.00    0.00    0.00    0.00   29.59   71.43
05:49:45       4    2.02    0.00    1.01    1.01    0.00    0.00    0.00   32.32   63.64
05:49:45       5    1.00    0.00    3.00    3.00    0.00    0.00    0.00   16.00   77.00
05:49:45       6    0.00    0.00    1.02    0.00    0.00    0.00    0.00   53.06   45.92
05:49:45       7    1.98    0.00    0.00    0.00    0.00    0.99    0.00   28.71   68.32

05:49:45     CPU    %usr   %nice    %sys %iowait    %irq   %soft  %steal  %guest   %idle
05:49:46     all    1.26    0.00    1.90    0.38    0.00    0.00    0.00   15.17   81.29
05:49:46       0    1.01    0.00    2.02    0.00    0.00    0.00    0.00   30.30   66.67
05:49:46       1    1.00    0.00    2.00    0.00    0.00    0.00    0.00   26.00   71.00
05:49:46       2    0.00    0.00    4.08    1.02    0.00    0.00    0.00   14.29   80.61
05:49:46       3    2.04    0.00    3.06    0.00    0.00    0.00    0.00    0.00   94.90
05:49:46       4    1.01    0.00    1.01    0.00    0.00    0.00    0.00   26.26   71.72
05:49:46       5    3.96    0.00    2.97    2.97    0.00    0.00    0.00    0.00   90.10
05:49:46       6    0.99    0.00    2.97    0.00    0.00    0.00    0.00   23.76   72.28
05:49:46       7    0.00    0.00    0.00    0.00    0.00    0.00    0.00    0.00  100.00

05:49:46     CPU    %usr   %nice    %sys %iowait    %irq   %soft  %steal  %guest   %idle
05:49:47     all    1.39    0.00    1.26    0.50    0.00    0.00    0.00   16.88   79.97
05:49:47       0    1.00    0.00    1.00    1.00    0.00    0.00    0.00   27.00   70.00
05:49:47       1    1.02    0.00    0.00    2.04    0.00    0.00    0.00    6.12   90.82
05:49:47       2    1.01    0.00    2.02    1.01    0.00    0.00    0.00   12.12   83.84
05:49:47       3    5.00    0.00    3.00    0.00    0.00    0.00    0.00   31.00   61.00
05:49:47       4    1.01    0.00    1.01    1.01    0.00    0.00    0.00    0.00   96.97
05:49:47       5    0.00    0.00    0.00    0.00    0.00    0.00    0.00   23.23   76.77
05:49:47       6    0.00    0.00    0.00    0.00    0.00    0.00    0.00   35.35   64.65
05:49:47       7    2.04    0.00    1.02    0.00    0.00    0.00    0.00    0.00   96.94

05:49:47     CPU    %usr   %nice    %sys %iowait    %irq   %soft  %steal  %guest   %idle
05:49:48     all    1.01    0.00    0.88    0.13    0.00    0.13    0.00    0.25   97.61
05:49:48       0    0.00    0.00    0.00    0.00    0.00    0.00    0.00    0.00  100.00
05:49:48       1    0.00    0.00    0.00    0.00    0.00    0.00    0.00    0.00  100.00
05:49:48       2    2.00    0.00    2.00    0.00    0.00    0.00    0.00    0.00   96.00
05:49:48       3    6.06    0.00    3.03    0.00    0.00    0.00    0.00    0.00   90.91
05:49:48       4    0.00    0.00    0.99    0.00    0.00    0.00    0.00    0.99   98.02
05:49:48       5    0.00    0.00    0.00    0.00    0.00    0.00    0.00    0.00  100.00
05:49:48       6    0.00    0.00    0.99    0.00    0.00    0.99    0.00    0.99   97.03
05:49:48       7    0.00    0.00    1.01    0.00    0.00    0.00    0.00    0.00   98.99

05:49:48     CPU    %usr   %nice    %sys %iowait    %irq   %soft  %steal  %guest   %idle
05:49:49     all    1.51    0.00    1.38    0.13    0.00    0.00    0.00    0.25   96.73
05:49:49       0    0.00    0.00    0.00    1.01    0.00    0.00    0.00    1.01   98.99
05:49:49       1    0.00    0.00    0.00    0.00    0.00    0.00    0.00    0.00  100.00
05:49:49       2    5.00    0.00    2.00    0.00    0.00    0.00    0.00    0.00   93.00
05:49:49       3    6.06    0.00    4.04    0.00    0.00    0.00    0.00    0.00   89.90
05:49:49       4    1.00    0.00    1.00    0.00    0.00    0.00    0.00    0.00   98.00
05:49:49       5    0.00    0.00    0.99    0.00    0.00    0.00    0.00    0.00   99.01
05:49:49       6    0.00    0.00    2.04    0.00    0.00    0.00    0.00    1.02   96.94
05:49:49       7    1.01    0.00    0.00    0.00    0.00    0.00    0.00    0.00   98.99

05:49:49     CPU    %usr   %nice    %sys %iowait    %irq   %soft  %steal  %guest   %idle
05:49:50     all    1.13    0.00    1.26    0.38    0.00    0.00    0.00    0.25   96.98
05:49:50       0    0.00    0.00    2.00    2.00    0.00    0.00    0.00    0.00   96.00
05:49:50       1    0.00    0.00    1.02    0.00    0.00    0.00    0.00    0.00   98.98
05:49:50       2    3.06    0.00    1.02    0.00    0.00    0.00    0.00    0.00   95.92
05:49:50       3    5.94    0.00    4.95    0.00    0.00    0.00    0.00    0.00   89.11
05:49:50       4    0.00    0.00    0.00    0.00    0.00    0.00    0.00    1.02  100.00
05:49:50       5    0.00    0.00    0.00    0.00    0.00    0.00    0.00    0.00  100.00
05:49:50       6    0.00    0.00    2.00    0.00    0.00    0.00    0.00    1.00   97.00
05:49:50       7    0.00    0.00    0.00    0.00    0.00    0.00    0.00    0.00  100.00

05:49:50     CPU    %usr   %nice    %sys %iowait    %irq   %soft  %steal  %guest   %idle
05:49:51     all    0.88    0.00    1.13    0.13    0.00    0.00    0.00    0.25   97.60
05:49:51       0    0.00    0.00    2.00    1.00    0.00    0.00    0.00    1.00   96.00
05:49:51       1    0.00    0.00    1.01    0.00    0.00    0.00    0.00    0.00   98.99
05:49:51       2    4.04    0.00    3.03    1.01    0.00    0.00    0.00    0.00   91.92
05:49:51       3    2.00    0.00    2.00    0.00    0.00    0.00    0.00    0.00   96.00
05:49:51       4    1.00    0.00    0.00    0.00    0.00    1.00    0.00    0.00   98.00
05:49:51       5    1.00    0.00    1.00    0.00    0.00    0.00    0.00    0.00   98.00
05:49:51       6    1.00    0.00    0.00    0.00    0.00    0.00    0.00    0.00   99.00
05:49:51       7    0.00    0.00    0.00    0.00    0.00    0.00    0.00    0.00  100.00

05:49:51     CPU    %usr   %nice    %sys %iowait    %irq   %soft  %steal  %guest   %idle
05:49:52     all    1.26    0.00    1.01    0.50    0.00    0.00    0.00    0.50   96.73
05:49:52       0    0.00    0.00    0.00    0.00    0.00    0.00    0.00    1.02   98.98
05:49:52       1    0.00    0.00    0.00    3.06    0.00    0.00    0.00    0.00   96.94
05:49:52       2    5.10    0.00    3.06    0.00    0.00    0.00    0.00    0.00   91.84
05:49:52       3    0.00    0.00    0.00    0.00    0.00    0.00    0.00    0.00  100.00
05:49:52       4    0.99    0.00    1.98    0.99    0.00    0.00    0.00    1.98   94.06
05:49:52       5    1.98    0.00    0.99    0.00    0.00    0.00    0.00    0.00   97.03
05:49:52       6    0.00    0.00    2.00    1.00    0.00    0.00    0.00    2.00   96.00
05:49:52       7    0.00    0.00    0.00    0.00    0.00    0.00    0.00    0.00  100.00

05:49:52     CPU    %usr   %nice    %sys %iowait    %irq   %soft  %steal  %guest   %idle
05:49:53     all    1.26    0.00    1.38    0.25    0.00    0.00    0.00    0.38   96.73
05:49:53       0    2.02    0.00    0.00    0.00    0.00    0.00    0.00    0.00   97.98
05:49:53       1    1.02    0.00    0.00    0.00    0.00    0.00    0.00    0.00   98.98
05:49:53       2    1.00    0.00    4.00    0.00    0.00    0.00    0.00    1.00   94.00
05:49:53       3    6.00    0.00    4.00    0.00    0.00    0.00    0.00    0.00   90.00
05:49:53       4    2.00    0.00    1.00    1.00    0.00    0.00    0.00    0.00   96.00
05:49:53       5    0.00    0.00    1.00    0.00    0.00    0.00    0.00    0.00   99.00
05:49:53       6    1.98    0.00    0.99    0.00    0.00    0.00    0.00    0.99   96.04
05:49:53       7    0.00    0.00    0.00    0.00    0.00    0.00    0.00    0.00  100.00
