Linux 3.2.0-40-generic (loadgen162) 	02/08/2013 	_x86_64_	(8 CPU)

05:48:59     CPU    %usr   %nice    %sys %iowait    %irq   %soft  %steal  %guest   %idle
05:49:00     all    3.14    0.00    8.81    7.55    0.00    4.28    0.00   29.94   46.29
05:49:00       0    1.00    0.00    7.00    6.00    0.00    0.00    0.00   31.00   55.00
05:49:00       1    1.05    0.00    5.26    1.05    0.00    3.16    0.00   34.74   54.74
05:49:00       2    6.00    0.00   13.00   16.00    0.00    5.00    0.00   14.00   46.00
05:49:00       3    5.00    0.00    9.00   29.00    0.00    6.00    0.00   35.00   16.00
05:49:00       4    4.81    0.00   13.46    0.96    0.00    5.77    0.00   35.58   39.42
05:49:00       5    4.17    0.00    6.25    3.12    0.00    4.17    0.00   23.96   58.33
05:49:00       6    2.97    0.00    7.92    2.97    0.00    1.98    0.00   22.77   61.39
05:49:00       7    3.03    0.00    8.08    0.00    0.00    8.08    0.00   40.40   40.40

05:49:00     CPU    %usr   %nice    %sys %iowait    %irq   %soft  %steal  %guest   %idle
05:49:01     all    0.77    0.00    3.57    9.44    0.00    2.17    0.00   24.74   59.31
05:49:01       0    0.00    0.00    2.11   33.68    0.00    0.00    0.00   36.84   27.37
05:49:01       1    1.01    0.00    4.04    0.00    0.00    1.01    0.00   33.33   60.61
05:49:01       2    2.04    0.00    4.08    5.10    0.00    2.04    0.00   16.33   70.41
05:49:01       3    1.01    0.00    5.05   17.17    0.00    5.05    0.00   27.27   44.44
05:49:01       4    0.00    0.00    3.06    2.04    0.00    2.04    0.00   16.33   77.55
05:49:01       5    1.02    0.00    4.08   15.31    0.00    2.04    0.00   20.41   57.14
05:49:01       6    0.00    0.00    2.04    2.04    0.00    0.00    0.00   15.31   80.61
05:49:01       7    1.03    0.00    4.12    1.03    0.00    4.12    0.00   34.02   55.67

05:49:01     CPU    %usr   %nice    %sys %iowait    %irq   %soft  %steal  %guest   %idle
05:49:02     all    1.52    0.00   14.29    0.51    0.00    1.90    0.00   66.25   15.55
05:49:02       0    0.98    0.00   12.75    0.98    0.00    0.00    0.00   72.55   12.75
05:49:02       1    0.00    0.00    2.04    0.00    0.00    1.02    0.00   82.65   14.29
05:49:02       2    0.00    0.00   30.93    1.03    0.00    2.06    0.00   64.95    1.03
05:49:02       3    4.00    0.00   15.00    0.00    0.00    4.00    0.00   51.00   26.00
05:49:02       4    2.04    0.00   24.49    0.00    0.00    2.04    0.00   56.12   15.31
05:49:02       5    1.00    0.00    2.00    0.00    0.00    2.00    0.00   85.00   10.00
05:49:02       6    3.06    0.00   18.37    2.04    0.00    1.02    0.00   47.96   27.55
05:49:02       7    1.03    0.00    8.25    0.00    0.00    4.12    0.00   70.10   16.49

05:49:02     CPU    %usr   %nice    %sys %iowait    %irq   %soft  %steal  %guest   %idle
05:49:03     all    0.76    0.00    6.84    0.89    0.00    2.92    0.00   75.03   13.56
05:49:03       0    0.00    0.00    3.03    0.00    0.00    0.00    0.00   94.95    2.02
05:49:03       1    1.00    0.00    2.00    0.00    0.00    2.00    0.00   93.00    2.00
05:49:03       2    2.02    0.00   10.10    5.05    0.00    3.03    0.00   67.68   12.12
05:49:03       3    0.00    0.00    7.92    0.00    0.00    5.94    0.00   62.38   23.76
05:49:03       4    1.00    0.00    1.00    0.00    0.00    2.00    0.00   93.00    3.00
05:49:03       5    1.03    0.00    8.25    0.00    0.00    1.03    0.00   83.51    6.19
05:49:03       6    0.00    0.00   15.15    2.02    0.00    3.03    0.00   52.53   27.27
05:49:03       7    2.11    0.00    7.37    0.00    0.00    5.26    0.00   50.53   34.74

05:49:03     CPU    %usr   %nice    %sys %iowait    %irq   %soft  %steal  %guest   %idle
05:49:04     all    1.14    0.00    5.31    0.00    0.00    2.40    0.00   75.09   16.06
05:49:04       0    0.00    0.00    0.00    0.00    0.00    0.00    0.00  100.00    0.00
05:49:04       1    0.00    0.00    3.03    0.00    0.00    1.01    0.00   96.97    0.00
05:49:04       2    2.08    0.00    8.33    0.00    0.00    3.12    0.00   72.92   13.54
05:49:04       3    1.00    0.00    2.00    0.00    0.00    5.00    0.00   92.00    0.00
05:49:04       4    0.00    0.00    2.02    0.00    0.00    0.00    0.00   97.98    0.00
05:49:04       5    2.04    0.00    9.18    0.00    0.00    3.06    0.00   50.00   35.71
05:49:04       6    1.02    0.00   11.22    0.00    0.00    3.06    0.00   42.86   41.84
05:49:04       7    2.02    0.00    8.08    0.00    0.00    4.04    0.00   49.49   36.36

05:49:04     CPU    %usr   %nice    %sys %iowait    %irq   %soft  %steal  %guest   %idle
05:49:05     all    0.89    0.00    7.75    0.00    0.00    2.16    0.00   75.35   13.85
05:49:05       0    0.00    0.00    4.00    0.00    0.00    0.00    0.00   96.00    0.00
05:49:05       1    0.00    0.00    4.00    0.00    0.00    1.00    0.00   95.00    0.00
05:49:05       2    0.00    0.00   11.00    0.00    0.00    2.00    0.00   76.00   11.00
05:49:05       3    0.00    0.00    2.02    0.00    0.00    1.01    0.00   96.97    0.00
05:49:05       4    3.12    0.00   13.54    0.00    0.00    5.21    0.00   42.71   35.42
05:49:05       5    1.00    0.00    7.00    0.00    0.00    2.00    0.00   88.00    2.00
05:49:05       6    1.04    0.00    8.33    0.00    0.00    1.04    0.00   59.38   30.21
05:49:05       7    2.08    0.00   12.50    0.00    0.00    5.21    0.00   45.83   34.38

05:49:05     CPU    %usr   %nice    %sys %iowait    %irq   %soft  %steal  %guest   %idle
05:49:06     all    1.39    0.00    5.70    0.13    0.00    2.15    0.00   72.88   17.74
05:49:06       0    0.00    0.00    3.00    0.00    0.00    0.00    0.00   97.00    0.00
05:49:06       1    1.00    0.00    3.00    0.00    0.00    1.00    0.00   95.00    0.00
05:49:06       2    2.91    0.00    8.74    0.97    0.00    3.88    0.00   53.40   30.10
05:49:06       3    0.00    0.00    4.95    0.00    0.00    2.97    0.00   92.08    0.00
05:49:06       4    2.06    0.00    7.22    1.03    0.00    1.03    0.00   49.48   39.18
05:49:06       5    0.00    0.00    2.00    0.00    0.00    2.00    0.00   96.00    0.00
05:49:06       6    2.00    0.00    7.00    0.00    0.00    2.00    0.00   69.00   20.00
05:49:06       7    6.59    0.00    8.79    0.00    0.00    5.49    0.00   23.08   56.04

05:49:06     CPU    %usr   %nice    %sys %iowait    %irq   %soft  %steal  %guest   %idle
05:49:07     all    1.51    0.00   12.08    0.13    0.00    2.01    0.00   71.19   13.08
05:49:07       0    0.00    0.00    1.00    0.00    0.00    0.00    0.00   99.00    0.00
05:49:07       1    0.00    0.00    3.96    0.00    0.00    0.99    0.00   95.05    0.00
05:49:07       2    1.01    0.00   23.23    0.00    0.00    1.01    0.00   58.59   16.16
05:49:07       3    0.00    0.00    3.03    0.00    0.00    3.03    0.00   93.94    0.00
05:49:07       4    3.03    0.00   22.22    0.00    0.00    2.02    0.00   42.42   30.30
05:49:07       5    1.00    0.00    4.00    0.00    0.00    1.00    0.00   94.00    0.00
05:49:07       6    4.12    0.00   12.37    0.00    0.00    1.03    0.00   46.39   36.08
05:49:07       7    2.02    0.00   27.27    0.00    0.00    7.07    0.00   39.39   24.24

05:49:07     CPU    %usr   %nice    %sys %iowait    %irq   %soft  %steal  %guest   %idle
05:49:08     all    1.64    0.00    4.79    0.38    0.00    2.39    0.00   70.78   20.03
05:49:08       0    0.00    0.00    2.00    0.00    0.00    0.00    0.00   98.00    0.00
05:49:08       1    1.04    0.00    7.29    0.00    0.00    2.08    0.00   65.62   23.96
05:49:08       2    5.00    0.00    8.00    1.00    0.00    3.00    0.00   46.00   37.00
05:49:08       3    0.00    0.00    2.00    0.00    0.00    5.00    0.00   94.00    0.00
05:49:08       4    0.00    0.00    5.00    0.00    0.00    2.00    0.00   79.00   14.00
05:49:08       5    0.00    0.00    1.00    0.00    0.00    2.00    0.00   98.00    0.00
05:49:08       6    5.05    0.00    8.08    0.00    0.00    2.02    0.00   43.43   41.41
05:49:08       7    3.09    0.00    4.12    1.03    0.00    3.09    0.00   43.30   45.36

05:49:08     CPU    %usr   %nice    %sys %iowait    %irq   %soft  %steal  %guest   %idle
05:49:09     all    1.41    0.00    6.41    0.38    0.00    3.85    0.00   75.13   12.82
05:49:09       0    1.03    0.00    5.15    0.00    0.00    0.00    0.00   82.47   11.34
05:49:09       1    1.04    0.00   11.46    1.04    0.00    2.08    0.00   65.62   18.75
05:49:09       2    3.30    0.00   14.29    0.00    0.00    4.40    0.00   49.45   28.57
05:49:09       3    1.00    0.00    1.00    0.00    0.00    5.00    0.00   89.00    4.00
05:49:09       4    1.00    0.00    2.00    1.00    0.00    2.00    0.00   90.00    4.00
05:49:09       5    3.12    0.00    6.25    1.04    0.00    5.21    0.00   65.62   18.75
05:49:09       6    0.00    0.00    7.77    0.97    0.00    1.94    0.00   83.50    5.83
05:49:09       7    2.11    0.00    4.21    0.00    0.00    8.42    0.00   71.58   13.68

05:49:09     CPU    %usr   %nice    %sys %iowait    %irq   %soft  %steal  %guest   %idle
05:49:10     all    1.27    0.00    6.88    9.94    0.00    3.44    0.00   50.96   27.52
05:49:10       0    1.01    0.00    5.05    0.00    0.00    0.00    0.00   66.67   27.27
05:49:10       1    1.05    0.00    8.42    0.00    0.00    3.16    0.00   57.89   29.47
05:49:10       2    3.00    0.00    6.00    9.00    0.00    2.00    0.00   42.00   38.00
05:49:10       3    2.08    0.00   12.50   35.42    0.00    7.29    0.00   23.96   18.75
05:49:10       4    2.02    0.00    6.06    0.00    0.00    4.04    0.00   53.54   34.34
05:49:10       5    0.00    0.00    9.09   13.13    0.00    4.04    0.00   41.41   32.32
05:49:10       6    1.01    0.00    3.03    0.00    0.00    2.02    0.00   61.62   32.32
05:49:10       7    1.98    0.00    5.94   20.79    0.00    5.94    0.00   57.43    7.92

05:49:10     CPU    %usr   %nice    %sys %iowait    %irq   %soft  %steal  %guest   %idle
05:49:11     all    1.28    0.00    6.27    1.28    0.00    4.48    0.00   73.88   12.80
05:49:11       0    0.00    0.00    9.47    0.00    0.00    1.05    0.00   70.53   20.00
05:49:11       1    4.17    0.00    8.33    1.04    0.00    4.17    0.00   59.38   22.92
05:49:11       2    0.00    0.00    2.02    0.00    0.00    4.04    0.00   86.87    7.07
05:49:11       3    2.04    0.00    3.06    5.10    0.00    5.10    0.00   77.55    7.14
05:49:11       4    0.00    0.00    6.12    0.00    0.00    6.12    0.00   73.47   14.29
05:49:11       5    1.03    0.00    3.09    0.00    0.00    3.09    0.00   84.54    8.25
05:49:11       6    0.00    0.00    3.00    1.00    0.00    2.00    0.00   85.00    9.00
05:49:11       7    1.03    0.00   13.40    4.12    0.00   11.34    0.00   56.70   13.40

05:49:11     CPU    %usr   %nice    %sys %iowait    %irq   %soft  %steal  %guest   %idle
05:49:12     all    1.67    0.00    6.31    0.00    0.00    2.96    0.00   49.94   39.12
05:49:12       0    0.00    0.00    5.10    0.00    0.00    0.00    0.00   60.20   34.69
05:49:12       1    0.00    0.00    6.25    0.00    0.00    2.08    0.00   57.29   34.38
05:49:12       2    1.02    0.00    7.14    0.00    0.00    2.04    0.00   36.73   53.06
05:49:12       3    4.26    0.00    7.45    0.00    0.00    4.26    0.00   25.53   58.51
05:49:12       4    0.99    0.00    7.92    0.00    0.00    1.98    0.00   85.15    3.96
05:49:12       5    2.11    0.00    4.21    0.00    0.00    2.11    0.00   48.42   43.16
05:49:12       6    0.00    0.00    6.25    0.00    0.00    1.04    0.00   61.46   31.25
05:49:12       7    3.03    0.00   10.10    0.00    0.00    9.09    0.00   23.23   54.55

05:49:12     CPU    %usr   %nice    %sys %iowait    %irq   %soft  %steal  %guest   %idle
05:49:13     all    1.29    0.00    6.56    0.51    0.00    1.93    0.00   29.56   60.15
05:49:13       0    1.00    0.00    6.00    1.00    0.00    1.00    0.00   25.00   66.00
05:49:13       1    3.06    0.00    4.08    1.02    0.00    2.04    0.00    9.18   80.61
05:49:13       2    1.03    0.00    7.22    0.00    0.00    0.00    0.00   30.93   60.82
05:49:13       3    2.08    0.00    7.29    0.00    0.00    3.12    0.00   15.62   71.88
05:49:13       4    0.00    0.00   10.10    0.00    0.00    2.02    0.00   86.87    1.01
05:49:13       5    2.06    0.00    3.09    0.00    0.00    2.06    0.00   17.53   75.26
05:49:13       6    1.05    0.00    6.32    0.00    0.00    0.00    0.00   41.05   51.58
05:49:13       7    2.11    0.00    6.32    1.05    0.00    5.26    0.00    8.42   76.84

05:49:13     CPU    %usr   %nice    %sys %iowait    %irq   %soft  %steal  %guest   %idle
05:49:14     all    1.29    0.00    5.55    4.39    0.00    2.84    0.00   34.32   51.61
05:49:14       0    0.00    0.00    2.15    0.00    0.00    0.00    0.00   33.33   64.52
05:49:14       1    0.00    0.00    7.07    4.04    0.00    2.02    0.00   42.42   44.44
05:49:14       2    1.04    0.00    5.21   14.58    0.00    2.08    0.00   22.92   54.17
05:49:14       3    2.06    0.00    7.22   14.43    0.00    5.15    0.00   29.90   41.24
05:49:14       4    2.02    0.00    4.04    0.00    0.00    3.03    0.00   49.49   41.41
05:49:14       5    0.00    0.00    6.38    1.06    0.00    5.32    0.00   20.21   67.02
05:49:14       6    2.04    0.00    4.08    0.00    0.00    1.02    0.00   56.12   36.73
05:49:14       7    3.06    0.00    7.14    0.00    0.00    6.12    0.00   19.39   64.29

05:49:14     CPU    %usr   %nice    %sys %iowait    %irq   %soft  %steal  %guest   %idle
05:49:15     all    2.58    0.00    8.38    5.15    0.00    5.41    0.00   36.98   41.49
05:49:15       0    1.02    0.00    5.10    1.02    0.00    0.00    0.00   62.24   30.61
05:49:15       1    3.09    0.00    9.28   24.74    0.00    3.09    0.00   30.93   28.87
05:49:15       2    3.23    0.00    4.30    4.30    0.00    5.38    0.00   24.73   58.06
05:49:15       3    2.11    0.00   14.74    9.47    0.00    9.47    0.00   33.68   30.53
05:49:15       4    3.96    0.00    7.92    0.00    0.00    4.95    0.00   33.66   49.50
05:49:15       5    2.02    0.00    8.08    2.02    0.00    8.08    0.00   33.33   46.46
05:49:15       6    1.05    0.00    8.42    0.00    0.00    1.05    0.00   36.84   52.63
05:49:15       7    4.00    0.00    9.00    1.00    0.00   10.00    0.00   40.00   36.00

05:49:15     CPU    %usr   %nice    %sys %iowait    %irq   %soft  %steal  %guest   %idle
05:49:16     all    2.69    0.00    8.06    0.00    0.00    5.75    0.00   35.81   47.70
05:49:16       0    0.00    0.00    3.03    0.00    0.00    0.00    0.00   50.51   46.46
05:49:16       1    2.02    0.00    8.08    0.00    0.00    6.06    0.00   40.40   43.43
05:49:16       2    2.06    0.00    8.25    0.00    0.00    7.22    0.00   26.80   55.67
05:49:16       3    4.04    0.00   10.10    0.00    0.00    9.09    0.00   46.46   30.30
05:49:16       4    4.30    0.00    9.68    0.00    0.00    4.30    0.00   19.35   62.37
05:49:16       5    3.06    0.00   11.22    0.00    0.00    4.08    0.00   45.92   35.71
05:49:16       6    3.09    0.00    6.19    0.00    0.00    0.00    0.00   12.37   78.35
05:49:16       7    3.00    0.00    9.00    0.00    0.00   14.00    0.00   43.00   31.00

05:49:16     CPU    %usr   %nice    %sys %iowait    %irq   %soft  %steal  %guest   %idle
05:49:17     all    2.57    0.00    6.68    0.00    0.00    3.72    0.00   32.35   54.69
05:49:17       0    2.06    0.00    4.12    0.00    0.00    0.00    0.00   54.64   39.18
05:49:17       1    2.08    0.00    5.21    0.00    0.00    4.17    0.00   44.79   43.75
05:49:17       2    2.06    0.00    6.19    0.00    0.00    3.09    0.00   25.77   62.89
05:49:17       3    4.12    0.00    8.25    0.00    0.00    8.25    0.00   30.93   48.45
05:49:17       4    4.08    0.00    8.16    0.00    0.00    4.08    0.00   15.31   68.37
05:49:17       5    3.03    0.00   10.10    0.00    0.00    5.05    0.00   20.20   61.62
05:49:17       6    1.00    0.00    3.00    0.00    0.00    2.00    0.00   21.00   73.00
05:49:17       7    2.06    0.00    7.22    1.03    0.00    4.12    0.00   45.36   40.21

05:49:17     CPU    %usr   %nice    %sys %iowait    %irq   %soft  %steal  %guest   %idle
05:49:18     all    2.53    0.00    6.59    0.00    0.00    4.82    0.00   41.95   44.11
05:49:18       0    2.94    0.00    5.88    0.00    0.00    0.00    0.00   58.82   32.35
05:49:18       1    2.04    0.00    3.06    0.00    0.00    4.08    0.00   55.10   35.71
05:49:18       2    2.17    0.00    5.43    0.00    0.00    2.17    0.00   26.09   64.13
05:49:18       3    1.01    0.00    5.05    0.00    0.00    8.08    0.00   68.69   17.17
05:49:18       4    0.00    0.00    9.18    0.00    0.00    5.10    0.00   45.92   39.80
05:49:18       5    4.04    0.00   11.11    0.00    0.00    6.06    0.00   19.19   59.60
05:49:18       6    3.92    0.00    6.86    0.00    0.00    2.94    0.00   34.31   51.96
05:49:18       7    3.06    0.00    7.14    0.00    0.00    9.18    0.00   27.55   53.06

05:49:18     CPU    %usr   %nice    %sys %iowait    %irq   %soft  %steal  %guest   %idle
05:49:19     all    2.68    0.00    7.27    0.00    0.00    4.59    0.00   42.86   42.60
05:49:19       0    0.00    0.00    3.00    0.00    0.00    0.00    0.00   59.00   38.00
05:49:19       1    2.04    0.00    6.12    0.00    0.00    3.06    0.00   57.14   31.63
05:49:19       2    4.08    0.00    8.16    0.00    0.00    5.10    0.00   25.51   57.14
05:49:19       3    2.06    0.00    9.28    0.00    0.00    9.28    0.00   65.98   13.40
05:49:19       4    5.21    0.00    7.29    0.00    0.00    6.25    0.00   28.12   53.12
05:49:19       5    0.00    0.00   11.22    0.00    0.00    4.08    0.00   53.06   31.63
05:49:19       6    4.08    0.00    4.08    0.00    0.00    2.04    0.00   20.41   69.39
05:49:19       7    4.08    0.00    9.18    0.00    0.00    8.16    0.00   33.67   44.90

05:49:19     CPU    %usr   %nice    %sys %iowait    %irq   %soft  %steal  %guest   %idle
05:49:20     all    2.04    0.00    5.22    0.51    0.00    3.31    0.00   34.10   54.83
05:49:20       0    1.01    0.00    3.03    1.01    0.00    0.00    0.00   28.28   66.67
05:49:20       1    2.00    0.00    7.00    0.00    0.00    3.00    0.00   38.00   50.00
05:49:20       2    2.06    0.00    5.15    1.03    0.00    2.06    0.00   23.71   65.98
05:49:20       3    5.26    0.00   10.53    0.00    0.00    4.21    0.00   13.68   66.32
05:49:20       4    4.04    0.00    4.04    0.00    0.00    6.06    0.00   12.12   73.74
05:49:20       5    0.00    0.00    3.00    0.00    0.00    4.00    0.00   92.00    1.00
05:49:20       6    2.06    0.00    3.09    2.06    0.00    1.03    0.00   18.56   73.20
05:49:20       7    2.02    0.00    6.06    0.00    0.00    5.05    0.00   42.42   44.44

05:49:20     CPU    %usr   %nice    %sys %iowait    %irq   %soft  %steal  %guest   %idle
05:49:21     all    2.98    0.00    7.64    0.00    0.00    4.92    0.00   42.23   42.23
05:49:21       0    0.99    0.00    5.94    0.00    0.00    0.00    0.00   34.65   58.42
05:49:21       1    2.00    0.00    7.00    0.00    0.00    3.00    0.00   65.00   23.00
05:49:21       2    3.12    0.00    7.29    0.00    0.00    4.17    0.00   41.67   43.75
05:49:21       3    7.07    0.00   10.10    0.00    0.00   11.11    0.00   31.31   40.40
05:49:21       4    3.09    0.00   10.31    0.00    0.00    5.15    0.00   24.74   56.70
05:49:21       5    4.21    0.00    3.16    0.00    0.00    3.16    0.00   56.84   32.63
05:49:21       6    3.09    0.00    9.28    0.00    0.00    3.09    0.00   40.21   44.33
05:49:21       7    1.09    0.00    8.70    0.00    0.00   11.96    0.00   41.30   36.96

05:49:21     CPU    %usr   %nice    %sys %iowait    %irq   %soft  %steal  %guest   %idle
05:49:22     all    1.65    0.00    4.83    0.00    0.00    2.92    0.00   35.58   55.02
05:49:22       0    0.00    0.00    3.09    0.00    0.00    0.00    0.00   44.33   52.58
05:49:22       1    1.02    0.00    5.10    0.00    0.00    2.04    0.00   33.67   58.16
05:49:22       2    0.00    0.00    3.92    0.00    0.00    1.96    0.00   85.29    8.82
05:49:22       3    2.06    0.00    6.19    0.00    0.00    5.15    0.00   24.74   61.86
05:49:22       4    1.96    0.00    6.86    0.00    0.00    2.94    0.00   19.61   68.63
05:49:22       5    2.15    0.00    4.30    0.00    0.00    3.23    0.00    7.53   82.80
05:49:22       6    1.02    0.00    4.08    0.00    0.00    0.00    0.00   53.06   41.84
05:49:22       7    3.12    0.00    4.17    0.00    0.00    6.25    0.00   16.67   69.79

05:49:22     CPU    %usr   %nice    %sys %iowait    %irq   %soft  %steal  %guest   %idle
05:49:23     all    2.07    0.00    8.93    0.26    0.00    2.59    0.00   33.64   52.52
05:49:23       0    1.01    0.00    3.03    1.01    0.00    0.00    0.00   36.36   58.59
05:49:23       1    2.15    0.00    5.38    1.08    0.00    0.00    0.00   16.13   75.27
05:49:23       2    0.00    0.00    9.18    0.00    0.00    4.08    0.00   56.12   30.61
05:49:23       3    3.16    0.00   13.68    0.00    0.00    4.21    0.00   28.42   50.53
05:49:23       4    2.08    0.00   15.62    1.04    0.00    1.04    0.00   42.71   37.50
05:49:23       5    3.12    0.00    7.29    0.00    0.00    4.17    0.00   35.42   50.00
05:49:23       6    2.08    0.00    6.25    0.00    0.00    2.08    0.00   17.71   71.88
05:49:23       7    1.00    0.00   11.00    0.00    0.00    5.00    0.00   36.00   47.00

05:49:23     CPU    %usr   %nice    %sys %iowait    %irq   %soft  %steal  %guest   %idle
05:49:24     all    2.78    0.00    8.22    0.51    0.00    3.79    0.00   38.05   46.65
05:49:24       0    0.98    0.00    5.88    0.00    0.00    0.98    0.00   53.92   38.24
05:49:24       1    2.02    0.00    7.07    0.00    0.00    1.01    0.00   28.28   61.62
05:49:24       2    3.00    0.00    9.00    0.00    0.00    5.00    0.00   34.00   49.00
05:49:24       3    4.95    0.00   10.89    0.99    0.00    3.96    0.00   36.63   42.57
05:49:24       4    3.12    0.00    9.38    0.00    0.00    4.17    0.00   38.54   44.79
05:49:24       5    4.12    0.00    8.25    0.00    0.00    7.22    0.00   22.68   57.73
05:49:24       6    5.10    0.00    6.12    3.06    0.00    1.02    0.00   42.86   41.84
05:49:24       7    2.02    0.00    9.09    0.00    0.00    7.07    0.00   44.44   37.37

05:49:24     CPU    %usr   %nice    %sys %iowait    %irq   %soft  %steal  %guest   %idle
05:49:25     all    2.92    0.00    6.21    0.00    0.00    3.93    0.00   39.92   47.02
05:49:25       0    1.00    0.00    5.00    0.00    0.00    0.00    0.00   50.00   44.00
05:49:25       1    4.00    0.00    8.00    0.00    0.00    3.00    0.00   23.00   62.00
05:49:25       2    5.10    0.00    5.10    0.00    0.00    6.12    0.00   34.69   48.98
05:49:25       3    4.12    0.00    9.28    0.00    0.00    6.19    0.00   35.05   45.36
05:49:25       4    1.01    0.00    7.07    0.00    0.00    5.05    0.00   52.53   34.34
05:49:25       5    3.16    0.00    5.26    0.00    0.00    4.21    0.00   15.79   71.58
05:49:25       6    0.00    0.00    3.96    0.00    0.00    1.98    0.00   91.09    2.97
05:49:25       7    5.05    0.00    6.06    0.00    0.00    5.05    0.00   15.15   68.69

05:49:25     CPU    %usr   %nice    %sys %iowait    %irq   %soft  %steal  %guest   %idle
05:49:26     all    3.46    0.00    7.04    0.26    0.00    4.87    0.00   39.95   44.43
05:49:26       0    2.97    0.00    4.95    1.98    0.00    0.00    0.00   43.56   46.53
05:49:26       1    2.00    0.00    4.00    0.00    0.00    2.00    0.00   40.00   52.00
05:49:26       2    2.04    0.00    7.14    0.00    0.00    5.10    0.00   63.27   22.45
05:49:26       3    3.09    0.00   13.40    0.00    0.00   11.34    0.00   27.84   44.33
05:49:26       4    6.19    0.00    8.25    0.00    0.00    5.15    0.00    8.25   72.16
05:49:26       5    7.29    0.00    8.33    0.00    0.00    6.25    0.00   28.12   50.00
05:49:26       6    1.00    0.00    5.00    0.00    0.00    2.00    0.00   64.00   28.00
05:49:26       7    3.19    0.00    6.38    0.00    0.00    7.45    0.00   41.49   41.49

05:49:26     CPU    %usr   %nice    %sys %iowait    %irq   %soft  %steal  %guest   %idle
05:49:27     all    2.82    0.00    6.55    0.00    0.00    3.08    0.00   40.82   46.73
05:49:27       0    2.02    0.00    6.06    0.00    0.00    0.00    0.00   74.75   17.17
05:49:27       1    4.21    0.00    4.21    0.00    0.00    0.00    0.00   17.89   73.68
05:49:27       2    3.09    0.00    5.15    0.00    0.00    4.12    0.00   50.52   37.11
05:49:27       3    3.06    0.00    7.14    0.00    0.00    7.14    0.00   29.59   53.06
05:49:27       4    2.08    0.00    6.25    0.00    0.00    4.17    0.00    9.38   78.12
05:49:27       5    5.15    0.00    9.28    0.00    0.00    5.15    0.00   23.71   56.70
05:49:27       6    0.00    0.00    3.09    0.00    0.00    0.00    0.00   77.32   19.59
05:49:27       7    2.04    0.00   10.20    0.00    0.00    5.10    0.00   44.90   37.76

05:49:27     CPU    %usr   %nice    %sys %iowait    %irq   %soft  %steal  %guest   %idle
05:49:28     all    2.44    0.00    6.03    0.00    0.00    4.74    0.00   37.18   49.62
05:49:28       0    4.08    0.00    2.04    0.00    0.00    0.00    0.00   37.76   56.12
05:49:28       1    0.00    0.00    3.12    0.00    0.00    3.12    0.00   39.58   55.21
05:49:28       2    1.01    0.00    3.03    0.00    0.00    4.04    0.00   73.74   18.18
05:49:28       3    7.00    0.00   10.00    0.00    0.00    9.00    0.00   25.00   49.00
05:49:28       4    4.35    0.00    9.78    0.00    0.00    4.35    0.00   11.96   69.57
05:49:28       5    1.00    0.00    6.00    0.00    0.00    7.00    0.00   60.00   26.00
05:49:28       6    1.02    0.00    2.04    0.00    0.00    3.06    0.00   27.55   66.33
05:49:28       7    2.08    0.00   10.42    0.00    0.00    9.38    0.00   18.75   59.38

05:49:28     CPU    %usr   %nice    %sys %iowait    %irq   %soft  %steal  %guest   %idle
05:49:29     all    3.29    0.00    9.48    0.38    0.00    6.45    0.00   40.71   39.70
05:49:29       0    5.05    0.00    6.06    0.00    0.00    0.00    0.00   40.40   48.48
05:49:29       1    2.06    0.00   10.31    1.03    0.00    4.12    0.00   53.61   28.87
05:49:29       2    3.09    0.00    6.19    0.00    0.00    3.09    0.00   20.62   67.01
05:49:29       3    6.73    0.00   16.35    0.00    0.00   18.27    0.00   18.27   40.38
05:49:29       4    0.00    0.00    8.25    1.03    0.00    2.06    0.00   55.67   32.99
05:49:29       5    1.00    0.00   14.00    0.00    0.00    6.00    0.00   65.00   14.00
05:49:29       6    2.04    0.00    4.08    1.02    0.00    3.06    0.00   31.63   58.16
05:49:29       7    7.14    0.00   11.22    0.00    0.00   10.20    0.00   40.82   30.61

05:49:29     CPU    %usr   %nice    %sys %iowait    %irq   %soft  %steal  %guest   %idle
05:49:30     all    1.65    0.00    6.84    0.25    0.00    3.17    0.00   39.04   49.05
05:49:30       0    1.00    0.00    5.00    0.00    0.00    0.00    0.00   62.00   32.00
05:49:30       1    0.00    0.00    8.16    0.00    0.00    3.06    0.00   62.24   26.53
05:49:30       2    3.00    0.00    5.00    0.00    0.00    4.00    0.00   22.00   66.00
05:49:30       3    2.08    0.00    8.33    0.00    0.00    6.25    0.00    4.17   79.17
05:49:30       4    1.98    0.00    5.94    0.99    0.00    4.95    0.00   42.57   43.56
05:49:30       5    3.06    0.00   14.29    0.00    0.00    2.04    0.00   14.29   66.33
05:49:30       6    0.00    0.00    4.04    0.00    0.00    2.02    0.00   91.92    3.03
05:49:30       7    3.09    0.00    4.12    0.00    0.00    5.15    0.00   12.37   75.26

05:49:30     CPU    %usr   %nice    %sys %iowait    %irq   %soft  %steal  %guest   %idle
05:49:31     all    2.65    0.00    4.42    0.00    0.00    2.02    0.00   26.30   64.60
05:49:31       0    0.00    0.00    4.04    0.00    0.00    0.00    0.00   32.32   63.64
05:49:31       1    3.06    0.00    6.12    0.00    0.00    1.02    0.00   15.31   74.49
05:49:31       2    1.02    0.00    5.10    0.00    0.00    2.04    0.00   10.20   81.63
05:49:31       3    7.07    0.00    8.08    0.00    0.00    4.04    0.00    6.06   74.75
05:49:31       4    0.00    0.00    1.02    0.00    0.00    2.04    0.00   75.51   21.43
05:49:31       5    4.00    0.00    5.00    0.00    0.00    2.00    0.00   14.00   75.00
05:49:31       6    1.01    0.00    1.01    0.00    0.00    1.01    0.00   43.43   53.54
05:49:31       7    4.04    0.00    5.05    0.00    0.00    4.04    0.00   13.13   73.74

05:49:31     CPU    %usr   %nice    %sys %iowait    %irq   %soft  %steal  %guest   %idle
05:49:32     all    2.76    0.00   10.12    4.20    0.00    5.65    0.00   50.33   26.94
05:49:32       0    1.05    0.00    7.37    4.21    0.00    1.05    0.00   65.26   21.05
05:49:32       1    3.09    0.00    8.25    1.03    0.00    3.09    0.00   61.86   22.68
05:49:32       2    0.00    0.00   10.31   11.34    0.00    5.15    0.00   47.42   25.77
05:49:32       3    7.45    0.00   13.83    1.06    0.00    9.57    0.00   41.49   26.60
05:49:32       4    3.12    0.00   11.46    1.04    0.00    5.21    0.00   47.92   31.25
05:49:32       5    3.09    0.00   11.34    0.00    0.00    4.12    0.00   56.70   24.74
05:49:32       6    2.13    0.00    7.45   12.77    0.00    2.13    0.00   40.43   35.11
05:49:32       7    4.35    0.00   10.87    0.00    0.00   16.30    0.00   40.22   28.26

05:49:32     CPU    %usr   %nice    %sys %iowait    %irq   %soft  %steal  %guest   %idle
05:49:33     all    1.92    0.00    2.69   11.38    0.00    1.79    0.00   24.04   58.18
05:49:33       0    1.02    0.00    4.08    2.04    0.00    0.00    0.00   11.22   81.63
05:49:33       1    1.04    0.00    1.04   34.38    0.00    2.08    0.00   23.96   37.50
05:49:33       2    3.00    0.00    4.00    1.00    0.00    2.00    0.00    6.00   84.00
05:49:33       3    6.93    0.00    2.97    0.00    0.00    2.97    0.00   36.63   50.50
05:49:33       4    1.98    0.00    4.95    2.97    0.00    1.98    0.00   26.73   61.39
05:49:33       5    0.00    0.00    2.11    3.16    0.00    1.05    0.00   17.89   75.79
05:49:33       6    0.00    0.00    2.06    7.22    0.00    1.03    0.00   26.80   62.89
05:49:33       7    0.00    0.00    2.04   42.86    0.00    2.04    0.00   42.86   10.20

05:49:33     CPU    %usr   %nice    %sys %iowait    %irq   %soft  %steal  %guest   %idle
05:49:34     all    3.15    0.00    9.46    6.43    0.00    5.04    0.00   35.18   40.73
05:49:34       0    4.08    0.00    9.18   19.39    0.00    0.00    0.00   38.78   28.57
05:49:34       1    1.02    0.00    6.12   10.20    0.00    3.06    0.00   29.59   50.00
05:49:34       2    2.00    0.00    9.00    1.00    0.00    6.00    0.00   28.00   54.00
05:49:34       3    5.21    0.00    7.29    2.08    0.00    7.29    0.00   32.29   45.83
05:49:34       4    3.09    0.00   10.31    0.00    0.00    5.15    0.00   42.27   39.18
05:49:34       5    3.96    0.00    8.91    0.99    0.00    4.95    0.00   36.63   44.55
05:49:34       6    4.00    0.00   11.00    1.00    0.00    4.00    0.00   26.00   54.00
05:49:34       7    1.01    0.00   13.13   16.16    0.00   10.10    0.00   50.51    9.09

05:49:34     CPU    %usr   %nice    %sys %iowait    %irq   %soft  %steal  %guest   %idle
05:49:35     all    2.82    0.00    5.25    0.00    0.13    4.48    0.00   36.88   50.45
05:49:35       0    1.03    0.00    6.19    0.00    0.00    0.00    0.00   31.96   60.82
05:49:35       1    1.00    0.00    2.00    0.00    0.00    3.00    0.00   76.00   18.00
05:49:35       2    5.21    0.00    5.21    0.00    0.00    5.21    0.00   20.83   63.54
05:49:35       3    2.02    0.00    7.07    0.00    1.01    7.07    0.00   33.33   49.49
05:49:35       4    5.21    0.00    5.21    0.00    0.00    6.25    0.00   21.88   61.46
05:49:35       5    4.08    0.00    5.10    0.00    0.00    6.12    0.00   31.63   53.06
05:49:35       6    2.04    0.00    5.10    0.00    0.00    1.02    0.00   35.71   56.12
05:49:35       7    2.08    0.00    5.21    0.00    0.00    7.29    0.00   42.71   42.71

05:49:35     CPU    %usr   %nice    %sys %iowait    %irq   %soft  %steal  %guest   %idle
05:49:36     all    3.49    0.00    8.02    0.39    0.00    4.92    0.00   48.51   34.67
05:49:36       0    1.02    0.00    7.14    1.02    0.00    0.00    0.00   44.90   45.92
05:49:36       1    5.32    0.00   10.64    0.00    0.00    2.13    0.00   48.94   32.98
05:49:36       2    3.12    0.00   10.42    0.00    0.00    5.21    0.00   27.08   54.17
05:49:36       3    4.17    0.00    5.21    1.04    0.00    7.29    0.00   68.75   13.54
05:49:36       4    3.06    0.00    5.10    0.00    0.00    7.14    0.00   61.22   23.47
05:49:36       5    4.17    0.00   10.42    0.00    0.00    6.25    0.00   42.71   36.46
05:49:36       6    6.25    0.00   10.42    0.00    0.00    2.08    0.00   26.04   55.21
05:49:36       7    2.02    0.00    5.05    1.01    0.00    9.09    0.00   65.66   17.17

05:49:36     CPU    %usr   %nice    %sys %iowait    %irq   %soft  %steal  %guest   %idle
05:49:37     all    3.86    0.00    8.74    0.39    0.00    5.91    0.00   49.61   31.49
05:49:37       0    2.06    0.00    4.12    1.03    0.00    1.03    0.00   47.42   44.33
05:49:37       1    3.00    0.00    6.00    0.00    0.00    3.00    0.00   80.00    8.00
05:49:37       2    7.37    0.00   14.74    0.00    0.00    4.21    0.00   23.16   50.53
05:49:37       3    4.26    0.00    6.38    0.00    0.00   15.96    0.00   48.94   24.47
05:49:37       4    5.05    0.00   11.11    2.02    0.00    7.07    0.00   44.44   30.30
05:49:37       5    4.12    0.00    8.25    0.00    0.00    2.06    0.00   58.76   26.80
05:49:37       6    3.03    0.00    8.08    0.00    0.00    3.03    0.00   33.33   52.53
05:49:37       7    2.08    0.00   12.50    0.00    0.00   10.42    0.00   60.42   14.58

05:49:37     CPU    %usr   %nice    %sys %iowait    %irq   %soft  %steal  %guest   %idle
05:49:38     all    2.69    0.00    6.41    0.13    0.00    4.23    0.00   40.00   46.54
05:49:38       0    2.06    0.00    4.12    1.03    0.00    0.00    0.00   49.48   43.30
05:49:38       1    1.03    0.00    5.15    0.00    0.00    5.15    0.00   22.68   65.98
05:49:38       2    3.06    0.00    2.04    0.00    0.00    5.10    0.00   73.47   16.33
05:49:38       3    4.21    0.00    9.47    0.00    0.00    7.37    0.00   23.16   55.79
05:49:38       4    2.02    0.00    9.09    0.00    0.00    4.04    0.00   40.40   44.44
05:49:38       5    4.00    0.00    6.00    0.00    0.00    4.00    0.00   41.00   45.00
05:49:38       6    1.01    0.00    7.07    0.00    0.00    2.02    0.00   46.46   43.43
05:49:38       7    3.12    0.00    7.29    0.00    0.00    6.25    0.00   22.92   60.42

05:49:38     CPU    %usr   %nice    %sys %iowait    %irq   %soft  %steal  %guest   %idle
05:49:39     all    3.32    0.00    7.29    0.38    0.00    5.12    0.00   44.25   39.64
05:49:39       0    0.00    0.00    6.06    0.00    0.00    0.00    0.00   68.69   25.25
05:49:39       1    4.90    0.00   10.78    0.98    0.00    3.92    0.00   29.41   50.00
05:49:39       2    1.03    0.00    6.19    0.00    0.00    4.12    0.00   57.73   30.93
05:49:39       3    4.17    0.00   11.46    0.00    0.00    8.33    0.00   23.96   52.08
05:49:39       4    6.25    0.00   10.42    1.04    0.00    5.21    0.00   30.21   46.88
05:49:39       5    4.00    0.00    7.00    0.00    0.00    6.00    0.00   41.00   42.00
05:49:39       6    3.06    0.00    2.04    0.00    0.00    2.04    0.00   69.39   23.47
05:49:39       7    6.19    0.00    6.19    1.03    0.00   10.31    0.00   30.93   45.36

05:49:39     CPU    %usr   %nice    %sys %iowait    %irq   %soft  %steal  %guest   %idle
05:49:40     all    3.35    0.00    8.11    0.00    0.00    5.92    0.00   50.06   32.56
05:49:40       0    2.08    0.00    2.08    0.00    0.00    0.00    0.00   64.58   31.25
05:49:40       1    3.09    0.00    7.22    0.00    0.00    2.06    0.00   47.42   40.21
05:49:40       2    3.12    0.00    8.33    0.00    0.00    6.25    0.00   34.38   47.92
05:49:40       3    5.05    0.00   13.13    0.00    0.00   11.11    0.00   41.41   29.29
05:49:40       4    3.12    0.00    9.38    0.00    0.00    7.29    0.00   52.08   28.12
05:49:40       5    5.05    0.00    9.09    0.00    0.00    8.08    0.00   57.58   20.20
05:49:40       6    2.00    0.00    6.00    0.00    0.00    2.00    0.00   62.00   28.00
05:49:40       7    2.13    0.00    7.45    0.00    0.00   12.77    0.00   40.43   37.23

05:49:40     CPU    %usr   %nice    %sys %iowait    %irq   %soft  %steal  %guest   %idle
05:49:41     all    2.95    0.00    7.83    0.00    0.00    5.01    0.00   48.91   35.30
05:49:41       0    1.01    0.00    8.08    0.00    0.00    0.00    0.00   72.73   18.18
05:49:41       1    1.04    0.00    4.17    0.00    0.00    5.21    0.00   67.71   21.88
05:49:41       2    3.09    0.00    7.22    0.00    0.00    5.15    0.00   38.14   46.39
05:49:41       3    5.26    0.00   15.79    0.00    0.00   11.58    0.00   20.00   47.37
05:49:41       4    5.00    0.00    8.00    0.00    0.00    5.00    0.00   37.00   45.00
05:49:41       5    3.23    0.00    9.68    0.00    0.00    3.23    0.00   44.09   39.78
05:49:41       6    0.00    0.00    2.94    0.00    0.00    1.96    0.00   67.65   27.45
05:49:41       7    3.09    0.00    9.28    0.00    0.00    7.22    0.00   44.33   36.08
