Linux 3.2.0-39-generic (loadgen164) 	02/08/2013 	_x86_64_	(8 CPU)

05:48:48     CPU    %usr   %nice    %sys %iowait    %irq   %soft  %steal  %guest   %idle
05:48:49     all    4.99    0.00   11.64    7.03    0.00    4.73    0.00   38.49   33.12
05:48:49       0    6.00    0.00   13.00   14.00    0.00   14.00    0.00   31.00   22.00
05:48:49       1    2.11    0.00   13.68    4.21    0.00    2.11    0.00   42.11   35.79
05:48:49       2    5.21    0.00   14.58    3.12    0.00    8.33    0.00   29.17   39.58
05:48:49       3   11.70    0.00   15.96    2.13    0.00    8.51    0.00   20.21   41.49
05:48:49       4    1.98    0.00   10.89    1.98    0.00    4.95    0.00   39.60   40.59
05:48:49       5    2.08    0.00    8.33    2.08    0.00    0.00    0.00   50.00   37.50
05:48:49       6    6.06    0.00   12.12   16.16    0.00    0.00    0.00   48.48   17.17
05:48:49       7    4.08    0.00    7.14   11.22    0.00    0.00    0.00   46.94   30.61

05:48:49     CPU    %usr   %nice    %sys %iowait    %irq   %soft  %steal  %guest   %idle
05:48:50     all    3.70    0.00   10.22    2.43    0.00    3.58    0.00   37.55   42.53
05:48:50       0    4.08    0.00   11.22    0.00    0.00    4.08    0.00   39.80   40.82
05:48:50       1    2.02    0.00   12.12    0.00    0.00    2.02    0.00   44.44   39.39
05:48:50       2    6.25    0.00   12.50    3.12    0.00    9.38    0.00   29.17   39.58
05:48:50       3   10.20    0.00   17.35    1.02    0.00   10.20    0.00   20.41   40.82
05:48:50       4    2.02    0.00    9.09    4.04    0.00    3.03    0.00   30.30   51.52
05:48:50       5    4.00    0.00    8.00    9.00    0.00    0.00    0.00   14.00   65.00
05:48:50       6    1.03    0.00    2.06    2.06    0.00    0.00    0.00   58.76   36.08
05:48:50       7    2.00    0.00    8.00    1.00    0.00    1.00    0.00   62.00   26.00

05:48:50     CPU    %usr   %nice    %sys %iowait    %irq   %soft  %steal  %guest   %idle
05:48:51     all    3.91    0.00    9.26    0.65    0.00    4.30    0.00   48.11   33.77
05:48:51       0    3.03    0.00    6.06    0.00    0.00    8.08    0.00   55.56   27.27
05:48:51       1    2.08    0.00    9.38    0.00    0.00    1.04    0.00   64.58   22.92
05:48:51       2    6.32    0.00    9.47    1.05    0.00    6.32    0.00   42.11   34.74
05:48:51       3    5.38    0.00   12.90    2.15    0.00   13.98    0.00   24.73   40.86
05:48:51       4    6.25    0.00    9.38    0.00    0.00    4.17    0.00   44.79   35.42
05:48:51       5    4.21    0.00    8.42    0.00    0.00    0.00    0.00   40.00   47.37
05:48:51       6    0.00    0.00   10.64    2.13    0.00    0.00    0.00   54.26   32.98
05:48:51       7    2.08    0.00    7.29    0.00    0.00    0.00    0.00   60.42   30.21

05:48:51     CPU    %usr   %nice    %sys %iowait    %irq   %soft  %steal  %guest   %idle
05:48:52     all    5.29    0.00    9.81    1.42    0.00    4.77    0.00   44.26   34.45
05:48:52       0    5.26    0.00    7.37    1.05    0.00    9.47    0.00   66.32   10.53
05:48:52       1    6.12    0.00   11.22    2.04    0.00    2.04    0.00   42.86   35.71
05:48:52       2    5.21    0.00    9.38    0.00    0.00    7.29    0.00   36.46   41.67
05:48:52       3   13.40    0.00   13.40    0.00    0.00   12.37    0.00   22.68   38.14
05:48:52       4    2.97    0.00   11.88    3.96    0.00    4.95    0.00   39.60   36.63
05:48:52       5    3.03    0.00    7.07    0.00    0.00    1.01    0.00   50.51   38.38
05:48:52       6    4.26    0.00    6.38    2.13    0.00    0.00    0.00   52.13   35.11
05:48:52       7    2.11    0.00   13.68    1.05    0.00    1.05    0.00   44.21   37.89

05:48:52     CPU    %usr   %nice    %sys %iowait    %irq   %soft  %steal  %guest   %idle
05:48:53     all    4.12    0.00    9.40   10.81    0.00    3.73    0.00   41.83   30.12
05:48:53       0    3.12    0.00    8.33    0.00    0.00   11.46    0.00   56.25   20.83
05:48:53       1    4.12    0.00    9.28    8.25    0.00    2.06    0.00   34.02   42.27
05:48:53       2    5.21    0.00    8.33    0.00    0.00    7.29    0.00   36.46   42.71
05:48:53       3    7.07    0.00    8.08    1.01    0.00    5.05    0.00   33.33   45.45
05:48:53       4    4.21    0.00    9.47   33.68    0.00    3.16    0.00   35.79   13.68
05:48:53       5    4.08    0.00    9.18   28.57    0.00    1.02    0.00   35.71   21.43
05:48:53       6    4.08    0.00   11.22    6.12    0.00    0.00    0.00   46.94   31.63
05:48:53       7    2.00    0.00    9.00   10.00    0.00    0.00    0.00   56.00   23.00

05:48:53     CPU    %usr   %nice    %sys %iowait    %irq   %soft  %steal  %guest   %idle
05:48:54     all    4.81    0.00   12.34   11.69    0.13    4.55    0.00   34.94   31.56
05:48:54       0    8.79    0.00   18.68    5.49    1.10   16.48    0.00   14.29   35.16
05:48:54       1    3.06    0.00    5.10   18.37    0.00    2.04    0.00   34.69   36.73
05:48:54       2    7.29    0.00   14.58    6.25    0.00    5.21    0.00   29.17   37.50
05:48:54       3    3.19    0.00   11.70   10.64    0.00    6.38    0.00   27.66   40.43
05:48:54       4    2.04    0.00   14.29   22.45    0.00    8.16    0.00   32.65   20.41
05:48:54       5    1.02    0.00   14.29   24.49    0.00    0.00    0.00   39.80   20.41
05:48:54       6    4.12    0.00   11.34    2.06    0.00    2.06    0.00   45.36   35.05
05:48:54       7    5.10    0.00   10.20    3.06    0.00    0.00    0.00   54.08   27.55

05:48:54     CPU    %usr   %nice    %sys %iowait    %irq   %soft  %steal  %guest   %idle
05:48:55     all    3.97    0.00    9.86    7.43    0.00    5.25    0.00   45.20   28.30
05:48:55       0    6.67    0.00   15.56    1.11    0.00   16.67    0.00   24.44   35.56
05:48:55       1    2.94    0.00    8.82   17.65    0.00    4.90    0.00   53.92   11.76
05:48:55       2    8.51    0.00   10.64    0.00    0.00    7.45    0.00   43.62   29.79
05:48:55       3    5.05    0.00   11.11    3.03    0.00    7.07    0.00   30.30   43.43
05:48:55       4    3.19    0.00    9.57   14.89    0.00    3.19    0.00   40.43   28.72
05:48:55       5    6.86    0.00    9.80    0.00    0.00    0.00    0.00   41.18   42.16
05:48:55       6    2.97    0.00    6.93    4.95    0.00    0.99    0.00   66.34   17.82
05:48:55       7    1.02    0.00    6.12   17.35    0.00    0.00    0.00   56.12   19.39

05:48:55     CPU    %usr   %nice    %sys %iowait    %irq   %soft  %steal  %guest   %idle
05:48:56     all    4.82    0.00   10.82    0.13    0.00    4.56    0.00   36.90   42.76
05:48:56       0   11.11    0.00   21.11    0.00    0.00   14.44    0.00   17.78   35.56
05:48:56       1    1.04    0.00    7.29    0.00    0.00    3.12    0.00   36.46   52.08
05:48:56       2    3.12    0.00   11.46    0.00    0.00    7.29    0.00   38.54   39.58
05:48:56       3    4.95    0.00   13.86    0.00    0.00    4.95    0.00   36.63   39.60
05:48:56       4    1.02    0.00   11.22    0.00    0.00    7.14    0.00   35.71   44.90
05:48:56       5    9.57    0.00    8.51    0.00    0.00    0.00    0.00   31.91   50.00
05:48:56       6    2.04    0.00    5.10    0.00    0.00    1.02    0.00   61.22   30.61
05:48:56       7    3.26    0.00    8.70    0.00    0.00    0.00    0.00   38.04   50.00

05:48:56     CPU    %usr   %nice    %sys %iowait    %irq   %soft  %steal  %guest   %idle
05:48:57     all    4.55    0.00    9.88    0.78    0.00    4.42    0.00   36.28   44.08
05:48:57       0    9.47    0.00   18.95    0.00    0.00   13.68    0.00   24.21   33.68
05:48:57       1    5.00    0.00   13.00    4.00    0.00    2.00    0.00   28.00   48.00
05:48:57       2    8.60    0.00    7.53    1.08    0.00    7.53    0.00   30.11   45.16
05:48:57       3    4.17    0.00    9.38    2.08    0.00    4.17    0.00   28.12   52.08
05:48:57       4    3.06    0.00    7.14    1.02    0.00    5.10    0.00   46.94   36.73
05:48:57       5    2.06    0.00    7.22    0.00    0.00    1.03    0.00   40.21   49.48
05:48:57       6    3.23    0.00    8.60    0.00    0.00    1.08    0.00   48.39   38.71
05:48:57       7    1.04    0.00    6.25    0.00    0.00    1.04    0.00   43.75   47.92

05:48:57     CPU    %usr   %nice    %sys %iowait    %irq   %soft  %steal  %guest   %idle
05:48:58     all    5.61    0.00   14.08   11.99    0.00    6.65    0.00   39.37   22.29
05:48:58       0    9.20    0.00   21.84    0.00    0.00   22.99    0.00   18.39   27.59
05:48:58       1    5.10    0.00   11.22   35.71    0.00    6.12    0.00   41.84    0.00
05:48:58       2    7.22    0.00   17.53    0.00    0.00    9.28    0.00   28.87   37.11
05:48:58       3    6.38    0.00   12.77    7.45    0.00    7.45    0.00   36.17   29.79
05:48:58       4    6.00    0.00   20.00   20.00    0.00    5.00    0.00   39.00   10.00
05:48:58       5    3.09    0.00   11.34   28.87    0.00    1.03    0.00   50.52    5.15
05:48:58       6    5.05    0.00   10.10    0.00    0.00    3.03    0.00   47.47   34.34
05:48:58       7    3.06    0.00   10.20    1.02    0.00    0.00    0.00   50.00   35.71

05:48:58     CPU    %usr   %nice    %sys %iowait    %irq   %soft  %steal  %guest   %idle
05:48:59     all    4.44    0.00   10.59    2.88    0.00    5.62    0.00   40.52   35.95
05:48:59       0   10.31    0.00   15.46    0.00    0.00   19.59    0.00   23.71   30.93
05:48:59       1    1.05    0.00    7.37    3.16    0.00    4.21    0.00   49.47   34.74
05:48:59       2    6.45    0.00    9.68    1.08    0.00    6.45    0.00   32.26   44.09
05:48:59       3    8.25    0.00   10.31    0.00    0.00    6.19    0.00   35.05   40.21
05:48:59       4    3.23    0.00   10.75    7.53    0.00    6.45    0.00   38.71   33.33
05:48:59       5    4.08    0.00   10.20    2.04    0.00    0.00    0.00   47.96   35.71
05:48:59       6    1.05    0.00   10.53    0.00    0.00    0.00    0.00   50.53   37.89
05:48:59       7    3.23    0.00    8.60    7.53    0.00    1.08    0.00   47.31   32.26

05:48:59     CPU    %usr   %nice    %sys %iowait    %irq   %soft  %steal  %guest   %idle
05:49:00     all    4.10    0.00   11.28    0.26    0.00    4.74    0.00   42.31   37.31
05:49:00       0    7.61    0.00   22.83    0.00    0.00   16.30    0.00   18.48   34.78
05:49:00       1    1.02    0.00    9.18    1.02    0.00    3.06    0.00   50.00   35.71
05:49:00       2    4.95    0.00    7.92    0.99    0.00    4.95    0.00   37.62   43.56
05:49:00       3    5.05    0.00   10.10    1.01    0.00    7.07    0.00   42.42   34.34
05:49:00       4    5.15    0.00   11.34    1.03    0.00    4.12    0.00   39.18   39.18
05:49:00       5    1.06    0.00   11.70    0.00    0.00    1.06    0.00   44.68   41.49
05:49:00       6    6.73    0.00   14.42    0.00    0.00    1.92    0.00   51.92   25.00
05:49:00       7    0.00    0.00    5.05    0.00    0.00    1.01    0.00   51.52   42.42

05:49:00     CPU    %usr   %nice    %sys %iowait    %irq   %soft  %steal  %guest   %idle
05:49:01     all    3.61    0.00   10.84    1.55    0.00    4.39    0.00   38.45   41.16
05:49:01       0    8.60    0.00   20.43    0.00    0.00   13.98    0.00   25.81   31.18
05:49:01       1    2.00    0.00    7.00    3.00    0.00    3.00    0.00   36.00   49.00
05:49:01       2    3.00    0.00   10.00    0.00    0.00    7.00    0.00   37.00   43.00
05:49:01       3    6.32    0.00   12.63    3.16    0.00    5.26    0.00   24.21   48.42
05:49:01       4    3.03    0.00   14.14    1.01    0.00    6.06    0.00   54.55   21.21
05:49:01       5    1.02    0.00    8.16    2.04    0.00    0.00    0.00   42.86   45.92
05:49:01       6    2.13    0.00    8.51    0.00    0.00    0.00    0.00   53.19   36.17
05:49:01       7    2.13    0.00    6.38    1.06    0.00    0.00    0.00   35.11   55.32

05:49:01     CPU    %usr   %nice    %sys %iowait    %irq   %soft  %steal  %guest   %idle
05:49:02     all    4.36    0.00    8.34    0.51    0.00    3.34    0.00   33.50   49.94
05:49:02       0    7.22    0.00   16.49    0.00    0.00   14.43    0.00   20.62   41.24
05:49:02       1    3.03    0.00    8.08    1.01    0.00    2.02    0.00   27.27   58.59
05:49:02       2    3.23    0.00    7.53    1.08    0.00    2.15    0.00   34.41   51.61
05:49:02       3    3.96    0.00    9.90    1.98    0.00    4.95    0.00   27.72   51.49
05:49:02       4    4.17    0.00    8.33    0.00    0.00    2.08    0.00   47.92   37.50
05:49:02       5    4.04    0.00    4.04    0.00    0.00    0.00    0.00   38.38   53.54
05:49:02       6    3.09    0.00    5.15    0.00    0.00    0.00    0.00   46.39   45.36
05:49:02       7    7.29    0.00    6.25    1.04    0.00    0.00    0.00   23.96   61.46

05:49:02     CPU    %usr   %nice    %sys %iowait    %irq   %soft  %steal  %guest   %idle
05:49:03     all    3.76    0.00   10.89   16.08    0.00    2.85    0.00   39.95   26.46
05:49:03       0    8.79    0.00   21.98    1.10    0.00    8.79    0.00   21.98   37.36
05:49:03       1    2.04    0.00   12.24   45.92    0.00    2.04    0.00   34.69    3.06
05:49:03       2    3.06    0.00   12.24    1.02    0.00    4.08    0.00   35.71   43.88
05:49:03       3    2.00    0.00   12.00   22.00    0.00    3.00    0.00   41.00   20.00
05:49:03       4    5.94    0.00    8.91   20.79    0.00    4.95    0.00   33.66   25.74
05:49:03       5    3.06    0.00    7.14    1.02    0.00    0.00    0.00   53.06   35.71
05:49:03       6    0.00    0.00    6.12    4.08    0.00    0.00    0.00   59.18   30.61
05:49:03       7    4.55    0.00    7.95   32.95    0.00    0.00    0.00   40.91   13.64

05:49:03     CPU    %usr   %nice    %sys %iowait    %irq   %soft  %steal  %guest   %idle
05:49:04     all    4.81    0.00   11.96   12.09    0.00    5.20    0.00   36.41   29.52
05:49:04       0    7.29    0.00   21.88    4.17    0.00   15.62    0.00   14.58   36.46
05:49:04       1    3.23    0.00    9.68   25.81    0.00    2.15    0.00   29.03   30.11
05:49:04       2    3.23    0.00   10.75   11.83    0.00   10.75    0.00   37.63   25.81
05:49:04       3    8.16    0.00   12.24   28.57    0.00    5.10    0.00   26.53   19.39
05:49:04       4    6.19    0.00    8.25   11.34    0.00    7.22    0.00   27.84   39.18
05:49:04       5    1.04    0.00    8.33    3.12    0.00    0.00    0.00   53.12   34.38
05:49:04       6    4.08    0.00   10.20    2.04    0.00    1.02    0.00   48.98   33.67
05:49:04       7    4.21    0.00   13.68   11.58    0.00    0.00    0.00   52.63   17.89

05:49:04     CPU    %usr   %nice    %sys %iowait    %irq   %soft  %steal  %guest   %idle
05:49:05     all    4.01    0.00   12.40    0.13    0.00    6.46    0.00   38.24   38.76
05:49:05       0    6.38    0.00   21.28    0.00    0.00   18.09    0.00   22.34   31.91
05:49:05       1    5.15    0.00   14.43    0.00    0.00    6.19    0.00   31.96   42.27
05:49:05       2    5.21    0.00   11.46    0.00    0.00   11.46    0.00   38.54   33.33
05:49:05       3    6.12    0.00    9.18    1.02    0.00    7.14    0.00   35.71   40.82
05:49:05       4    2.04    0.00   13.27    0.00    0.00    8.16    0.00   35.71   40.82
05:49:05       5    4.00    0.00   12.00    0.00    0.00    1.00    0.00   51.00   32.00
05:49:05       6    4.21    0.00    9.47    0.00    0.00    0.00    0.00   44.21   42.11
05:49:05       7    1.98    0.00    8.91    0.00    0.00    0.99    0.00   43.56   44.55

05:49:05     CPU    %usr   %nice    %sys %iowait    %irq   %soft  %steal  %guest   %idle
05:49:06     all    5.78    0.00   11.31    0.90    0.00    5.01    0.00   37.15   39.85
05:49:06       0   10.64    0.00   22.34    0.00    0.00   18.09    0.00   14.89   34.04
05:49:06       1    4.00    0.00    9.00    0.00    0.00    2.00    0.00   38.00   47.00
05:49:06       2    3.06    0.00   10.20    5.10    0.00    7.14    0.00   34.69   39.80
05:49:06       3    7.29    0.00    8.33    1.04    0.00    6.25    0.00   28.12   48.96
05:49:06       4    3.06    0.00   12.24    1.02    0.00    4.08    0.00   48.98   30.61
05:49:06       5    9.57    0.00    7.45    0.00    0.00    0.00    0.00   43.62   39.36
05:49:06       6    0.00    0.00   13.40    0.00    0.00    2.06    0.00   49.48   35.05
05:49:06       7    6.93    0.00    7.92    0.99    0.00    0.99    0.00   39.60   43.56

05:49:06     CPU    %usr   %nice    %sys %iowait    %irq   %soft  %steal  %guest   %idle
05:49:07     all    4.20    0.00   11.42    0.39    0.00    5.51    0.00   37.53   40.94
05:49:07       0    8.89    0.00   20.00    0.00    0.00   20.00    0.00   13.33   37.78
05:49:07       1    2.11    0.00    6.32    0.00    0.00    2.11    0.00   52.63   36.84
05:49:07       2    1.05    0.00   11.58    1.05    0.00    6.32    0.00   36.84   43.16
05:49:07       3    6.19    0.00   12.37    0.00    0.00    7.22    0.00   30.93   43.30
05:49:07       4    7.29    0.00   13.54    0.00    0.00    6.25    0.00   30.21   42.71
05:49:07       5    3.12    0.00    9.38    0.00    0.00    2.08    0.00   47.92   37.50
05:49:07       6    7.37    0.00   10.53    0.00    0.00    1.05    0.00   42.11   38.95
05:49:07       7    0.00    0.00    7.29    0.00    0.00    0.00    0.00   45.83   47.92

05:49:07     CPU    %usr   %nice    %sys %iowait    %irq   %soft  %steal  %guest   %idle
05:49:08     all    4.77    0.00   12.52   11.48    0.00    5.29    0.00   36.65   29.29
05:49:08       0    4.40    0.00   14.29    4.40    0.00   16.48    0.00   27.47   32.97
05:49:08       1    2.00    0.00    8.00   12.00    0.00    3.00    0.00   44.00   31.00
05:49:08       2   10.10    0.00   12.12   13.13    0.00    6.06    0.00   33.33   25.25
05:49:08       3    6.25    0.00   12.50   20.83    0.00    8.33    0.00   33.33   18.75
05:49:08       4    5.00    0.00   15.00   10.00    0.00    7.00    0.00   32.00   31.00
05:49:08       5    4.08    0.00   14.29    7.14    0.00    0.00    0.00   43.88   30.61
05:49:08       6    1.05    0.00   13.68    2.11    0.00    1.05    0.00   33.68   48.42
05:49:08       7    6.12    0.00   10.20   22.45    0.00    1.02    0.00   42.86   17.35

05:49:08     CPU    %usr   %nice    %sys %iowait    %irq   %soft  %steal  %guest   %idle
05:49:09     all    3.81    0.00    8.50    8.12    0.00    3.55    0.00   40.10   35.91
05:49:09       0    5.05    0.00   11.11    0.00    0.00   10.10    0.00   26.26   47.47
05:49:09       1    3.03    0.00   11.11   11.11    0.00    1.01    0.00   33.33   40.40
05:49:09       2    1.01    0.00    5.05    0.00    0.00    3.03    0.00   56.57   34.34
05:49:09       3    5.32    0.00   10.64   29.79    0.00    6.38    0.00   21.28   26.60
05:49:09       4    3.00    0.00    6.00    3.00    0.00    6.00    0.00   39.00   43.00
05:49:09       5    6.19    0.00   11.34   21.65    0.00    0.00    0.00   40.21   20.62
05:49:09       6    1.01    0.00    7.07    0.00    0.00    1.01    0.00   55.56   35.35
05:49:09       7    4.95    0.00    6.93    0.00    0.00    0.99    0.00   48.51   38.61

05:49:09     CPU    %usr   %nice    %sys %iowait    %irq   %soft  %steal  %guest   %idle
05:49:10     all    3.94    0.00    9.41    1.27    0.00    4.71    0.00   42.11   38.55
05:49:10       0    9.18    0.00   12.24    1.02    0.00   16.33    0.00   21.43   39.80
05:49:10       1    5.10    0.00    8.16    0.00    0.00    2.04    0.00   42.86   41.84
05:49:10       2    3.06    0.00    9.18    0.00    0.00    5.10    0.00   42.86   39.80
05:49:10       3    5.15    0.00    9.28    4.12    0.00   10.31    0.00   32.99   38.14
05:49:10       4    3.12    0.00    9.38    0.00    0.00    4.17    0.00   39.58   43.75
05:49:10       5    0.00    0.00    7.07    4.04    0.00    0.00    0.00   55.56   33.33
05:49:10       6    5.00    0.00   13.00    1.00    0.00    0.00    0.00   47.00   34.00
05:49:10       7    1.01    0.00    8.08    0.00    0.00    0.00    0.00   53.54   37.37

05:49:10     CPU    %usr   %nice    %sys %iowait    %irq   %soft  %steal  %guest   %idle
05:49:11     all    3.09    0.00    7.09    0.64    0.00    2.32    0.00   21.26   65.59
05:49:11       0    7.22    0.00    9.28    2.06    0.00    7.22    0.00    5.15   69.07
05:49:11       1    2.06    0.00    7.22    1.03    0.00    1.03    0.00   38.14   50.52
05:49:11       2    4.17    0.00    6.25    0.00    0.00    2.08    0.00   23.96   63.54
05:49:11       3    3.12    0.00    8.33    0.00    0.00    5.21    0.00   21.88   61.46
05:49:11       4    3.16    0.00    4.21    1.05    0.00    3.16    0.00    5.26   83.16
05:49:11       5    1.00    0.00    6.00    0.00    0.00    0.00    0.00   42.00   51.00
05:49:11       6    2.06    0.00    5.15    1.03    0.00    0.00    0.00    5.15   86.60
05:49:11       7    3.16    0.00    7.37    0.00    0.00    0.00    0.00   27.37   62.11

05:49:11     CPU    %usr   %nice    %sys %iowait    %irq   %soft  %steal  %guest   %idle
05:49:12     all    4.39    0.00    7.49    1.29    0.00    3.88    0.00   30.49   52.45
05:49:12       0    6.38    0.00   12.77    1.06    0.00   11.70    0.00   13.83   54.26
05:49:12       1    6.25    0.00    8.33    5.21    0.00    3.12    0.00   28.12   48.96
05:49:12       2    8.16    0.00    9.18    1.02    0.00    4.08    0.00   31.63   45.92
05:49:12       3    6.06    0.00    8.08    1.01    0.00    7.07    0.00   23.23   54.55
05:49:12       4    4.08    0.00    9.18    1.02    0.00    4.08    0.00   31.63   50.00
05:49:12       5    4.12    0.00    4.12    0.00    0.00    0.00    0.00   30.93   60.82
05:49:12       6    2.04    0.00    6.12    1.02    0.00    0.00    0.00   43.88   46.94
05:49:12       7    0.00    0.00    3.12    0.00    0.00    0.00    0.00   38.54   58.33

05:49:12     CPU    %usr   %nice    %sys %iowait    %irq   %soft  %steal  %guest   %idle
05:49:13     all    3.38    0.00    8.31   13.12    0.00    3.12    0.00   29.74   42.34
05:49:13       0    6.12    0.00   15.31    1.02    0.00    9.18    0.00   16.33   52.04
05:49:13       1    3.06    0.00    7.14    5.10    0.00    2.04    0.00   32.65   50.00
05:49:13       2    5.15    0.00    9.28   35.05    0.00    6.19    0.00   22.68   21.65
05:49:13       3    1.09    0.00    7.61    1.09    0.00    2.17    0.00   31.52   56.52
05:49:13       4    1.06    0.00    8.51    1.06    0.00    5.32    0.00   22.34   61.70
05:49:13       5    2.02    0.00    6.06   27.27    0.00    1.01    0.00   42.42   21.21
05:49:13       6    3.16    0.00    6.32    0.00    0.00    0.00    0.00   37.89   52.63
05:49:13       7    1.06    0.00    4.26   34.04    0.00    0.00    0.00   36.17   24.47

05:49:13     CPU    %usr   %nice    %sys %iowait    %irq   %soft  %steal  %guest   %idle
05:49:14     all    3.05    0.00    9.16    0.13    0.00    3.18    0.00   33.08   51.40
05:49:14       0    5.32    0.00   12.77    0.00    0.00   10.64    0.00   19.15   52.13
05:49:14       1    2.02    0.00   12.12    0.00    0.00    3.03    0.00   27.27   55.56
05:49:14       2    3.09    0.00    6.19    0.00    0.00    2.06    0.00   38.14   50.52
05:49:14       3    7.14    0.00   14.29    1.02    0.00    3.06    0.00   26.53   47.96
05:49:14       4    3.00    0.00   10.00    0.00    0.00    5.00    0.00   27.00   55.00
05:49:14       5    1.00    0.00    6.00    0.00    0.00    0.00    0.00   38.00   55.00
05:49:14       6    3.96    0.00    7.92    0.00    0.00    0.00    0.00   41.58   46.53
05:49:14       7    1.01    0.00    6.06    0.00    0.00    0.00    0.00   44.44   48.48

05:49:14     CPU    %usr   %nice    %sys %iowait    %irq   %soft  %steal  %guest   %idle
05:49:15     all    4.61    0.00    9.34    2.11    0.00    4.87    0.00   35.00   44.08
05:49:15       0    8.79    0.00   10.99    3.30    0.00   10.99    0.00   23.08   42.86
05:49:15       1    3.19    0.00    6.38    3.19    0.00    7.45    0.00   28.72   51.06
05:49:15       2    5.43    0.00   10.87    1.09    0.00    6.52    0.00   33.70   42.39
05:49:15       3    8.16    0.00   12.24    3.06    0.00    8.16    0.00   24.49   43.88
05:49:15       4    6.19    0.00    9.28    3.09    0.00    6.19    0.00   29.90   45.36
05:49:15       5    0.00    0.00    7.14    0.00    0.00    1.02    0.00   47.96   43.88
05:49:15       6    4.12    0.00    8.25    1.03    0.00    1.03    0.00   47.42   38.14
05:49:15       7    2.08    0.00   10.42    1.04    0.00    1.04    0.00   41.67   43.75

05:49:15     CPU    %usr   %nice    %sys %iowait    %irq   %soft  %steal  %guest   %idle
05:49:16     all    1.95    0.00    7.40    0.13    0.00    3.12    0.00   36.36   51.04
05:49:16       0    5.15    0.00   14.43    0.00    0.00   10.31    0.00    6.19   63.92
05:49:16       1    2.06    0.00    7.22    0.00    0.00    4.12    0.00   39.18   47.42
05:49:16       2    2.02    0.00    9.09    1.01    0.00    3.03    0.00   36.36   48.48
05:49:16       3    3.33    0.00    6.67    0.00    0.00    3.33    0.00   27.78   58.89
05:49:16       4    1.02    0.00    5.10    1.02    0.00    3.06    0.00   31.63   58.16
05:49:16       5    0.00    0.00    7.29    0.00    0.00    0.00    0.00   63.54   29.17
05:49:16       6    1.05    0.00    4.21    0.00    0.00    0.00    0.00   43.16   51.58
05:49:16       7    1.02    0.00    5.10    0.00    0.00    0.00    0.00   43.88   50.00

05:49:16     CPU    %usr   %nice    %sys %iowait    %irq   %soft  %steal  %guest   %idle
05:49:17     all    4.06    0.00    9.00    0.51    0.00    3.17    0.00   39.67   43.60
05:49:17       0    7.92    0.00   14.85    1.98    0.00    7.92    0.00   23.76   43.56
05:49:17       1    5.05    0.00    7.07    1.01    0.00    4.04    0.00   29.29   53.54
05:49:17       2    2.11    0.00    8.42    0.00    0.00    4.21    0.00   27.37   57.89
05:49:17       3    3.06    0.00    9.18    1.02    0.00    5.10    0.00   32.65   48.98
05:49:17       4    2.02    0.00    7.07    0.00    0.00    4.04    0.00   67.68   19.19
05:49:17       5    7.00    0.00   10.00    1.00    0.00    0.00    0.00   44.00   38.00
05:49:17       6    3.00    0.00    7.00    1.00    0.00    0.00    0.00   43.00   46.00
05:49:17       7    2.02    0.00    8.08    0.00    0.00    0.00    0.00   47.47   42.42

05:49:17     CPU    %usr   %nice    %sys %iowait    %irq   %soft  %steal  %guest   %idle
05:49:18     all    3.47    0.00    8.37    3.47    0.00    4.76    0.00   48.78   31.15
05:49:18       0    6.45    0.00   17.20   15.05    0.00   13.98    0.00   27.96   19.35
05:49:18       1    6.93    0.00    8.91    0.00    0.00    6.93    0.00   41.58   35.64
05:49:18       2    1.03    0.00    6.19    0.00    0.00    5.15    0.00   57.73   29.90
05:49:18       3    3.19    0.00   10.64    0.00    0.00    3.19    0.00   48.94   34.04
05:49:18       4    4.17    0.00    7.29    0.00    0.00    8.33    0.00   51.04   29.17
05:49:18       5    3.19    0.00    4.26    0.00    0.00    0.00    0.00   37.23   55.32
05:49:18       6    2.02    0.00    8.08    9.09    0.00    0.00    0.00   67.68   13.13
05:49:18       7    0.00    0.00    6.06    1.01    0.00    0.00    0.00   59.60   33.33

05:49:18     CPU    %usr   %nice    %sys %iowait    %irq   %soft  %steal  %guest   %idle
05:49:19     all    1.54    0.00    5.52    0.39    0.00    2.31    0.00   41.46   48.78
05:49:19       0    3.09    0.00    9.28    0.00    0.00    7.22    0.00   20.62   59.79
05:49:19       1    2.08    0.00    7.29    0.00    0.00    3.12    0.00   32.29   55.21
05:49:19       2    1.06    0.00    5.32    0.00    0.00    3.19    0.00   26.60   63.83
05:49:19       3    3.12    0.00    7.29    1.04    0.00    3.12    0.00   39.58   45.83
05:49:19       4    1.01    0.00    5.05    0.00    0.00    2.02    0.00   33.33   58.59
05:49:19       5    0.00    0.00    1.00    2.00    0.00    0.00    0.00   90.00    7.00
05:49:19       6    1.00    0.00    5.00    0.00    0.00    0.00    0.00   44.00   50.00
05:49:19       7    0.00    0.00    3.19    0.00    0.00    0.00    0.00   43.62   53.19

05:49:19     CPU    %usr   %nice    %sys %iowait    %irq   %soft  %steal  %guest   %idle
05:49:20     all    1.15    0.00    5.26    0.00    0.00    2.56    0.00   48.33   42.69
05:49:20       0    4.08    0.00   12.24    0.00    0.00    9.18    0.00   38.78   35.71
05:49:20       1    1.05    0.00    3.16    0.00    0.00    1.05    0.00   31.58   63.16
05:49:20       2    1.04    0.00    6.25    0.00    0.00    3.12    0.00   37.50   52.08
05:49:20       3    0.00    0.00    2.06    0.00    0.00    4.12    0.00   77.32   16.49
05:49:20       4    1.03    0.00    7.22    0.00    0.00    2.06    0.00   48.45   41.24
05:49:20       5    0.00    0.00    4.95    0.00    0.00    0.00    0.00   51.49   43.56
05:49:20       6    1.05    0.00    3.16    0.00    0.00    1.05    0.00   49.47   45.26
05:49:20       7    0.00    0.00    2.97    0.00    0.00    0.00    0.00   52.48   44.55

05:49:20     CPU    %usr   %nice    %sys %iowait    %irq   %soft  %steal  %guest   %idle
05:49:21     all    3.18    0.00    9.92    3.82    0.00    4.83    0.00   55.73   22.52
05:49:21       0    8.33    0.00   16.67    1.04    0.00   14.58    0.00   37.50   21.88
05:49:21       1    2.94    0.00   10.78   10.78    0.00    2.94    0.00   50.98   21.57
05:49:21       2    1.98    0.00    8.91    0.99    0.00    8.91    0.00   68.32   10.89
05:49:21       3    5.10    0.00    8.16   10.20    0.00    5.10    0.00   62.24    9.18
05:49:21       4    4.08    0.00   12.24    0.00    0.00    5.10    0.00   64.29   14.29
05:49:21       5    2.06    0.00   11.34    7.22    0.00    2.06    0.00   37.11   40.21
05:49:21       6    1.03    0.00    7.22    0.00    0.00    0.00    0.00   68.04   23.71
05:49:21       7    2.02    0.00    4.04    1.01    0.00    0.00    0.00   54.55   38.38

05:49:21     CPU    %usr   %nice    %sys %iowait    %irq   %soft  %steal  %guest   %idle
05:49:22     all    2.20    0.00    4.91   16.93    0.00    1.81    0.00   41.60   32.56
05:49:22       0    7.07    0.00   14.14    8.08    0.00    9.09    0.00    8.08   53.54
05:49:22       1    0.00    0.00    7.29   42.71    0.00    2.08    0.00   34.38   13.54
05:49:22       2    1.05    0.00    2.11   14.74    0.00    2.11    0.00   23.16   56.84
05:49:22       3    1.02    0.00    4.08   12.24    0.00    2.04    0.00   44.90   35.71
05:49:22       4    2.11    0.00    4.21   11.58    0.00    0.00    0.00   48.42   33.68
05:49:22       5    4.08    0.00    3.06   42.86    0.00    0.00    0.00   26.53   23.47
05:49:22       6    0.00    0.00    1.03    3.09    0.00    1.03    0.00   52.58   42.27
05:49:22       7    1.01    0.00    2.02    0.00    0.00    0.00    0.00   94.95    2.02

05:49:22     CPU    %usr   %nice    %sys %iowait    %irq   %soft  %steal  %guest   %idle
05:49:23     all    2.33    0.00    7.51   15.28    0.00    4.15    0.00   41.58   29.15
05:49:23       0    7.37    0.00   16.84   21.05    0.00   15.79    0.00   22.11   16.84
05:49:23       1    2.06    0.00    7.22   14.43    0.00    2.06    0.00   39.18   35.05
05:49:23       2    1.08    0.00    9.68   11.83    0.00    3.23    0.00   35.48   38.71
05:49:23       3    2.06    0.00    8.25   14.43    0.00    5.15    0.00   37.11   32.99
05:49:23       4    2.17    0.00    7.61   14.13    0.00    4.35    0.00   36.96   34.78
05:49:23       5    1.02    0.00    8.16   24.49    0.00    0.00    0.00   48.98   17.35
05:49:23       6    1.01    0.00    3.03    9.09    0.00    0.00    0.00   60.61   26.26
05:49:23       7    2.00    0.00    3.00   14.00    0.00    0.00    0.00   50.00   31.00

05:49:23     CPU    %usr   %nice    %sys %iowait    %irq   %soft  %steal  %guest   %idle
05:49:24     all    2.58    0.00    9.16    3.61    0.00    4.00    0.00   37.94   42.71
05:49:24       0    8.70    0.00   20.65    0.00    0.00   11.96    0.00   20.65   38.04
05:49:24       1    0.00    0.00    5.43    2.17    0.00    2.17    0.00   39.13   51.09
05:49:24       2    2.06    0.00    7.22    1.03    0.00    6.19    0.00   36.08   47.42
05:49:24       3    3.23    0.00    6.45    0.00    0.00    8.60    0.00   29.03   52.69
05:49:24       4    3.00    0.00   10.00    4.00    0.00    6.00    0.00   45.00   32.00
05:49:24       5    2.04    0.00    6.12   12.24    0.00    0.00    0.00   39.80   39.80
05:49:24       6    2.94    0.00    5.88    0.98    0.00    0.98    0.00   51.96   37.25
05:49:24       7    1.00    0.00    8.00    7.00    0.00    1.00    0.00   39.00   44.00

05:49:24     CPU    %usr   %nice    %sys %iowait    %irq   %soft  %steal  %guest   %idle
05:49:25     all    3.00    0.00   10.44    0.00    0.00    5.09    0.00   37.47   43.99
05:49:25       0    7.61    0.00   20.65    0.00    0.00   17.39    0.00   17.39   36.96
05:49:25       1    4.04    0.00    9.09    0.00    0.00    5.05    0.00   35.35   46.46
05:49:25       2    2.20    0.00    6.59    0.00    0.00    8.79    0.00   32.97   49.45
05:49:25       3    2.20    0.00   12.09    0.00    0.00    4.40    0.00   20.88   60.44
05:49:25       4    3.12    0.00    9.38    0.00    0.00    3.12    0.00   38.54   45.83
05:49:25       5    1.00    0.00    8.00    0.00    0.00    0.00    0.00   49.00   42.00
05:49:25       6    1.00    0.00   13.00    0.00    0.00    2.00    0.00   52.00   32.00
05:49:25       7    2.00    0.00    8.00    0.00    0.00    0.00    0.00   50.00   40.00

05:49:25     CPU    %usr   %nice    %sys %iowait    %irq   %soft  %steal  %guest   %idle
05:49:26     all    3.12    0.00   11.69    0.13    0.00    6.23    0.00   47.40   31.43
05:49:26       0    5.26    0.00   15.79    0.00    0.00   18.95    0.00   38.95   21.05
05:49:26       1    3.19    0.00    9.57    1.06    0.00   10.64    0.00   34.04   41.49
05:49:26       2    2.13    0.00   11.70    0.00    0.00    6.38    0.00   55.32   24.47
05:49:26       3    5.38    0.00   10.75    0.00    0.00    6.45    0.00   45.16   32.26
05:49:26       4    4.12    0.00   15.46    1.03    0.00    6.19    0.00   45.36   27.84
05:49:26       5    0.00    0.00   13.68    0.00    0.00    0.00    0.00   43.16   43.16
05:49:26       6    1.02    0.00    9.18    0.00    0.00    0.00    0.00   65.31   24.49
05:49:26       7    2.02    0.00    6.06    0.00    0.00    1.01    0.00   53.54   37.37

05:49:26     CPU    %usr   %nice    %sys %iowait    %irq   %soft  %steal  %guest   %idle
05:49:27     all    2.83    0.00    9.13    2.44    0.00    4.37    0.00   34.32   46.92
05:49:27       0    7.37    0.00   17.89    6.32    0.00   14.74    0.00   18.95   34.74
05:49:27       1    1.02    0.00    9.18    0.00    0.00    5.10    0.00   27.55   57.14
05:49:27       2    2.06    0.00    7.22    2.06    0.00    6.19    0.00   46.39   36.08
05:49:27       3    4.26    0.00    7.45    0.00    0.00    3.19    0.00   21.28   63.83
05:49:27       4    5.21    0.00    8.33    1.04    0.00    5.21    0.00   38.54   41.67
05:49:27       5    1.00    0.00    9.00    8.00    0.00    0.00    0.00   40.00   42.00
05:49:27       6    2.00    0.00    9.00    0.00    0.00    0.00    0.00   47.00   42.00
05:49:27       7    0.00    0.00    5.15    1.03    0.00    0.00    0.00   34.02   59.79

05:49:27     CPU    %usr   %nice    %sys %iowait    %irq   %soft  %steal  %guest   %idle
05:49:28     all    3.66    0.00   10.85   14.77    0.00    5.49    0.00   36.60   28.63
05:49:28       0   11.70    0.00   14.89    9.57    0.00   19.15    0.00   26.60   18.09
05:49:28       1    3.26    0.00    9.78    8.70    0.00    4.35    0.00   20.65   53.26
05:49:28       2    3.19    0.00   12.77    4.26    0.00    5.32    0.00   51.06   23.40
05:49:28       3    4.12    0.00   13.40   39.18    0.00    5.15    0.00   20.62   17.53
05:49:28       4    3.09    0.00    8.25    3.09    0.00    6.19    0.00   42.27   37.11
05:49:28       5    1.02    0.00    8.16   13.27    0.00    1.02    0.00   50.00   26.53
05:49:28       6    2.00    0.00   11.00    2.00    0.00    3.00    0.00   49.00   33.00
05:49:28       7    2.02    0.00   10.10   37.37    0.00    0.00    0.00   30.30   20.20

05:49:28     CPU    %usr   %nice    %sys %iowait    %irq   %soft  %steal  %guest   %idle
05:49:29     all    3.10    0.00   10.71    4.13    0.00    4.39    0.00   44.90   32.77
05:49:29       0    8.42    0.00   16.84    0.00    0.00   13.68    0.00   16.84   44.21
05:49:29       1    7.29    0.00   12.50   11.46    0.00   10.42    0.00   15.62   42.71
05:49:29       2    2.04    0.00    6.12    1.02    0.00    5.10    0.00   63.27   22.45
05:49:29       3    3.23    0.00   15.05   12.90    0.00    3.23    0.00   25.81   39.78
05:49:29       4    1.01    0.00   11.11    0.00    0.00    2.02    0.00   61.62   24.24
05:49:29       5    2.11    0.00    8.42    0.00    0.00    1.05    0.00   43.16   45.26
05:49:29       6    0.98    0.00    7.84    6.86    0.00    0.00    0.00   66.67   17.65
05:49:29       7    0.00    0.00    7.29    1.04    0.00    0.00    0.00   63.54   28.12

05:49:29     CPU    %usr   %nice    %sys %iowait    %irq   %soft  %steal  %guest   %idle
05:49:30     all    3.35    0.00    9.40    0.26    0.00    5.02    0.00   38.87   43.11
05:49:30       0    6.12    0.00   13.27    1.02    0.00   11.22    0.00   26.53   41.84
05:49:30       1    6.19    0.00   18.56    0.00    0.00   12.37    0.00   18.56   44.33
05:49:30       2    0.00    0.00    7.29    0.00    0.00    5.21    0.00   46.88   40.62
05:49:30       3    5.38    0.00    8.60    0.00    0.00    6.45    0.00   32.26   47.31
05:49:30       4    2.02    0.00    9.09    1.01    0.00    4.04    0.00   36.36   47.47
05:49:30       5    4.00    0.00    6.00    0.00    0.00    2.00    0.00   53.00   35.00
05:49:30       6    1.03    0.00    6.19    0.00    0.00    0.00    0.00   47.42   45.36
05:49:30       7    0.00    0.00    6.19    0.00    0.00    0.00    0.00   51.55   42.27

05:49:30     CPU    %usr   %nice    %sys %iowait    %irq   %soft  %steal  %guest   %idle
05:49:31     all    3.66    0.00    9.69    0.13    0.00    4.32    0.00   37.30   44.90
05:49:31       0    5.49    0.00   14.29    0.00    0.00   12.09    0.00   37.36   30.77
05:49:31       1   11.24    0.00   14.61    0.00    0.00    8.99    0.00   15.73   49.44
05:49:31       2    3.26    0.00    9.78    0.00    0.00    4.35    0.00   45.65   36.96
05:49:31       3    6.06    0.00   10.10    0.00    0.00    5.05    0.00   30.30   48.48
05:49:31       4    2.02    0.00    8.08    0.00    0.00    2.02    0.00   43.43   44.44
05:49:31       5    0.00    0.00    9.18    1.02    0.00    0.00    0.00   40.82   48.98
05:49:31       6    2.08    0.00    5.21    0.00    0.00    1.04    0.00   40.62   51.04
05:49:31       7    2.06    0.00    7.22    0.00    0.00    1.03    0.00   41.24   48.45
