Linux 3.2.0-40-generic (loadgen166) 	20/08/2013 	_x86_64_	(8 CPU)

13:42:38     CPU    %usr   %nice    %sys %iowait    %irq   %soft  %steal  %guest   %idle
13:42:39     all    3.60    0.00    1.12    0.00    0.00    0.12    0.00    0.00   95.16
13:42:39       0   22.22    0.00    0.00    0.00    0.00    0.00    0.00    0.00   77.78
13:42:39       1    3.81    0.00    5.71    0.00    0.00    0.00    0.00    0.00   90.48
13:42:39       2    1.00    0.00    1.00    0.00    0.00    0.00    0.00    0.00   98.00
13:42:39       3    3.00    0.00    1.00    0.00    0.00    0.00    0.00    0.00   96.00
13:42:39       4    0.00    0.00    0.00    0.00    0.00    0.00    0.00    0.00  100.00
13:42:39       5    0.00    0.00    0.00    0.00    0.00    0.00    0.00    0.00  100.00
13:42:39       6    0.00    0.00    0.00    0.00    0.00    0.00    0.00    0.00  100.00
13:42:39       7    0.00    0.00    0.00    0.00    0.00    0.00    0.00    0.00  100.00

13:42:39     CPU    %usr   %nice    %sys %iowait    %irq   %soft  %steal  %guest   %idle
13:42:40     all    3.14    0.00    1.13    0.00    0.00    0.00    0.00    0.00   95.73
13:42:40       0   16.00    0.00    1.00    0.00    0.00    0.00    0.00    0.00   83.00
13:42:40       1    0.00    0.00    3.03    0.00    0.00    0.00    0.00    0.00   96.97
13:42:40       2    6.93    0.00    3.96    0.00    0.00    0.00    0.00    0.00   89.11
13:42:40       3    0.00    0.00    1.02    0.00    0.00    0.00    0.00    0.00   98.98
13:42:40       4    0.00    0.00    1.00    0.00    0.00    0.00    0.00    0.00   99.00
13:42:40       5    0.00    0.00    0.00    0.00    0.00    0.00    0.00    0.00  100.00
13:42:40       6    0.00    0.00    0.00    0.00    0.00    0.00    0.00    0.00  100.00
13:42:40       7    1.00    0.00    0.00    0.00    0.00    0.00    0.00    0.00   99.00

13:42:40     CPU    %usr   %nice    %sys %iowait    %irq   %soft  %steal  %guest   %idle
13:42:41     all    7.75    0.00    5.62    0.62    0.00    0.00    0.00    0.00   86.00
13:42:41       0    5.94    0.00    8.91    0.00    0.00    0.00    0.00    0.00   85.15
13:42:41       1    0.99    0.00    2.97    0.00    0.00    0.00    0.00    0.00   96.04
13:42:41       2   23.53    0.00   16.67    0.00    0.00    0.00    0.00    0.00   59.80
13:42:41       3   25.25    0.00   12.12    5.05    0.00    0.00    0.00    0.00   57.58
13:42:41       4    3.96    0.00    2.97    0.00    0.00    0.00    0.00    0.00   93.07
13:42:41       5    1.01    0.00    1.01    0.00    0.00    0.00    0.00    0.00   97.98
13:42:41       6    2.02    0.00    0.00    0.00    0.00    0.00    0.00    0.00   97.98
13:42:41       7    0.00    0.00    0.00    0.00    0.00    0.00    0.00    0.00  100.00

13:42:41     CPU    %usr   %nice    %sys %iowait    %irq   %soft  %steal  %guest   %idle
13:42:42     all    7.30    0.00    4.28    0.00    0.00    0.00    0.00    0.00   88.43
13:42:42       0    1.00    0.00    2.00    0.00    0.00    0.00    0.00    0.00   97.00
13:42:42       1    0.00    0.00    2.02    0.00    0.00    0.00    0.00    0.00   97.98
13:42:42       2    3.96    0.00    6.93    0.00    0.00    0.00    0.00    0.00   89.11
13:42:42       3   44.33    0.00   14.43    0.00    0.00    0.00    0.00    0.00   41.24
13:42:42       4    2.04    0.00    4.08    0.00    0.00    0.00    0.00    0.00   93.88
13:42:42       5    6.00    0.00    4.00    0.00    0.00    0.00    0.00    0.00   90.00
13:42:42       6    0.00    0.00    0.00    0.00    0.00    0.00    0.00    0.00  100.00
13:42:42       7    1.01    0.00    0.00    0.00    0.00    0.00    0.00    0.00   98.99

13:42:42     CPU    %usr   %nice    %sys %iowait    %irq   %soft  %steal  %guest   %idle
13:42:43     all    0.50    0.00    0.75    0.00    0.00    0.00    0.00    0.00   98.75
13:42:43       0    0.00    0.00    0.00    0.00    0.00    0.00    0.00    0.00  100.00
13:42:43       1    1.01    0.00    2.02    0.00    0.00    0.00    0.00    0.00   96.97
13:42:43       2    3.00    0.00    3.00    0.00    0.00    0.00    0.00    0.00   94.00
13:42:43       3    0.00    0.00    0.00    0.00    0.00    0.00    0.00    0.00  100.00
13:42:43       4    0.00    0.00    0.00    0.00    0.00    0.00    0.00    0.00  100.00
13:42:43       5    0.00    0.00    0.00    0.00    0.00    0.00    0.00    0.00  100.00
13:42:43       6    0.00    0.00    0.00    0.00    0.00    0.00    0.00    0.00  100.00
13:42:43       7    0.00    0.00    0.00    0.00    0.00    0.00    0.00    0.00  100.00

13:42:43     CPU    %usr   %nice    %sys %iowait    %irq   %soft  %steal  %guest   %idle
13:42:44     all    7.91    0.00    4.02    0.00    0.00    0.00    0.00    0.00   88.07
13:42:44       0   14.00    0.00    7.00    0.00    0.00    0.00    0.00    0.00   79.00
13:42:44       1    1.00    0.00    2.00    0.00    0.00    0.00    0.00    0.00   97.00
13:42:44       2    3.03    0.00    7.07    0.00    0.00    0.00    0.00    0.00   89.90
13:42:44       3   41.00    0.00   13.00    0.00    0.00    0.00    0.00    0.00   46.00
13:42:44       4    1.00    0.00    1.00    0.00    0.00    0.00    0.00    0.00   98.00
13:42:44       5    4.04    0.00    1.01    0.00    0.00    0.00    0.00    0.00   94.95
13:42:44       6    0.00    0.00    1.00    0.00    0.00    0.00    0.00    0.00   99.00
13:42:44       7    1.00    0.00    0.00    0.00    0.00    0.00    0.00    0.00   99.00

13:42:44     CPU    %usr   %nice    %sys %iowait    %irq   %soft  %steal  %guest   %idle
13:42:45     all    1.13    0.00    0.88    0.00    0.00    0.00    0.00    0.00   97.99
13:42:45       0    0.00    0.00    0.00    0.00    0.00    0.00    0.00    0.00  100.00
13:42:45       1    0.00    0.00    3.03    0.00    0.00    0.00    0.00    0.00   96.97
13:42:45       2    0.00    0.00    0.00    0.00    0.00    0.00    0.00    0.00  100.00
13:42:45       3    7.00    0.00    4.00    0.00    0.00    0.00    0.00    0.00   89.00
13:42:45       4    0.00    0.00    0.00    0.00    0.00    0.00    0.00    0.00  100.00
13:42:45       5    0.00    0.00    1.00    0.00    0.00    0.00    0.00    0.00   99.00
13:42:45       6    0.00    0.00    0.00    0.00    0.00    0.00    0.00    0.00  100.00
13:42:45       7    0.00    0.00    0.00    0.00    0.00    0.00    0.00    0.00  100.00

13:42:45     CPU    %usr   %nice    %sys %iowait    %irq   %soft  %steal  %guest   %idle
13:42:46     all    8.27    0.00    0.38    0.00    0.00    0.00    0.00    0.00   91.35
13:42:46       0    0.00    0.00    0.00    0.00    0.00    0.00    0.00    0.00  100.00
13:42:46       1    0.00    0.00    1.01    0.00    0.00    0.00    0.00    0.00   98.99
13:42:46       2   64.36    0.00    0.99    0.00    0.00    0.00    0.00    0.00   34.65
13:42:46       3    1.00    0.00    1.00    0.00    0.00    0.00    0.00    0.00   98.00
13:42:46       4    0.00    0.00    1.00    0.00    0.00    0.00    0.00    0.00   99.00
13:42:46       5    0.00    0.00    0.00    0.00    0.00    0.00    0.00    0.00  100.00
13:42:46       6    0.00    0.00    0.00    0.00    0.00    0.00    0.00    0.00  100.00
13:42:46       7    0.00    0.00    0.00    0.00    0.00    0.00    0.00    0.00  100.00

13:42:46     CPU    %usr   %nice    %sys %iowait    %irq   %soft  %steal  %guest   %idle
13:42:47     all    2.01    0.00    1.38    0.00    0.00    0.00    0.00    0.00   96.62
13:42:47       0    0.00    0.00    0.00    0.00    0.00    0.00    0.00    0.00  100.00
13:42:47       1    0.00    0.00    1.00    0.00    0.00    0.00    0.00    0.00   99.00
13:42:47       2   11.11    0.00    2.02    0.00    0.00    0.00    0.00    0.00   86.87
13:42:47       3    1.02    0.00    4.08    0.00    0.00    0.00    0.00    0.00   94.90
13:42:47       4    1.98    0.00    0.99    0.00    0.00    0.00    0.00    0.00   97.03
13:42:47       5    1.02    0.00    0.00    0.00    0.00    0.00    0.00    0.00   98.98
13:42:47       6    0.00    0.00    1.00    0.00    0.00    0.00    0.00    0.00   99.00
13:42:47       7    0.99    0.00    0.99    0.00    0.00    0.00    0.00    0.00   98.02

13:42:47     CPU    %usr   %nice    %sys %iowait    %irq   %soft  %steal  %guest   %idle
13:42:48     all    1.13    0.00    2.88    0.00    0.00    0.00    0.00    0.00   95.99
13:42:48       0    0.00    0.00    0.00    0.00    0.00    0.00    0.00    0.00  100.00
13:42:48       1    0.00    0.00    3.00    0.00    0.00    0.00    0.00    0.00   97.00
13:42:48       2    1.98    0.00    3.96    0.00    0.00    0.00    0.00    0.00   94.06
13:42:48       3    6.06    0.00   10.10    0.00    0.00    0.00    0.00    0.00   83.84
13:42:48       4    0.00    0.00    2.00    0.00    0.00    0.00    0.00    0.00   98.00
13:42:48       5    1.98    0.00    1.98    0.00    0.00    0.00    0.00    0.00   96.04
13:42:48       6    0.00    0.00    1.01    0.00    0.00    0.00    0.00    0.00   98.99
13:42:48       7    0.00    0.00    1.00    0.00    0.00    0.00    0.00    0.00   99.00

13:42:48     CPU    %usr   %nice    %sys %iowait    %irq   %soft  %steal  %guest   %idle
13:42:49     all    2.14    0.00    4.02    0.25    0.00    0.00    0.00    0.00   93.59
13:42:49       0    2.02    0.00   18.18    0.00    0.00    0.00    0.00    0.00   79.80
13:42:49       1    5.05    0.00    4.04    2.02    0.00    0.00    0.00    0.00   88.89
13:42:49       2    4.04    0.00    2.02    0.00    0.00    0.00    0.00    0.00   93.94
13:42:49       3    3.03    0.00    6.06    0.00    0.00    0.00    0.00    0.00   90.91
13:42:49       4    2.02    0.00    1.01    0.00    0.00    0.00    0.00    0.00   96.97
13:42:49       5    0.00    0.00    1.00    0.00    0.00    0.00    0.00    0.00   99.00
13:42:49       6    0.99    0.00    0.00    0.00    0.00    0.00    0.00    0.00   99.01
13:42:49       7    0.00    0.00    0.99    0.00    0.00    0.00    0.00    0.00   99.01

13:42:49     CPU    %usr   %nice    %sys %iowait    %irq   %soft  %steal  %guest   %idle
13:42:50     all    2.26    0.00    1.01    0.00    0.00    0.00    0.00    0.00   96.73
13:42:50       0    3.96    0.00    0.00    0.00    0.00    0.00    0.00    0.00   96.04
13:42:50       1    0.00    0.00    0.00    0.00    0.00    0.00    0.00    0.00  100.00
13:42:50       2    2.02    0.00    1.01    0.00    0.00    0.00    0.00    0.00   96.97
13:42:50       3    3.03    0.00    2.02    0.00    0.00    0.00    0.00    0.00   94.95
13:42:50       4    9.00    0.00    2.00    0.00    0.00    0.00    0.00    0.00   89.00
13:42:50       5    0.00    0.00    2.00    0.00    0.00    0.00    0.00    0.00   98.00
13:42:50       6    0.00    0.00    1.00    0.00    0.00    0.00    0.00    0.00   99.00
13:42:50       7    0.00    0.00    0.00    0.00    0.00    0.00    0.00    0.00  100.00

13:42:50     CPU    %usr   %nice    %sys %iowait    %irq   %soft  %steal  %guest   %idle
13:42:51     all    0.75    0.00    1.00    0.00    0.00    0.00    0.00    0.00   98.25
13:42:51       0    0.00    0.00    0.00    0.00    0.00    0.00    0.00    0.00  100.00
13:42:51       1    0.00    0.00    0.00    0.00    0.00    0.00    0.00    0.00  100.00
13:42:51       2    3.96    0.00    2.97    0.00    0.00    0.00    0.00    0.00   93.07
13:42:51       3    0.99    0.00    1.98    0.00    0.00    0.00    0.00    0.00   97.03
13:42:51       4    0.00    0.00    0.00    0.00    0.00    0.00    0.00    0.00  100.00
13:42:51       5    0.00    0.00    0.00    0.00    0.00    0.00    0.00    0.00  100.00
13:42:51       6    0.00    0.00    0.00    0.00    0.00    0.00    0.00    0.00  100.00
13:42:51       7    0.00    0.00    3.03    0.00    0.00    0.00    0.00    0.00   96.97

13:42:51     CPU    %usr   %nice    %sys %iowait    %irq   %soft  %steal  %guest   %idle
13:42:52     all    1.01    0.00    2.89    0.00    0.00    0.00    0.00    1.01   95.10
13:42:52       0    6.06    0.00   12.12    0.00    0.00    0.00    0.00    2.02   79.80
13:42:52       1    0.99    0.00    2.97    0.00    0.00    0.00    0.00    0.00   96.04
13:42:52       2    0.00    0.00    0.00    0.00    0.00    0.00    0.00    0.00  100.00
13:42:52       3    1.01    0.00    1.01    0.00    0.00    0.00    0.00    0.00   97.98
13:42:52       4    0.00    0.00    1.01    0.00    0.00    0.00    0.00    0.00   98.99
13:42:52       5    0.00    0.00    0.00    0.00    0.00    0.00    0.00    0.00  100.00
13:42:52       6    0.00    0.00    0.00    0.00    0.00    0.00    0.00    0.00  100.00
13:42:52       7    1.96    0.00    6.86    0.00    0.00    0.00    0.00    4.90   86.27

13:42:52     CPU    %usr   %nice    %sys %iowait    %irq   %soft  %steal  %guest   %idle
13:42:53     all    1.88    0.00    1.51    0.00    0.00    0.00    0.00    0.00   96.61
13:42:53       0    1.02    0.00    1.02    0.00    0.00    0.00    0.00    0.00   97.96
13:42:53       1    0.00    0.00    2.02    0.00    0.00    0.00    0.00    0.00   97.98
13:42:53       2    4.08    0.00    2.04    0.00    0.00    0.00    0.00    0.00   93.88
13:42:53       3    8.00    0.00    2.00    0.00    0.00    0.00    0.00    0.00   90.00
13:42:53       4    0.00    0.00    0.99    0.00    0.00    0.00    0.00    0.00   99.01
13:42:53       5    1.00    0.00    2.00    0.00    0.00    0.00    0.00    0.00   97.00
13:42:53       6    1.00    0.00    0.00    0.00    0.00    0.00    0.00    0.00   99.00
13:42:53       7    0.00    0.00    0.00    0.00    0.00    0.00    0.00    0.00  100.00

13:42:53     CPU    %usr   %nice    %sys %iowait    %irq   %soft  %steal  %guest   %idle
13:42:54     all    0.63    0.00    1.25    0.00    0.00    0.00    0.00    0.00   98.12
13:42:54       0    0.00    0.00    6.00    0.00    0.00    0.00    0.00    0.00   94.00
13:42:54       1    0.00    0.00    0.00    0.00    0.00    0.00    0.00    0.00  100.00
13:42:54       2    1.00    0.00    0.00    0.00    0.00    0.00    0.00    0.00   99.00
13:42:54       3    4.04    0.00    1.01    0.00    0.00    0.00    0.00    0.00   94.95
13:42:54       4    0.00    0.00    0.00    0.00    0.00    0.00    0.00    0.00  100.00
13:42:54       5    0.99    0.00    0.00    0.00    0.00    0.00    0.00    0.00   99.01
13:42:54       6    0.00    0.00    0.00    0.00    0.00    0.00    0.00    0.00  100.00
13:42:54       7    0.00    0.00    3.00    0.00    0.00    0.00    0.00    0.00   97.00

13:42:54     CPU    %usr   %nice    %sys %iowait    %irq   %soft  %steal  %guest   %idle
13:42:55     all    0.88    0.00    1.38    0.00    0.00    0.00    0.00    0.00   97.75
13:42:55       0    0.00    0.00    0.00    0.00    0.00    0.00    0.00    0.00  100.00
13:42:55       1    0.00    0.00    0.00    0.00    0.00    0.00    0.00    0.00  100.00
13:42:55       2    3.00    0.00    5.00    0.00    0.00    0.00    0.00    0.00   92.00
13:42:55       3    1.00    0.00    2.00    0.00    0.00    0.00    0.00    0.00   97.00
13:42:55       4    0.00    0.00    0.99    0.00    0.00    0.00    0.00    0.00   99.01
13:42:55       5    0.00    0.00    2.02    0.00    0.00    0.00    0.00    0.00   97.98
13:42:55       6    0.00    0.00    0.00    0.00    0.00    0.00    0.00    0.00  100.00
13:42:55       7    1.00    0.00    2.00    0.00    0.00    0.00    0.00    0.00   97.00

13:42:55     CPU    %usr   %nice    %sys %iowait    %irq   %soft  %steal  %guest   %idle
13:42:56     all    2.39    0.00    1.01    0.13    0.00    0.00    0.00    2.39   94.09
13:42:56       0    1.00    0.00    0.00    0.00    0.00    0.00    0.00    0.00   99.00
13:42:56       1    5.05    0.00    1.01    1.01    0.00    0.00    0.00    0.00   92.93
13:42:56       2    0.00    0.00    1.01    0.00    0.00    0.00    0.00    0.00   98.99
13:42:56       3    3.03    0.00    2.02    0.00    0.00    0.00    0.00    0.00   94.95
13:42:56       4    0.00    0.00    1.00    0.00    0.00    0.00    0.00    0.00   99.00
13:42:56       5    0.00    0.00    0.00    0.00    0.00    0.00    0.00    0.00  100.00
13:42:56       6    5.94    0.00    0.99    0.00    0.00    0.00    0.00    0.00   93.07
13:42:56       7    3.03    0.00    2.02    0.00    0.00    0.00    0.00   19.19   75.76

13:42:56     CPU    %usr   %nice    %sys %iowait    %irq   %soft  %steal  %guest   %idle
13:42:57     all    1.13    0.00    3.13    1.25    0.00    0.00    0.00   11.26   83.23
13:42:57       0    0.99    0.00    5.94    0.00    0.00    0.00    0.00    0.00   93.07
13:42:57       1    0.00    0.00    4.00   10.00    0.00    0.00    0.00    0.00   86.00
13:42:57       2    0.00    0.00    1.00    0.00    0.00    0.00    0.00    0.00   99.00
13:42:57       3    0.99    0.00    0.00    0.00    0.00    0.00    0.00    0.00   99.01
13:42:57       4    4.04    0.00    2.02    0.00    0.00    0.00    0.00    0.00   93.94
13:42:57       5    1.00    0.00    6.00    0.00    0.00    0.00    0.00   29.00   64.00
13:42:57       6    3.06    0.00    2.04    0.00    0.00    0.00    0.00    0.00   94.90
13:42:57       7    0.00    0.00    3.03    0.00    0.00    0.00    0.00   61.62   35.35

13:42:57     CPU    %usr   %nice    %sys %iowait    %irq   %soft  %steal  %guest   %idle
13:42:58     all    0.38    0.00    1.75    0.00    0.00    0.00    0.00   11.53   86.34
13:42:58       0    0.00    0.00    0.00    0.00    0.00    0.00    0.00    0.00  100.00
13:42:58       1    0.00    0.00    0.00    0.00    0.00    0.00    0.00    0.00  100.00
13:42:58       2    0.00    0.00    0.00    0.00    0.00    0.00    0.00    0.00  100.00
13:42:58       3    0.00    0.00    1.01    0.00    0.00    0.00    0.00    0.00   98.99
13:42:58       4    2.97    0.00    3.96    0.00    0.00    0.00    0.00    0.00   93.07
13:42:58       5    0.00    0.00    8.00    0.00    0.00    0.00    0.00   92.00    0.00
13:42:58       6    0.00    0.00    0.99    0.00    0.00    0.00    0.00    0.00   99.01
13:42:58       7    0.00    0.00    0.00    0.00    0.00    0.00    0.00    0.00  100.00

13:42:58     CPU    %usr   %nice    %sys %iowait    %irq   %soft  %steal  %guest   %idle
13:42:59     all    1.25    0.00    1.50    0.00    0.00    0.00    0.00   11.89   85.36
13:42:59       0    3.00    0.00    0.00    0.00    0.00    0.00    0.00    0.00   97.00
13:42:59       1    0.00    0.00    0.00    0.00    0.00    0.00    0.00    0.00  100.00
13:42:59       2    4.00    0.00    0.00    0.00    0.00    0.00    0.00    0.00   96.00
13:42:59       3    0.00    0.00    1.01    0.00    0.00    0.00    0.00    0.00   98.99
13:42:59       4    1.00    0.00    1.00    0.00    0.00    0.00    0.00    0.00   98.00
13:42:59       5    0.00    0.00    6.00    0.00    0.00    0.00    0.00   94.00    0.00
13:42:59       6    2.97    0.00    1.98    0.00    0.00    0.00    0.00    0.00   95.05
13:42:59       7    0.00    0.00    2.00    0.00    0.00    0.00    0.00    0.00   98.00

13:42:59     CPU    %usr   %nice    %sys %iowait    %irq   %soft  %steal  %guest   %idle
13:43:00     all    1.63    0.00    2.26    0.00    0.00    0.00    0.00   11.42   84.69
13:43:00       0    5.05    0.00    1.01    0.00    0.00    0.00    0.00    0.00   93.94
13:43:00       1    1.00    0.00    2.00    0.00    0.00    0.00    0.00    0.00   97.00
13:43:00       2    0.00    0.00    1.00    0.00    0.00    0.00    0.00    0.00   99.00
13:43:00       3    0.00    0.00    0.00    0.00    0.00    0.00    0.00    0.00  100.00
13:43:00       4    4.00    0.00    1.00    0.00    0.00    0.00    0.00    0.00   95.00
13:43:00       5    0.00    0.00    8.00    0.00    0.00    0.00    0.00   92.00    0.00
13:43:00       6    3.06    0.00    4.08    0.00    0.00    0.00    0.00    0.00   92.86
13:43:00       7    1.00    0.00    0.00    0.00    0.00    0.00    0.00    0.00   99.00

13:43:00     CPU    %usr   %nice    %sys %iowait    %irq   %soft  %steal  %guest   %idle
13:43:01     all    0.63    0.00    1.63    0.00    0.00    0.00    0.00   11.89   85.86
13:43:01       0    0.00    0.00    3.03    0.00    0.00    0.00    0.00    0.00   96.97
13:43:01       1    0.00    0.00    2.00    0.00    0.00    0.00    0.00    0.00   98.00
13:43:01       2    1.00    0.00    0.00    0.00    0.00    0.00    0.00    0.00   99.00
13:43:01       3    0.00    0.00    0.00    0.00    0.00    0.00    0.00    0.00  100.00
13:43:01       4    3.00    0.00    4.00    0.00    0.00    0.00    0.00    0.00   93.00
13:43:01       5    0.00    0.00    5.00    0.00    0.00    0.00    0.00   95.00    0.00
13:43:01       6    0.00    0.00    0.00    0.00    0.00    0.00    0.00    0.00  100.00
13:43:01       7    0.00    0.00    0.00    0.00    0.00    0.00    0.00    0.00  100.00
