Linux 3.2.0-39-generic (loadgen167) 	20/08/2013 	_x86_64_	(8 CPU)

13:42:38     CPU    %usr   %nice    %sys %iowait    %irq   %soft  %steal  %guest   %idle
13:42:39     all   12.06    0.00    2.76    0.00    0.00    0.00    0.00    0.00   85.18
13:42:39       0    1.03    0.00    1.03    0.00    0.00    0.00    0.00    0.00   97.94
13:42:39       1   87.88    0.00   12.12    0.00    0.00    0.00    0.00    0.00    0.00
13:42:39       2    0.00    0.00    3.03    0.00    0.00    0.00    0.00    0.00   96.97
13:42:39       3    0.00    0.00    0.99    0.00    0.00    0.00    0.00    0.00   99.01
13:42:39       4    0.00    0.00    1.01    0.00    0.00    0.00    0.00    0.00   98.99
13:42:39       5    0.00    0.00    0.00    0.00    0.00    0.00    0.00    0.00  100.00
13:42:39       6    6.06    0.00    4.04    0.00    0.00    0.00    0.00    0.00   89.90
13:42:39       7    0.00    0.00    0.00    0.00    0.00    0.00    0.00    0.00  100.00

13:42:39     CPU    %usr   %nice    %sys %iowait    %irq   %soft  %steal  %guest   %idle
13:42:40     all   16.86    0.00    1.76    0.00    0.00    0.00    0.00    0.00   81.38
13:42:40       0    4.08    0.00    1.02    0.00    0.00    0.00    0.00    0.00   94.90
13:42:40       1   94.00    0.00    6.00    0.00    0.00    0.00    0.00    0.00    0.00
13:42:40       2    4.08    0.00    3.06    0.00    0.00    0.00    0.00    0.00   92.86
13:42:40       3    0.00    0.00    0.00    0.00    0.00    0.00    0.00    0.00  100.00
13:42:40       4   27.27    0.00    0.00    0.00    0.00    0.00    0.00    0.00   72.73
13:42:40       5    0.00    0.00    0.00    0.00    0.00    0.00    0.00    0.00  100.00
13:42:40       6    2.02    0.00    4.04    0.00    0.00    0.00    0.00    0.00   93.94
13:42:40       7    0.00    0.00    0.00    0.00    0.00    0.00    0.00    0.00  100.00

13:42:40     CPU    %usr   %nice    %sys %iowait    %irq   %soft  %steal  %guest   %idle
13:42:41     all   12.75    0.00    2.75    0.00    0.00    0.00    0.00    0.00   84.50
13:42:41       0    7.07    0.00    4.04    0.00    0.00    0.00    0.00    0.00   88.89
13:42:41       1   90.00    0.00   10.00    0.00    0.00    0.00    0.00    0.00    0.00
13:42:41       2    1.01    0.00    0.00    0.00    0.00    0.00    0.00    0.00   98.99
13:42:41       3    0.00    0.00    0.00    0.00    0.00    0.00    0.00    0.00  100.00
13:42:41       4    3.00    0.00    3.00    0.00    0.00    0.00    0.00    0.00   94.00
13:42:41       5    0.99    0.00    0.99    0.00    0.00    0.00    0.00    0.00   98.02
13:42:41       6    1.98    0.00    2.97    0.00    0.00    0.00    0.00    0.00   95.05
13:42:41       7    0.98    0.00    0.98    0.00    0.00    0.00    0.00    0.00   98.04

13:42:41     CPU    %usr   %nice    %sys %iowait    %irq   %soft  %steal  %guest   %idle
13:42:42     all   12.56    0.00    2.26    0.00    0.00    0.00    0.00    0.00   85.18
13:42:42       0    3.03    0.00    4.04    0.00    0.00    0.00    0.00    0.00   92.93
13:42:42       1   92.08    0.00    7.92    0.00    0.00    0.00    0.00    0.00    0.00
13:42:42       2    1.00    0.00    1.00    0.00    0.00    0.00    0.00    0.00   98.00
13:42:42       3    0.00    0.00    0.00    0.00    0.00    0.00    0.00    0.00  100.00
13:42:42       4    3.03    0.00    4.04    0.00    0.00    0.00    0.00    0.00   92.93
13:42:42       5    0.00    0.00    0.00    0.00    0.00    0.00    0.00    0.00  100.00
13:42:42       6    1.01    0.00    1.01    0.00    0.00    0.00    0.00    0.00   97.98
13:42:42       7    0.00    0.00    0.00    0.00    0.00    0.00    0.00    0.00  100.00

13:42:42     CPU    %usr   %nice    %sys %iowait    %irq   %soft  %steal  %guest   %idle
13:42:43     all   13.83    0.00    2.79    0.63    0.00    0.00    0.00    0.00   82.74
13:42:43       0    0.00    0.00    0.00    0.00    0.00    0.00    0.00    0.00  100.00
13:42:43       1   54.08    0.00    9.18    3.06    0.00    0.00    0.00    0.00   33.67
13:42:43       2    3.03    0.00    2.02    0.00    0.00    0.00    0.00    0.00   94.95
13:42:43       3    6.19    0.00    1.03    0.00    0.00    0.00    0.00    0.00   92.78
13:42:43       4   21.21    0.00    3.03    0.00    0.00    0.00    0.00    0.00   75.76
13:42:43       5   13.40    0.00    3.09    0.00    0.00    0.00    0.00    0.00   83.51
13:42:43       6    2.97    0.00    3.96    0.00    0.00    0.00    0.00    0.00   93.07
13:42:43       7    9.00    0.00    2.00    0.00    0.00    0.00    0.00    0.00   89.00

13:42:43     CPU    %usr   %nice    %sys %iowait    %irq   %soft  %steal  %guest   %idle
13:42:44     all   12.91    0.00    4.18    0.51    0.00    0.25    0.00    0.00   82.15
13:42:44       0    6.12    0.00    1.02    0.00    0.00    0.00    0.00    0.00   92.86
13:42:44       1   36.27    0.00    9.80    2.94    0.00    1.96    0.00    0.00   49.02
13:42:44       2    7.07    0.00    6.06    0.00    0.00    0.00    0.00    0.00   86.87
13:42:44       3   11.76    0.00    0.98    0.98    0.00    0.00    0.00    0.00   86.27
13:42:44       4   13.13    0.00    2.02    0.00    0.00    0.00    0.00    0.00   84.85
13:42:44       5   15.31    0.00    6.12    1.02    0.00    0.00    0.00    0.00   77.55
13:42:44       6    0.00    0.00    2.00    0.00    0.00    0.00    0.00    0.00   98.00
13:42:44       7   13.83    0.00    3.19    0.00    0.00    0.00    0.00    0.00   82.98

13:42:44     CPU    %usr   %nice    %sys %iowait    %irq   %soft  %steal  %guest   %idle
13:42:45     all   17.13    0.00    8.50    2.28    0.00    0.25    0.00    0.00   71.83
13:42:45       0   11.46    0.00    5.21    7.29    0.00    0.00    0.00    0.00   76.04
13:42:45       1   35.87    0.00   11.96    4.35    0.00    2.17    0.00    0.00   45.65
13:42:45       2   15.84    0.00    8.91    1.98    0.00    0.00    0.00    0.00   73.27
13:42:45       3   11.11    0.00   10.10    0.00    0.00    0.00    0.00    0.00   78.79
13:42:45       4   22.68    0.00    9.28    0.00    0.00    0.00    0.00    0.00   68.04
13:42:45       5   11.34    0.00    6.19    4.12    0.00    0.00    0.00    0.00   78.35
13:42:45       6   14.00    0.00    8.00    0.00    0.00    0.00    0.00    0.00   78.00
13:42:45       7   15.53    0.00    7.77    0.97    0.00    0.00    0.00    0.00   75.73

13:42:45     CPU    %usr   %nice    %sys %iowait    %irq   %soft  %steal  %guest   %idle
13:42:46     all   17.28    0.00    7.82    0.63    0.00    0.25    0.00    0.00   74.02
13:42:46       0   17.35    0.00    6.12    1.02    0.00    0.00    0.00    0.00   75.51
13:42:46       1   33.67    0.00   14.29    3.06    0.00    2.04    0.00    0.00   46.94
13:42:46       2   14.43    0.00   11.34    1.03    0.00    0.00    0.00    0.00   73.20
13:42:46       3   19.80    0.00    5.94    0.00    0.00    0.00    0.00    0.00   74.26
13:42:46       4   16.33    0.00    9.18    0.00    0.00    0.00    0.00    0.00   74.49
13:42:46       5   12.75    0.00    5.88    0.00    0.00    0.00    0.00    0.00   81.37
13:42:46       6    3.03    0.00    6.06    0.00    0.00    0.00    0.00    0.00   90.91
13:42:46       7   19.39    0.00    6.12    0.00    0.00    0.00    0.00    0.00   74.49

13:42:46     CPU    %usr   %nice    %sys %iowait    %irq   %soft  %steal  %guest   %idle
13:42:47     all   11.79    0.00    4.56    0.63    0.00    0.13    0.00    0.00   82.89
13:42:47       0    1.01    0.00    2.02    0.00    0.00    0.00    0.00    0.00   96.97
13:42:47       1   37.11    0.00   15.46    5.15    0.00    1.03    0.00    0.00   41.24
13:42:47       2    6.12    0.00    2.04    0.00    0.00    0.00    0.00    0.00   91.84
13:42:47       3   11.22    0.00    4.08    0.00    0.00    0.00    0.00    0.00   84.69
13:42:47       4   14.00    0.00    4.00    0.00    0.00    0.00    0.00    0.00   82.00
13:42:47       5   13.86    0.00    1.98    0.00    0.00    0.00    0.00    0.00   84.16
13:42:47       6    1.00    0.00    3.00    0.00    0.00    0.00    0.00    0.00   96.00
13:42:47       7   12.00    0.00    4.00    0.00    0.00    0.00    0.00    0.00   84.00

13:42:47     CPU    %usr   %nice    %sys %iowait    %irq   %soft  %steal  %guest   %idle
13:42:48     all   15.13    0.00    5.55    0.50    0.00    0.13    0.00    0.00   78.69
13:42:48       0    7.22    0.00    5.15    0.00    0.00    0.00    0.00    0.00   87.63
13:42:48       1   26.88    0.00    9.68    3.23    0.00    1.08    0.00    0.00   59.14
13:42:48       2   19.61    0.00    8.82    0.00    0.00    0.00    0.00    0.00   71.57
13:42:48       3   15.69    0.00    3.92    0.98    0.00    0.00    0.00    0.00   79.41
13:42:48       4   10.00    0.00    4.00    0.00    0.00    0.00    0.00    0.00   86.00
13:42:48       5   18.56    0.00    4.12    0.00    0.00    0.00    0.00    0.00   77.32
13:42:48       6    9.18    0.00    4.08    0.00    0.00    0.00    0.00    0.00   86.73
13:42:48       7   13.73    0.00    3.92    0.00    0.00    0.00    0.00    0.00   82.35

13:42:48     CPU    %usr   %nice    %sys %iowait    %irq   %soft  %steal  %guest   %idle
13:42:49     all   10.65    0.00    4.18    0.38    0.00    0.25    0.00    0.00   84.54
13:42:49       0    0.00    0.00    3.03    1.01    0.00    0.00    0.00    0.00   95.96
13:42:49       1   23.23    0.00   13.13    2.02    0.00    2.02    0.00    0.00   59.60
13:42:49       2    5.05    0.00    3.03    0.00    0.00    0.00    0.00    0.00   91.92
13:42:49       3    6.32    0.00    4.21    0.00    0.00    0.00    0.00    0.00   89.47
13:42:49       4   10.10    0.00    1.01    0.00    0.00    0.00    0.00    0.00   88.89
13:42:49       5   25.24    0.00    4.85    0.00    0.00    0.00    0.00    0.00   69.90
13:42:49       6    1.01    0.00    2.02    0.00    0.00    0.00    0.00    0.00   96.97
13:42:49       7   13.68    0.00    2.11    0.00    0.00    0.00    0.00    0.00   84.21

13:42:49     CPU    %usr   %nice    %sys %iowait    %irq   %soft  %steal  %guest   %idle
13:42:50     all   19.82    0.00    2.01    0.00    0.00    0.00    0.00    0.00   78.17
13:42:50       0    0.00    0.00    0.00    0.00    0.00    0.00    0.00    0.00  100.00
13:42:50       1   86.87    0.00   11.11    0.00    0.00    0.00    0.00    0.00    2.02
13:42:50       2    1.00    0.00    0.00    0.00    0.00    0.00    0.00    0.00   99.00
13:42:50       3    1.00    0.00    1.00    0.00    0.00    0.00    0.00    0.00   98.00
13:42:50       4   68.69    0.00    0.00    0.00    0.00    0.00    0.00    0.00   31.31
13:42:50       5    0.00    0.00    1.00    0.00    0.00    0.00    0.00    0.00   99.00
13:42:50       6    0.00    0.00    2.02    0.00    0.00    0.00    0.00    0.00   97.98
13:42:50       7    1.00    0.00    1.00    0.00    0.00    0.00    0.00    0.00   98.00

13:42:50     CPU    %usr   %nice    %sys %iowait    %irq   %soft  %steal  %guest   %idle
13:42:51     all   13.19    0.00    4.65    0.00    0.00    0.00    0.00    0.00   82.16
13:42:51       0    4.04    0.00    4.04    0.00    0.00    0.00    0.00    0.00   91.92
13:42:51       1   92.00    0.00    8.00    0.00    0.00    0.00    0.00    0.00    0.00
13:42:51       2    2.06    0.00    5.15    0.00    0.00    0.00    0.00    0.00   92.78
13:42:51       3    0.00    0.00    0.00    0.00    0.00    0.00    0.00    0.00  100.00
13:42:51       4    3.03    0.00   10.10    0.00    0.00    0.00    0.00    0.00   86.87
13:42:51       5    0.00    0.00    1.98    0.00    0.00    0.00    0.00    0.00   98.02
13:42:51       6    3.92    0.00    7.84    0.00    0.00    0.00    0.00    0.00   88.24
13:42:51       7    0.00    0.00    0.00    0.00    0.00    0.00    0.00    0.00  100.00

13:42:51     CPU    %usr   %nice    %sys %iowait    %irq   %soft  %steal  %guest   %idle
13:42:52     all   13.32    0.00    1.63    0.00    0.00    0.00    0.00    0.00   85.05
13:42:52       0    7.00    0.00    2.00    0.00    0.00    0.00    0.00    0.00   91.00
13:42:52       1   94.00    0.00    6.00    0.00    0.00    0.00    0.00    0.00    0.00
13:42:52       2    0.00    0.00    1.01    0.00    0.00    0.00    0.00    0.00   98.99
13:42:52       3    0.00    0.00    0.00    0.00    0.00    0.00    0.00    0.00  100.00
13:42:52       4    5.00    0.00    1.00    0.00    0.00    0.00    0.00    0.00   94.00
13:42:52       5    1.00    0.00    1.00    0.00    0.00    0.00    0.00    0.00   98.00
13:42:52       6    0.00    0.00    3.03    0.00    0.00    0.00    0.00    0.00   96.97
13:42:52       7    0.00    0.00    0.99    0.00    0.00    0.00    0.00    0.00   99.01

13:42:52     CPU    %usr   %nice    %sys %iowait    %irq   %soft  %steal  %guest   %idle
13:42:53     all   11.84    0.00    1.76    0.25    0.00    0.00    0.00    0.00   86.15
13:42:53       0    1.01    0.00    2.02    1.01    0.00    0.00    0.00    0.00   95.96
13:42:53       1   88.00    0.00   10.00    1.00    0.00    0.00    0.00    0.00    1.00
13:42:53       2    1.01    0.00    0.00    0.00    0.00    0.00    0.00    0.00   98.99
13:42:53       3    4.00    0.00    1.00    0.00    0.00    0.00    0.00    0.00   95.00
13:42:53       4    0.00    0.00    0.00    0.00    0.00    0.00    0.00    0.00  100.00
13:42:53       5    0.00    0.00    0.00    0.00    0.00    0.00    0.00    0.00  100.00
13:42:53       6    0.00    0.00    0.00    0.00    0.00    0.00    0.00    0.00  100.00
13:42:53       7    0.00    0.00    0.00    0.00    0.00    0.00    0.00    0.00  100.00

13:42:53     CPU    %usr   %nice    %sys %iowait    %irq   %soft  %steal  %guest   %idle
13:42:54     all   14.23    0.00    4.28    0.00    0.00    0.00    0.00    0.63   80.86
13:42:54       0    2.04    0.00    2.04    0.00    0.00    0.00    0.00    0.00   95.92
13:42:54       1   90.10    0.00    9.90    0.00    0.00    0.00    0.00    0.00    0.00
13:42:54       2    4.85    0.00    5.83    0.00    0.00    0.00    0.00    0.00   89.32
13:42:54       3    0.00    0.00    2.02    0.00    0.00    0.00    0.00    0.00   97.98
13:42:54       4    0.00    0.00    4.04    0.00    0.00    0.00    0.00    0.00   95.96
13:42:54       5    0.00    0.00    4.17    0.00    0.00    0.00    0.00    3.12   92.71
13:42:54       6   13.13    0.00    6.06    0.00    0.00    0.00    0.00    2.02   78.79
13:42:54       7    2.00    0.00    1.00    0.00    0.00    0.00    0.00    0.00   97.00

13:42:54     CPU    %usr   %nice    %sys %iowait    %irq   %soft  %steal  %guest   %idle
13:42:55     all   13.46    0.00    1.89    0.00    0.00    0.00    0.00    0.00   84.65
13:42:55       0    0.00    0.00    2.04    0.00    0.00    0.00    0.00    0.00   97.96
13:42:55       1   91.00    0.00    9.00    0.00    0.00    0.00    0.00    0.00    0.00
13:42:55       2    0.00    0.00    0.00    0.00    0.00    0.00    0.00    0.00  100.00
13:42:55       3    0.00    0.00    0.00    0.00    0.00    0.00    0.00    0.00  100.00
13:42:55       4   12.12    0.00    1.01    0.00    0.00    0.00    0.00    0.00   86.87
13:42:55       5    0.00    0.00    0.00    0.00    0.00    0.00    0.00    0.00  100.00
13:42:55       6    4.95    0.00    2.97    0.00    0.00    0.00    0.00    0.00   92.08
13:42:55       7    0.00    0.00    0.00    0.00    0.00    0.00    0.00    0.00  100.00

13:42:55     CPU    %usr   %nice    %sys %iowait    %irq   %soft  %steal  %guest   %idle
13:42:56     all   11.15    0.00    1.75    0.00    0.00    0.00    0.00    0.00   87.09
13:42:56       0    0.00    0.00    0.00    0.00    0.00    0.00    0.00    0.00  100.00
13:42:56       1   88.00    0.00   12.00    0.00    0.00    0.00    0.00    0.00    0.00
13:42:56       2    0.00    0.00    0.00    0.00    0.00    0.00    0.00    0.00  100.00
13:42:56       3    0.00    0.00    0.00    0.00    0.00    0.00    0.00    0.00  100.00
13:42:56       4    0.00    0.00    0.00    0.00    0.00    0.00    0.00    0.00  100.00
13:42:56       5    0.00    0.00    0.00    0.00    0.00    0.00    0.00    0.00  100.00
13:42:56       6    0.00    0.00    2.02    0.00    0.00    0.00    0.00    0.00   97.98
13:42:56       7    0.00    0.00    0.00    0.00    0.00    0.00    0.00    0.00  100.00

13:42:56     CPU    %usr   %nice    %sys %iowait    %irq   %soft  %steal  %guest   %idle
13:42:57     all   11.88    0.00    1.62    0.00    0.00    0.00    0.00    0.00   86.50
13:42:57       0    0.00    0.00    0.00    0.00    0.00    0.00    0.00    0.00  100.00
13:42:57       1   90.00    0.00   10.00    0.00    0.00    0.00    0.00    0.00    0.00
13:42:57       2    0.00    0.00    0.00    0.00    0.00    0.00    0.00    0.00  100.00
13:42:57       3    0.00    0.00    0.00    0.00    0.00    0.00    0.00    0.00  100.00
13:42:57       4    4.00    0.00    0.00    0.00    0.00    0.00    0.00    0.00   96.00
13:42:57       5    0.00    0.00    0.00    0.00    0.00    0.00    0.00    0.00  100.00
13:42:57       6    0.00    0.00    3.00    0.00    0.00    0.00    0.00    0.00   97.00
13:42:57       7    0.00    0.00    0.00    0.00    0.00    0.00    0.00    0.00  100.00

13:42:57     CPU    %usr   %nice    %sys %iowait    %irq   %soft  %steal  %guest   %idle
13:42:58     all   12.89    0.00    1.88    1.38    0.00    0.00    0.00    8.51   75.34
13:42:58       0    9.00    0.00    2.00   11.00    0.00    0.00    0.00    0.00   78.00
13:42:58       1   90.00    0.00   10.00    0.00    0.00    0.00    0.00    0.00    0.00
13:42:58       2    0.00    0.00    0.00    0.00    0.00    0.00    0.00    0.00  100.00
13:42:58       3    0.00    0.00    0.00    0.00    0.00    0.00    0.00    0.00  100.00
13:42:58       4    0.00    0.00    1.00    0.00    0.00    0.00    0.00    1.00   98.00
13:42:58       5    0.00    0.00    0.00    0.00    0.00    0.00    0.00    0.00  100.00
13:42:58       6    5.05    0.00    0.00    0.00    0.00    0.00    0.00   67.68   27.27
13:42:58       7    0.00    0.00    0.00    0.00    0.00    0.00    0.00    0.00  100.00

13:42:58     CPU    %usr   %nice    %sys %iowait    %irq   %soft  %steal  %guest   %idle
13:42:59     all   11.78    0.00    2.88    1.13    0.00    0.00    0.00   10.78   73.43
13:42:59       0    0.00    0.00    2.04    9.18    0.00    0.00    0.00    0.00   88.78
13:42:59       1   94.00    0.00    6.00    0.00    0.00    0.00    0.00    0.00    0.00
13:42:59       2    0.00    0.00    1.01    0.00    0.00    0.00    0.00    0.00   98.99
13:42:59       3    0.00    0.00    0.00    0.00    0.00    0.00    0.00    0.00  100.00
13:42:59       4    0.00    0.00   11.00    0.00    0.00    0.00    0.00   64.00   25.00
13:42:59       5    0.00    0.00    0.00    0.00    0.00    0.00    0.00    0.00  100.00
13:42:59       6    0.00    0.00    4.00    0.00    0.00    0.00    0.00   22.00   75.00
13:42:59       7    0.00    0.00    0.00    0.00    0.00    0.00    0.00    0.00  100.00

13:42:59     CPU    %usr   %nice    %sys %iowait    %irq   %soft  %steal  %guest   %idle
13:43:00     all   11.28    0.00    2.63    0.00    0.00    0.00    0.00   11.40   74.69
13:43:00       0    0.00    0.00    2.00    0.00    0.00    0.00    0.00    0.00   98.00
13:43:00       1   90.00    0.00   10.00    0.00    0.00    0.00    0.00    0.00    0.00
13:43:00       2    0.00    0.00    0.00    0.00    0.00    0.00    0.00    0.00  100.00
13:43:00       3    0.00    0.00    0.00    0.00    0.00    0.00    0.00    0.00  100.00
13:43:00       4    1.00    0.00    8.00    0.00    0.00    0.00    0.00   91.00    0.00
13:43:00       5    0.00    0.00    0.00    0.00    0.00    0.00    0.00    0.00  100.00
13:43:00       6    0.00    0.00    0.00    0.00    0.00    0.00    0.00    0.00  100.00
13:43:00       7    0.00    0.00    0.00    0.00    0.00    0.00    0.00    0.00  100.00

13:43:00     CPU    %usr   %nice    %sys %iowait    %irq   %soft  %steal  %guest   %idle
13:43:01     all   11.51    0.00    2.50    0.00    0.00    0.00    0.00   11.26   74.72
13:43:01       0    0.00    0.00    2.00    0.00    0.00    0.00    0.00    0.00   98.00
13:43:01       1   92.00    0.00    8.00    0.00    0.00    0.00    0.00    0.00    0.00
13:43:01       2    0.00    0.00    0.00    0.00    0.00    0.00    0.00    0.00  100.00
13:43:01       3    0.00    0.00    0.00    0.00    0.00    0.00    0.00    0.00  100.00
13:43:01       4    0.00    0.00   10.00    0.00    0.00    0.00    0.00   90.00    0.00
13:43:01       5    0.00    0.00    0.00    0.00    0.00    0.00    0.00    0.00  100.00
13:43:01       6    0.00    0.00    0.00    0.00    0.00    0.00    0.00    0.00  100.00
13:43:01       7    0.00    0.00    0.00    0.00    0.00    0.00    0.00    0.00  100.00
