Linux 3.2.0-39-generic (loadgen168) 	20/08/2013 	_x86_64_	(8 CPU)

13:42:38     CPU    %usr   %nice    %sys %iowait    %irq   %soft  %steal  %guest   %idle
13:42:39     all    0.13    0.00    0.50    0.00    0.00    0.00    0.00    0.00   99.37
13:42:39       0    0.00    0.00    0.00    0.00    0.00    0.00    0.00    0.00  100.00
13:42:39       1    0.00    0.00    0.00    0.00    0.00    0.00    0.00    0.00  100.00
13:42:39       2    0.00    0.00    0.00    0.00    0.00    0.00    0.00    0.00  100.00
13:42:39       3    0.99    0.00    0.99    0.00    0.00    0.00    0.00    0.00   98.02
13:42:39       4    0.00    0.00    0.00    0.00    0.00    0.00    0.00    0.00  100.00
13:42:39       5    0.00    0.00    1.96    0.00    0.00    0.00    0.00    0.00   98.04
13:42:39       6    0.00    0.00    0.00    0.00    0.00    0.00    0.00    0.00  100.00
13:42:39       7    0.00    0.00    2.06    0.00    0.00    0.00    0.00    0.00   97.94

13:42:39     CPU    %usr   %nice    %sys %iowait    %irq   %soft  %steal  %guest   %idle
13:42:40     all    0.12    0.00    0.37    0.00    0.00    0.00    0.00    0.00   99.50
13:42:40       0    0.00    0.00    0.00    0.00    0.00    0.00    0.00    0.00  100.00
13:42:40       1    0.00    0.00    0.00    0.00    0.00    0.00    0.00    0.00  100.00
13:42:40       2    0.00    0.00    0.00    0.00    0.00    0.00    0.00    0.00  100.00
13:42:40       3    0.00    0.00    0.00    0.00    0.00    0.00    0.00    0.00  100.00
13:42:40       4    1.00    0.00    0.00    0.00    0.00    0.00    0.00    0.00   99.00
13:42:40       5    0.00    0.00    0.00    0.00    0.00    0.00    0.00    0.00  100.00
13:42:40       6    0.00    0.00    0.00    0.00    0.00    0.00    0.00    0.00  100.00
13:42:40       7    0.00    0.00    2.97    0.00    0.00    0.00    0.00    0.00   97.03

13:42:40     CPU    %usr   %nice    %sys %iowait    %irq   %soft  %steal  %guest   %idle
13:42:41     all    0.50    0.00    0.50    0.00    0.00    0.00    0.00    0.00   99.00
13:42:41       0    0.00    0.00    0.00    0.00    0.00    0.00    0.00    0.00  100.00
13:42:41       1    0.00    0.00    0.00    0.00    0.00    0.00    0.00    0.00  100.00
13:42:41       2    0.00    0.00    0.00    0.00    0.00    0.00    0.00    0.00  100.00
13:42:41       3    2.02    0.00    1.01    0.00    0.00    0.00    0.00    0.00   96.97
13:42:41       4    0.00    0.00    0.00    0.00    0.00    0.00    0.00    0.00  100.00
13:42:41       5    0.00    0.00    0.00    0.00    0.00    0.00    0.00    0.00  100.00
13:42:41       6    2.00    0.00    0.00    0.00    0.00    0.00    0.00    0.00   98.00
13:42:41       7    0.00    0.00    3.03    0.00    0.00    0.00    0.00    0.00   96.97

13:42:41     CPU    %usr   %nice    %sys %iowait    %irq   %soft  %steal  %guest   %idle
13:42:42     all    0.75    0.00    0.88    0.00    0.00    0.00    0.00    0.00   98.37
13:42:42       0    0.00    0.00    0.00    0.00    0.00    0.00    0.00    0.00  100.00
13:42:42       1    0.00    0.00    0.00    0.00    0.00    0.00    0.00    0.00  100.00
13:42:42       2    5.05    0.00    2.02    0.00    0.00    0.00    0.00    0.00   92.93
13:42:42       3    1.00    0.00    0.00    0.00    0.00    0.00    0.00    0.00   99.00
13:42:42       4    0.00    0.00    1.00    0.00    0.00    0.00    0.00    0.00   99.00
13:42:42       5    0.00    0.00    0.00    0.00    0.00    0.00    0.00    0.00  100.00
13:42:42       6    0.00    0.00    0.99    0.00    0.00    0.00    0.00    0.00   99.01
13:42:42       7    0.00    0.00    2.02    0.00    0.00    0.00    0.00    0.00   97.98

13:42:42     CPU    %usr   %nice    %sys %iowait    %irq   %soft  %steal  %guest   %idle
13:42:43     all    3.64    0.00    0.25    0.00    0.00    0.00    0.00    0.00   96.11
13:42:43       0   27.27    0.00    0.00    0.00    0.00    0.00    0.00    0.00   72.73
13:42:43       1    0.00    0.00    0.00    0.00    0.00    0.00    0.00    0.00  100.00
13:42:43       2    0.00    0.00    0.00    0.00    0.00    0.00    0.00    0.00  100.00
13:42:43       3    1.00    0.00    0.00    0.00    0.00    0.00    0.00    0.00   99.00
13:42:43       4    2.00    0.00    0.00    0.00    0.00    0.00    0.00    0.00   98.00
13:42:43       5    0.00    0.00    0.00    0.00    0.00    0.00    0.00    0.00  100.00
13:42:43       6    0.00    0.00    0.00    0.00    0.00    0.00    0.00    0.00  100.00
13:42:43       7    1.00    0.00    2.00    0.00    0.00    0.00    0.00    0.00   97.00

13:42:43     CPU    %usr   %nice    %sys %iowait    %irq   %soft  %steal  %guest   %idle
13:42:44     all    0.75    0.00    0.25    0.00    0.00    0.00    0.00    0.00   99.00
13:42:44       0    3.00    0.00    0.00    0.00    0.00    0.00    0.00    0.00   97.00
13:42:44       1    0.00    0.00    0.00    0.00    0.00    0.00    0.00    0.00  100.00
13:42:44       2    0.00    0.00    0.00    0.00    0.00    0.00    0.00    0.00  100.00
13:42:44       3    1.00    0.00    0.00    0.00    0.00    0.00    0.00    0.00   99.00
13:42:44       4    0.00    0.00    0.00    0.00    0.00    0.00    0.00    0.00  100.00
13:42:44       5    0.00    0.00    0.00    0.00    0.00    0.00    0.00    0.00  100.00
13:42:44       6    0.00    0.00    0.00    0.00    0.00    0.00    0.00    0.00  100.00
13:42:44       7    0.00    0.00    2.00    0.00    0.00    0.00    0.00    0.00   98.00

13:42:44     CPU    %usr   %nice    %sys %iowait    %irq   %soft  %steal  %guest   %idle
13:42:45     all    0.00    0.00    0.25    0.00    0.00    0.00    0.00    0.00   99.75
13:42:45       0    0.00    0.00    0.00    0.00    0.00    0.00    0.00    0.00  100.00
13:42:45       1    0.00    0.00    0.00    0.00    0.00    0.00    0.00    0.00  100.00
13:42:45       2    0.00    0.00    0.00    0.00    0.00    0.00    0.00    0.00  100.00
13:42:45       3    0.00    0.00    0.00    0.00    0.00    0.00    0.00    0.00  100.00
13:42:45       4    0.00    0.00    0.00    0.00    0.00    0.00    0.00    0.00  100.00
13:42:45       5    0.00    0.00    0.00    0.00    0.00    0.00    0.00    0.00  100.00
13:42:45       6    0.00    0.00    0.00    0.00    0.00    0.00    0.00    0.00  100.00
13:42:45       7    0.99    0.00    2.97    0.00    0.00    0.00    0.00    0.00   96.04

13:42:45     CPU    %usr   %nice    %sys %iowait    %irq   %soft  %steal  %guest   %idle
13:42:46     all    3.01    0.00    0.63    0.00    0.00    0.00    0.00    0.00   96.37
13:42:46       0   21.43    0.00    0.00    0.00    0.00    0.00    0.00    0.00   78.57
13:42:46       1    0.00    0.00    0.00    0.00    0.00    0.00    0.00    0.00  100.00
13:42:46       2    3.00    0.00    1.00    0.00    0.00    0.00    0.00    0.00   96.00
13:42:46       3    0.00    0.00    0.00    0.00    0.00    0.00    0.00    0.00  100.00
13:42:46       4    0.00    0.00    1.00    0.00    0.00    0.00    0.00    0.00   99.00
13:42:46       5    0.00    0.00    0.00    0.00    0.00    0.00    0.00    0.00  100.00
13:42:46       6    0.00    0.00    0.00    0.00    0.00    0.00    0.00    0.00  100.00
13:42:46       7    0.00    0.00    2.02    0.00    0.00    0.00    0.00    0.00   97.98

13:42:46     CPU    %usr   %nice    %sys %iowait    %irq   %soft  %steal  %guest   %idle
13:42:47     all    5.03    0.00    2.01    0.00    0.00    0.00    0.00    0.00   92.96
13:42:47       0   15.69    0.00    3.92    0.00    0.00    0.00    0.00    0.00   80.39
13:42:47       1    0.00    0.00    0.00    0.00    0.00    0.00    0.00    0.00  100.00
13:42:47       2    4.00    0.00    5.00    0.00    0.00    0.00    0.00    0.00   91.00
13:42:47       3   17.17    0.00    5.05    0.00    0.00    0.00    0.00    0.00   77.78
13:42:47       4    1.98    0.00    0.99    0.00    0.00    0.00    0.00    0.00   97.03
13:42:47       5    1.00    0.00    1.00    0.00    0.00    0.00    0.00    0.00   98.00
13:42:47       6    0.00    0.00    0.00    0.00    0.00    0.00    0.00    0.00  100.00
13:42:47       7    1.01    0.00    2.02    0.00    0.00    0.00    0.00    0.00   96.97

13:42:47     CPU    %usr   %nice    %sys %iowait    %irq   %soft  %steal  %guest   %idle
13:42:48     all    8.65    0.00    4.51    0.63    0.00    0.00    0.00    0.00   86.22
13:42:48       0    5.10    0.00    4.08    2.04    0.00    0.00    0.00    0.00   88.78
13:42:48       1    0.00    0.00    3.03    0.00    0.00    0.00    0.00    0.00   96.97
13:42:48       2   47.47    0.00   19.19    1.01    0.00    0.00    0.00    0.00   32.32
13:42:48       3    7.00    0.00    5.00    0.00    0.00    0.00    0.00    0.00   88.00
13:42:48       4    7.00    0.00    3.00    1.00    0.00    0.00    0.00    0.00   89.00
13:42:48       5    0.99    0.00    0.99    0.00    0.00    0.00    0.00    0.00   98.02
13:42:48       6    2.02    0.00    0.00    0.00    0.00    0.00    0.00    0.00   97.98
13:42:48       7    0.00    0.00    0.00    0.00    0.00    0.00    0.00    0.00  100.00

13:42:48     CPU    %usr   %nice    %sys %iowait    %irq   %soft  %steal  %guest   %idle
13:42:49     all    4.89    0.00    2.63    0.00    0.00    0.00    0.00    0.00   92.48
13:42:49       0    2.02    0.00    2.02    0.00    0.00    0.00    0.00    0.00   95.96
13:42:49       1    0.00    0.00    2.02    0.00    0.00    0.00    0.00    0.00   97.98
13:42:49       2   27.27    0.00   11.11    0.00    0.00    0.00    0.00    0.00   61.62
13:42:49       3    4.08    0.00    1.02    0.00    0.00    0.00    0.00    0.00   94.90
13:42:49       4    3.00    0.00    2.00    0.00    0.00    0.00    0.00    0.00   95.00
13:42:49       5    1.00    0.00    0.00    0.00    0.00    0.00    0.00    0.00   99.00
13:42:49       6    0.00    0.00    1.00    0.00    0.00    0.00    0.00    0.00   99.00
13:42:49       7    0.00    0.00    0.99    0.00    0.00    0.00    0.00    0.00   99.01

13:42:49     CPU    %usr   %nice    %sys %iowait    %irq   %soft  %steal  %guest   %idle
13:42:50     all    6.27    0.00    2.76    0.00    0.00    0.00    0.00    0.00   90.97
13:42:50       0   13.13    0.00    3.03    0.00    0.00    0.00    0.00    0.00   83.84
13:42:50       1    1.00    0.00    3.00    0.00    0.00    0.00    0.00    0.00   96.00
13:42:50       2   30.00    0.00   14.00    0.00    0.00    0.00    0.00    0.00   56.00
13:42:50       3    2.02    0.00    1.01    0.00    0.00    0.00    0.00    0.00   96.97
13:42:50       4    3.06    0.00    2.04    0.00    0.00    0.00    0.00    0.00   94.90
13:42:50       5    0.00    0.00    0.00    0.00    0.00    0.00    0.00    0.00  100.00
13:42:50       6    0.00    0.00    0.00    0.00    0.00    0.00    0.00    0.00  100.00
13:42:50       7    1.00    0.00    0.00    0.00    0.00    0.00    0.00    0.00   99.00

13:42:50     CPU    %usr   %nice    %sys %iowait    %irq   %soft  %steal  %guest   %idle
13:42:51     all    2.76    0.00    1.63    0.00    0.00    0.00    0.00    0.00   95.60
13:42:51       0    0.00    0.00    1.00    0.00    0.00    0.00    0.00    0.00   99.00
13:42:51       1    0.00    0.00    2.02    0.00    0.00    0.00    0.00    0.00   97.98
13:42:51       2   15.15    0.00    7.07    0.00    0.00    0.00    0.00    0.00   77.78
13:42:51       3    4.00    0.00    2.00    0.00    0.00    0.00    0.00    0.00   94.00
13:42:51       4    3.00    0.00    1.00    0.00    0.00    0.00    0.00    0.00   96.00
13:42:51       5    0.00    0.00    0.00    0.00    0.00    0.00    0.00    0.00  100.00
13:42:51       6    1.00    0.00    0.00    0.00    0.00    0.00    0.00    0.00   99.00
13:42:51       7    0.00    0.00    0.00    0.00    0.00    0.00    0.00    0.00  100.00

13:42:51     CPU    %usr   %nice    %sys %iowait    %irq   %soft  %steal  %guest   %idle
13:42:52     all    6.52    0.00    0.88    0.00    0.00    0.00    0.00    0.00   92.61
13:42:52       0    0.00    0.00    0.00    0.00    0.00    0.00    0.00    0.00  100.00
13:42:52       1    0.00    0.00    0.00    0.00    0.00    0.00    0.00    0.00  100.00
13:42:52       2    0.00    0.00    0.00    0.00    0.00    0.00    0.00    0.00  100.00
13:42:52       3   51.52    0.00    3.03    0.00    0.00    0.00    0.00    0.00   45.45
13:42:52       4    0.00    0.00    0.99    0.00    0.00    0.00    0.00    0.00   99.01
13:42:52       5    0.00    0.00    2.00    0.00    0.00    0.00    0.00    0.00   98.00
13:42:52       6    0.00    0.00    0.00    0.00    0.00    0.00    0.00    0.00  100.00
13:42:52       7    0.00    0.00    1.00    0.00    0.00    0.00    0.00    0.00   99.00

13:42:52     CPU    %usr   %nice    %sys %iowait    %irq   %soft  %steal  %guest   %idle
13:42:53     all    3.89    0.00    1.25    0.00    0.00    0.00    0.00    0.00   94.86
13:42:53       0    2.02    0.00    0.00    0.00    0.00    0.00    0.00    0.00   97.98
13:42:53       1    0.00    0.00    0.00    0.00    0.00    0.00    0.00    0.00  100.00
13:42:53       2    2.97    0.00    1.98    0.00    0.00    0.00    0.00    0.00   95.05
13:42:53       3   23.23    0.00    3.03    0.00    0.00    0.00    0.00    0.00   73.74
13:42:53       4    1.01    0.00    0.00    0.00    0.00    0.00    0.00    0.00   98.99
13:42:53       5    1.00    0.00    1.00    0.00    0.00    0.00    0.00    0.00   98.00
13:42:53       6    1.00    0.00    1.00    0.00    0.00    0.00    0.00    0.00   98.00
13:42:53       7    1.00    0.00    3.00    0.00    0.00    0.00    0.00    0.00   96.00

13:42:53     CPU    %usr   %nice    %sys %iowait    %irq   %soft  %steal  %guest   %idle
13:42:54     all    1.63    0.00    3.01    0.00    0.00    0.00    0.00    0.00   95.36
13:42:54       0    2.02    0.00    0.00    0.00    0.00    0.00    0.00    0.00   97.98
13:42:54       1    0.00    0.00    0.00    0.00    0.00    0.00    0.00    0.00  100.00
13:42:54       2    7.14    0.00   13.27    0.00    0.00    0.00    0.00    0.00   79.59
13:42:54       3    0.99    0.00    2.97    0.00    0.00    0.00    0.00    0.00   96.04
13:42:54       4    1.00    0.00    3.00    0.00    0.00    0.00    0.00    0.00   96.00
13:42:54       5    1.00    0.00    0.00    0.00    0.00    0.00    0.00    0.00   99.00
13:42:54       6    0.00    0.00    1.00    0.00    0.00    0.00    0.00    0.00   99.00
13:42:54       7    0.00    0.00    3.03    0.00    0.00    0.00    0.00    0.00   96.97

13:42:54     CPU    %usr   %nice    %sys %iowait    %irq   %soft  %steal  %guest   %idle
13:42:55     all    1.51    0.00    3.14    0.25    0.00    0.00    0.00    0.00   95.11
13:42:55       0    7.00    0.00    2.00    0.00    0.00    0.00    0.00    0.00   91.00
13:42:55       1    0.00    0.00    0.00    2.00    0.00    0.00    0.00    0.00   98.00
13:42:55       2    0.00    0.00    2.00    0.00    0.00    0.00    0.00    0.00   98.00
13:42:55       3    3.00    0.00    3.00    0.00    0.00    0.00    0.00    0.00   94.00
13:42:55       4    0.00    0.00    0.00    0.00    0.00    0.00    0.00    0.00  100.00
13:42:55       5    1.01    0.00   17.17    0.00    0.00    0.00    0.00    0.00   81.82
13:42:55       6    0.00    0.00    0.00    0.00    0.00    0.00    0.00    0.00  100.00
13:42:55       7    1.01    0.00    2.02    0.00    0.00    0.00    0.00    0.00   96.97

13:42:55     CPU    %usr   %nice    %sys %iowait    %irq   %soft  %steal  %guest   %idle
13:42:56     all    1.88    0.00    2.76    0.00    0.00    0.00    0.00    0.88   94.47
13:42:56       0    2.00    0.00    5.00    0.00    0.00    0.00    0.00    2.00   91.00
13:42:56       1    5.05    0.00    6.06    0.00    0.00    0.00    0.00    2.02   86.87
13:42:56       2    0.00    0.00    1.01    0.00    0.00    0.00    0.00    0.00   98.99
13:42:56       3    1.01    0.00    2.02    0.00    0.00    0.00    0.00    0.00   96.97
13:42:56       4    0.99    0.00    0.99    0.00    0.00    0.00    0.00    0.00   98.02
13:42:56       5    1.01    0.00    6.06    0.00    0.00    0.00    0.00    2.02   90.91
13:42:56       6    6.00    0.00    1.00    0.00    0.00    0.00    0.00    0.00   93.00
13:42:56       7    1.00    0.00    1.00    0.00    0.00    0.00    0.00    0.00   98.00

13:42:56     CPU    %usr   %nice    %sys %iowait    %irq   %soft  %steal  %guest   %idle
13:42:57     all    1.25    0.00    1.25    0.00    0.00    0.00    0.00    0.00   97.49
13:42:57       0    0.00    0.00    0.00    0.00    0.00    0.00    0.00    0.00  100.00
13:42:57       1    1.00    0.00    0.00    0.00    0.00    0.00    0.00    0.00   99.00
13:42:57       2    5.94    0.00    2.97    0.00    0.00    0.00    0.00    0.00   91.09
13:42:57       3    4.00    0.00    1.00    0.00    0.00    0.00    0.00    0.00   95.00
13:42:57       4    0.00    0.00    0.00    0.00    0.00    0.00    0.00    0.00  100.00
13:42:57       5    0.00    0.00    0.00    0.00    0.00    0.00    0.00    0.00  100.00
13:42:57       6    0.00    0.00    0.00    0.00    0.00    0.00    0.00    0.00  100.00
13:42:57       7    0.00    0.00    3.00    0.00    0.00    0.00    0.00    0.00   97.00

13:42:57     CPU    %usr   %nice    %sys %iowait    %irq   %soft  %steal  %guest   %idle
13:42:58     all    2.26    0.00    1.38    0.00    0.00    0.00    0.00    0.00   96.36
13:42:58       0    7.07    0.00    0.00    0.00    0.00    0.00    0.00    0.00   92.93
13:42:58       1    0.00    0.00    0.00    0.00    0.00    0.00    0.00    0.00  100.00
13:42:58       2    0.00    0.00    0.00    0.00    0.00    0.00    0.00    0.00  100.00
13:42:58       3    4.00    0.00    3.00    0.00    0.00    0.00    0.00    0.00   93.00
13:42:58       4    0.00    0.00    0.00    0.00    0.00    0.00    0.00    0.00  100.00
13:42:58       5    1.00    0.00    6.00    0.00    0.00    0.00    0.00    0.00   93.00
13:42:58       6    4.04    0.00    0.00    0.00    0.00    0.00    0.00    0.00   95.96
13:42:58       7    0.00    0.00    3.00    0.00    0.00    0.00    0.00    0.00   97.00

13:42:58     CPU    %usr   %nice    %sys %iowait    %irq   %soft  %steal  %guest   %idle
13:42:59     all    0.00    0.00    0.38    0.00    0.00    0.00    0.00    0.00   99.62
13:42:59       0    0.00    0.00    0.00    0.00    0.00    0.00    0.00    0.00  100.00
13:42:59       1    0.00    0.00    0.00    0.00    0.00    0.00    0.00    0.00  100.00
13:42:59       2    0.00    0.00    0.00    0.00    0.00    0.00    0.00    0.00  100.00
13:42:59       3    0.00    0.00    0.00    0.00    0.00    0.00    0.00    0.00  100.00
13:42:59       4    0.00    0.00    0.00    0.00    0.00    0.00    0.00    0.00  100.00
13:42:59       5    0.00    0.00    1.00    0.00    0.00    0.00    0.00    0.00   99.00
13:42:59       6    0.00    0.00    0.00    0.00    0.00    0.00    0.00    0.00  100.00
13:42:59       7    1.00    0.00    2.00    0.00    0.00    0.00    0.00    0.00   97.00

13:42:59     CPU    %usr   %nice    %sys %iowait    %irq   %soft  %steal  %guest   %idle
13:43:00     all    1.76    0.00    1.38    0.00    0.00    0.00    0.00    0.75   96.11
13:43:00       0    4.95    0.00    1.98    0.00    0.00    0.00    0.00    0.00   93.07
13:43:00       1    3.00    0.00    1.00    0.00    0.00    0.00    0.00    0.00   96.00
13:43:00       2    0.00    0.00    1.00    0.00    0.00    0.00    0.00    0.00   99.00
13:43:00       3    0.00    0.00    0.00    0.00    0.00    0.00    0.00    0.00  100.00
13:43:00       4    0.00    0.00    0.00    0.00    0.00    0.00    0.00    0.00  100.00
13:43:00       5    0.00    0.00    5.05    0.00    0.00    0.00    0.00    0.00   94.95
13:43:00       6    2.00    0.00    0.00    0.00    0.00    0.00    0.00    0.00   98.00
13:43:00       7    3.03    0.00    2.02    0.00    0.00    0.00    0.00    6.06   88.89

13:43:00     CPU    %usr   %nice    %sys %iowait    %irq   %soft  %steal  %guest   %idle
13:43:01     all    0.25    0.00    1.25    1.62    0.00    0.00    0.00   11.49   85.39
13:43:01       0    0.00    0.00    0.00    0.00    0.00    0.00    0.00    0.00  100.00
13:43:01       1    0.00    0.00    2.00   13.00    0.00    0.00    0.00    0.00   85.00
13:43:01       2    0.00    0.00    0.00    0.00    0.00    0.00    0.00    0.00  100.00
13:43:01       3    2.00    0.00    2.00    0.00    0.00    0.00    0.00    4.00   92.00
13:43:01       4    0.00    0.00    0.00    0.00    0.00    0.00    0.00    0.00  100.00
13:43:01       5    0.00    0.00    1.00    0.00    0.00    0.00    0.00    9.00   90.00
13:43:01       6    0.00    0.00    0.00    0.00    0.00    0.00    0.00    0.00  100.00
13:43:01       7    0.00    0.00    4.00    0.00    0.00    0.00    0.00   78.00   18.00

13:43:01     CPU    %usr   %nice    %sys %iowait    %irq   %soft  %steal  %guest   %idle
13:43:02     all    0.38    0.00    1.75    0.00    0.00    0.00    0.00   11.39   86.48
13:43:02       0    0.00    0.00    0.00    0.00    0.00    0.00    0.00    0.00  100.00
13:43:02       1    0.00    0.00    3.00    0.00    0.00    0.00    0.00    0.00   97.00
13:43:02       2    0.00    0.00    0.00    0.00    0.00    0.00    0.00    0.00  100.00
13:43:02       3    0.00    0.00    0.00    0.00    0.00    0.00    0.00    0.00  100.00
13:43:02       4    2.97    0.00    2.97    0.00    0.00    0.00    0.00    0.00   94.06
13:43:02       5    0.00    0.00    0.00    0.00    0.00    0.00    0.00    0.00  100.00
13:43:02       6    0.00    0.00    0.00    0.00    0.00    0.00    0.00    0.00  100.00
13:43:02       7    0.99    0.00    8.91    0.00    0.00    0.00    0.00   90.10    0.00
