Linux 3.2.0-41-generic (loadgen163) 	20/08/2013 	_x86_64_	(8 CPU)

13:42:38     CPU    %usr   %nice    %sys %iowait    %irq   %soft  %steal  %guest   %idle
13:42:39     all    0.75    0.00    0.63    0.00    0.00    0.00    0.00    0.00   98.62
13:42:39       0    0.00    0.00    0.00    0.00    0.00    0.00    0.00    0.00  100.00
13:42:39       1    0.00    0.00    0.00    0.00    0.00    0.00    0.00    0.00  100.00
13:42:39       2    0.00    0.00    1.00    0.00    0.00    0.00    0.00    0.00   99.00
13:42:39       3    5.05    0.00    1.01    0.00    0.00    0.00    0.00    0.00   93.94
13:42:39       4    0.00    0.00    0.00    0.00    0.00    0.00    0.00    0.00  100.00
13:42:39       5    1.02    0.00    2.04    0.00    0.00    0.00    0.00    0.00   96.94
13:42:39       6    0.00    0.00    0.00    0.00    0.00    0.00    0.00    0.00  100.00
13:42:39       7    0.00    0.00    0.00    0.00    0.00    0.00    0.00    0.00  100.00

13:42:39     CPU    %usr   %nice    %sys %iowait    %irq   %soft  %steal  %guest   %idle
13:42:40     all    0.75    0.00    1.13    0.00    0.00    0.00    0.00    0.00   98.12
13:42:40       0    0.00    0.00    0.00    0.00    0.00    0.00    0.00    0.00  100.00
13:42:40       1    0.00    0.00    0.00    0.00    0.00    0.00    0.00    0.00  100.00
13:42:40       2    0.00    0.00    0.00    0.00    0.00    0.00    0.00    0.00  100.00
13:42:40       3    3.03    0.00    4.04    0.00    0.00    0.00    0.00    0.00   92.93
13:42:40       4    1.00    0.00    1.00    0.00    0.00    0.00    0.00    0.00   98.00
13:42:40       5    0.00    0.00    3.03    0.00    0.00    0.00    0.00    0.00   96.97
13:42:40       6    0.99    0.00    0.99    0.00    0.00    0.00    0.00    0.00   98.02
13:42:40       7    0.00    0.00    0.00    0.00    0.00    0.00    0.00    0.00  100.00

13:42:40     CPU    %usr   %nice    %sys %iowait    %irq   %soft  %steal  %guest   %idle
13:42:41     all    0.50    0.00    0.63    0.00    0.00    0.00    0.00    0.00   98.87
13:42:41       0    0.00    0.00    0.00    0.00    0.00    0.00    0.00    0.00  100.00
13:42:41       1    0.00    0.00    0.00    0.00    0.00    0.00    0.00    0.00  100.00
13:42:41       2    0.00    0.00    0.99    0.00    0.00    0.00    0.00    0.00   99.01
13:42:41       3    4.00    0.00    3.00    0.00    0.00    0.00    0.00    0.00   93.00
13:42:41       4    0.00    0.00    0.00    0.00    0.00    0.00    0.00    0.00  100.00
13:42:41       5    0.00    0.00    2.02    0.00    0.00    0.00    0.00    0.00   97.98
13:42:41       6    0.00    0.00    0.00    0.00    0.00    0.00    0.00    0.00  100.00
13:42:41       7    0.00    0.00    0.00    0.00    0.00    0.00    0.00    0.00  100.00

13:42:41     CPU    %usr   %nice    %sys %iowait    %irq   %soft  %steal  %guest   %idle
13:42:42     all    9.02    0.00    0.63    0.00    0.00    0.00    0.00    0.00   90.35
13:42:42       0    0.00    0.00    0.00    0.00    0.00    0.00    0.00    0.00  100.00
13:42:42       1    0.00    0.00    0.00    0.00    0.00    0.00    0.00    0.00  100.00
13:42:42       2    0.00    0.00    0.00    0.00    0.00    0.00    0.00    0.00  100.00
13:42:42       3   70.00    0.00    1.00    0.00    0.00    0.00    0.00    0.00   29.00
13:42:42       4    1.01    0.00    1.01    0.00    0.00    0.00    0.00    0.00   97.98
13:42:42       5    1.01    0.00    2.02    0.00    0.00    0.00    0.00    0.00   96.97
13:42:42       6    0.00    0.00    0.99    0.00    0.00    0.00    0.00    0.00   99.01
13:42:42       7    0.99    0.00    0.00    0.00    0.00    0.00    0.00    0.00   99.01

13:42:42     CPU    %usr   %nice    %sys %iowait    %irq   %soft  %steal  %guest   %idle
13:42:43     all    1.51    0.00    1.13    0.00    0.00    0.00    0.00    0.00   97.37
13:42:43       0    0.00    0.00    0.00    0.00    0.00    0.00    0.00    0.00  100.00
13:42:43       1    1.00    0.00    1.00    0.00    0.00    0.00    0.00    0.00   98.00
13:42:43       2    1.98    0.00    1.98    0.00    0.00    0.00    0.00    0.00   96.04
13:42:43       3    6.06    0.00    2.02    0.00    0.00    0.00    0.00    0.00   91.92
13:42:43       4    0.98    0.00    1.96    0.00    0.00    0.00    0.00    0.00   97.06
13:42:43       5    2.02    0.00    2.02    0.00    0.00    0.00    0.00    0.00   95.96
13:42:43       6    0.00    0.00    0.00    0.00    0.00    0.00    0.00    0.00  100.00
13:42:43       7    0.00    0.00    1.01    0.00    0.00    0.00    0.00    0.00   98.99

13:42:43     CPU    %usr   %nice    %sys %iowait    %irq   %soft  %steal  %guest   %idle
13:42:44     all    1.63    0.00    2.63    0.00    0.00    0.00    0.00    0.00   95.74
13:42:44       0    0.00    0.00    1.00    0.00    0.00    0.00    0.00    0.00   99.00
13:42:44       1    0.00    0.00    2.00    0.00    0.00    0.00    0.00    0.00   98.00
13:42:44       2    0.99    0.00    2.97    0.00    0.00    0.00    0.00    0.00   96.04
13:42:44       3   11.22    0.00   11.22    0.00    0.00    0.00    0.00    0.00   77.55
13:42:44       4    0.00    0.00    0.00    0.00    0.00    0.00    0.00    0.00  100.00
13:42:44       5    0.00    0.00    2.00    0.00    0.00    0.00    0.00    0.00   98.00
13:42:44       6    0.99    0.00    1.98    0.00    0.00    0.00    0.00    0.00   97.03
13:42:44       7    0.00    0.00    1.00    0.00    0.00    0.00    0.00    0.00   99.00

13:42:44     CPU    %usr   %nice    %sys %iowait    %irq   %soft  %steal  %guest   %idle
13:42:45     all    2.26    0.00    3.90    0.38    0.00    0.00    0.00    0.00   93.46
13:42:45       0    2.04    0.00   15.31    3.06    0.00    0.00    0.00    0.00   79.59
13:42:45       1    5.00    0.00    3.00    0.00    0.00    0.00    0.00    0.00   92.00
13:42:45       2    1.02    0.00    1.02    0.00    0.00    0.00    0.00    0.00   97.96
13:42:45       3    5.00    0.00    5.00    0.00    0.00    0.00    0.00    0.00   90.00
13:42:45       4    0.00    0.00    0.00    0.00    0.00    0.00    0.00    0.00  100.00
13:42:45       5    0.00    0.00    3.03    0.00    0.00    0.00    0.00    0.00   96.97
13:42:45       6    3.00    0.00    0.00    0.00    0.00    0.00    0.00    0.00   97.00
13:42:45       7    2.00    0.00    2.00    0.00    0.00    0.00    0.00    0.00   96.00

13:42:45     CPU    %usr   %nice    %sys %iowait    %irq   %soft  %steal  %guest   %idle
13:42:46     all    0.75    0.00    0.50    0.00    0.00    0.00    0.00    0.00   98.75
13:42:46       0    0.00    0.00    0.00    0.00    0.00    0.00    0.00    0.00  100.00
13:42:46       1    0.00    0.00    0.00    0.00    0.00    0.00    0.00    0.00  100.00
13:42:46       2    0.00    0.00    0.00    0.00    0.00    0.00    0.00    0.00  100.00
13:42:46       3    4.00    0.00    4.00    0.00    0.00    0.00    0.00    0.00   92.00
13:42:46       4    0.00    0.00    0.00    0.00    0.00    0.00    0.00    0.00  100.00
13:42:46       5    1.00    0.00    1.00    0.00    0.00    0.00    0.00    0.00   98.00
13:42:46       6    0.00    0.00    0.00    0.00    0.00    0.00    0.00    0.00  100.00
13:42:46       7    0.00    0.00    0.00    0.00    0.00    0.00    0.00    0.00  100.00

13:42:46     CPU    %usr   %nice    %sys %iowait    %irq   %soft  %steal  %guest   %idle
13:42:47     all    0.88    0.00    0.88    0.00    0.00    0.00    0.00    0.00   98.25
13:42:47       0    0.00    0.00    0.00    0.00    0.00    0.00    0.00    0.00  100.00
13:42:47       1    0.00    0.00    0.00    0.00    0.00    0.00    0.00    0.00  100.00
13:42:47       2    0.00    0.00    1.00    0.00    0.00    0.00    0.00    0.00   99.00
13:42:47       3    6.00    0.00    3.00    0.00    0.00    0.00    0.00    0.00   91.00
13:42:47       4    0.00    0.00    0.00    0.00    0.00    0.00    0.00    0.00  100.00
13:42:47       5    1.02    0.00    1.02    0.00    0.00    0.00    0.00    0.00   97.96
13:42:47       6    0.00    0.00    0.99    0.00    0.00    0.00    0.00    0.00   99.01
13:42:47       7    0.00    0.00    0.99    0.00    0.00    0.00    0.00    0.00   99.01

13:42:47     CPU    %usr   %nice    %sys %iowait    %irq   %soft  %steal  %guest   %idle
13:42:48     all    0.75    0.00    1.38    0.00    0.00    0.00    0.00    0.00   97.86
13:42:48       0    0.00    0.00    6.00    0.00    0.00    0.00    0.00    0.00   94.00
13:42:48       1    2.00    0.00    0.00    0.00    0.00    0.00    0.00    0.00   98.00
13:42:48       2    0.00    0.00    0.00    0.00    0.00    0.00    0.00    0.00  100.00
13:42:48       3    2.00    0.00    2.00    0.00    0.00    0.00    0.00    0.00   96.00
13:42:48       4    0.99    0.00    0.00    0.00    0.00    0.00    0.00    0.00   99.01
13:42:48       5    2.00    0.00    2.00    0.00    0.00    0.00    0.00    0.00   96.00
13:42:48       6    0.00    0.00    1.00    0.00    0.00    0.00    0.00    0.00   99.00
13:42:48       7    0.00    0.00    0.00    0.00    0.00    0.00    0.00    0.00  100.00

13:42:48     CPU    %usr   %nice    %sys %iowait    %irq   %soft  %steal  %guest   %idle
13:42:49     all    1.75    0.00    1.75    0.00    0.00    0.00    0.00    0.25   96.24
13:42:49       0    4.04    0.00    4.04    0.00    0.00    0.00    0.00    1.01   90.91
13:42:49       1    1.01    0.00    1.01    0.00    0.00    0.00    0.00    0.00   97.98
13:42:49       2    4.00    0.00    3.00    0.00    0.00    0.00    0.00    0.00   93.00
13:42:49       3    5.00    0.00    2.00    0.00    0.00    0.00    0.00    0.00   93.00
13:42:49       4    0.00    0.00    0.00    0.00    0.00    0.00    0.00    0.00  100.00
13:42:49       5    1.00    0.00    0.00    0.00    0.00    0.00    0.00    0.00   99.00
13:42:49       6    0.00    0.00    0.00    0.00    0.00    0.00    0.00    0.00  100.00
13:42:49       7    1.96    0.00    2.94    0.00    0.00    0.00    0.00    0.00   95.10

13:42:49     CPU    %usr   %nice    %sys %iowait    %irq   %soft  %steal  %guest   %idle
13:42:50     all    0.88    0.00    2.26    0.00    0.00    0.00    0.00    0.75   96.11
13:42:50       0    0.00    0.00    1.00    0.00    0.00    0.00    0.00    0.00   99.00
13:42:50       1    3.00    0.00    7.00    0.00    0.00    0.00    0.00    6.00   84.00
13:42:50       2    0.00    0.00    6.06    0.00    0.00    0.00    0.00    0.00   93.94
13:42:50       3    3.00    0.00    3.00    0.00    0.00    0.00    0.00    0.00   94.00
13:42:50       4    0.00    0.00    0.00    0.00    0.00    0.00    0.00    0.00  100.00
13:42:50       5    0.00    0.00    0.00    0.00    0.00    0.00    0.00    0.00  100.00
13:42:50       6    0.00    0.00    0.99    0.00    0.00    0.00    0.00    0.00   99.01
13:42:50       7    0.00    0.00    1.01    0.00    0.00    0.00    0.00    0.00   98.99

13:42:50     CPU    %usr   %nice    %sys %iowait    %irq   %soft  %steal  %guest   %idle
13:42:51     all    1.25    0.00    1.38    0.00    0.00    0.00    0.00    0.00   97.37
13:42:51       0    0.00    0.00    1.00    0.00    0.00    0.00    0.00    0.00   99.00
13:42:51       1    0.00    0.00    2.02    0.00    0.00    0.00    0.00    0.00   97.98
13:42:51       2    1.02    0.00    1.02    0.00    0.00    0.00    0.00    0.00   97.96
13:42:51       3    2.02    0.00    1.01    0.00    0.00    0.00    0.00    0.00   96.97
13:42:51       4    4.04    0.00    2.02    0.00    0.00    0.00    0.00    0.00   93.94
13:42:51       5    0.99    0.00    1.98    0.00    0.00    0.00    0.00    0.00   97.03
13:42:51       6    0.00    0.00    0.00    0.00    0.00    0.00    0.00    0.00  100.00
13:42:51       7    1.01    0.00    0.00    0.00    0.00    0.00    0.00    0.00   98.99

13:42:51     CPU    %usr   %nice    %sys %iowait    %irq   %soft  %steal  %guest   %idle
13:42:52     all    1.01    0.00    1.38    0.00    0.00    0.00    0.00    0.00   97.61
13:42:52       0    0.00    0.00    0.00    0.00    0.00    0.00    0.00    0.00  100.00
13:42:52       1    0.00    0.00    3.03    0.00    0.00    0.00    0.00    0.00   96.97
13:42:52       2    2.97    0.00    1.98    0.00    0.00    0.00    0.00    0.00   95.05
13:42:52       3    5.05    0.00    4.04    0.00    0.00    0.00    0.00    0.00   90.91
13:42:52       4    0.00    0.00    3.00    0.00    0.00    0.00    0.00    0.00   97.00
13:42:52       5    0.00    0.00    1.01    0.00    0.00    0.00    0.00    0.00   98.99
13:42:52       6    0.00    0.00    0.99    0.00    0.00    0.00    0.00    0.00   99.01
13:42:52       7    0.00    0.00    0.00    0.00    0.00    0.00    0.00    0.00  100.00

13:42:52     CPU    %usr   %nice    %sys %iowait    %irq   %soft  %steal  %guest   %idle
13:42:53     all    0.63    0.00    1.00    0.00    0.00    0.00    0.00    0.00   98.37
13:42:53       0    0.00    0.00    0.00    0.00    0.00    0.00    0.00    0.00  100.00
13:42:53       1    0.00    0.00    0.00    0.00    0.00    0.00    0.00    0.00  100.00
13:42:53       2    0.00    0.00    0.00    0.00    0.00    0.00    0.00    0.00  100.00
13:42:53       3    5.00    0.00    2.00    0.00    0.00    0.00    0.00    0.00   93.00
13:42:53       4    0.00    0.00    3.00    0.00    0.00    0.00    0.00    0.00   97.00
13:42:53       5    0.99    0.00    0.00    0.00    0.00    0.00    0.00    0.00   99.01
13:42:53       6    0.00    0.00    0.00    0.00    0.00    0.00    0.00    0.00  100.00
13:42:53       7    0.99    0.00    1.98    0.00    0.00    0.00    0.00    0.00   97.03

13:42:53     CPU    %usr   %nice    %sys %iowait    %irq   %soft  %steal  %guest   %idle
13:42:54     all    2.88    0.00    1.38    0.13    0.00    0.00    0.00    9.77   85.84
13:42:54       0    1.01    0.00    1.01    1.01    0.00    0.00    0.00    0.00   96.97
13:42:54       1    1.00    0.00    2.00    0.00    0.00    0.00    0.00    1.00   96.00
13:42:54       2    0.00    0.00    1.00    0.00    0.00    0.00    0.00    0.00   99.00
13:42:54       3    2.00    0.00    1.00    0.00    0.00    0.00    0.00    0.00   97.00
13:42:54       4    2.02    0.00    0.00    0.00    0.00    0.00    0.00    0.00   97.98
13:42:54       5    5.05    0.00    1.01    0.00    0.00    0.00    0.00   77.78   16.16
13:42:54       6    6.00    0.00    2.00    0.00    0.00    0.00    0.00    0.00   92.00
13:42:54       7    4.04    0.00    3.03    0.00    0.00    0.00    0.00    0.00   92.93

13:42:54     CPU    %usr   %nice    %sys %iowait    %irq   %soft  %steal  %guest   %idle
13:42:55     all    0.63    0.00    3.88    1.38    0.00    0.13    0.00    9.90   84.09
13:42:55       0    0.00    0.00    2.04   11.22    0.00    1.02    0.00    0.00   85.71
13:42:55       1    0.00    0.00    0.00    0.00    0.00    0.00    0.00    0.00  100.00
13:42:55       2    1.00    0.00    1.00    0.00    0.00    0.00    0.00    0.00   98.00
13:42:55       3    0.00    0.00    2.00    0.00    0.00    0.00    0.00    0.00   98.00
13:42:55       4    1.00    0.00   17.00    0.00    0.00    0.00    0.00   74.00    8.00
13:42:55       5    3.00    0.00    6.00    0.00    0.00    0.00    0.00    5.00   86.00
13:42:55       6    0.00    0.00    1.00    0.00    0.00    0.00    0.00    0.00   99.00
13:42:55       7    0.00    0.00    1.01    0.00    0.00    0.00    0.00    0.00   98.99

13:42:55     CPU    %usr   %nice    %sys %iowait    %irq   %soft  %steal  %guest   %idle
13:42:56     all    1.13    0.00    2.75    0.00    0.00    0.00    0.00   10.76   85.36
13:42:56       0    0.00    0.00    0.00    0.00    0.00    0.00    0.00    0.00  100.00
13:42:56       1    0.00    0.00    1.00    0.00    0.00    0.00    0.00    0.00   99.00
13:42:56       2    0.00    0.00    0.00    0.00    0.00    0.00    0.00    0.00  100.00
13:42:56       3    0.00    0.00    2.04    0.00    0.00    0.00    0.00    0.00   97.96
13:42:56       4    0.00    0.00   14.00    0.00    0.00    0.00    0.00   86.00    0.00
13:42:56       5    2.00    0.00    1.00    0.00    0.00    0.00    0.00    0.00   97.00
13:42:56       6    0.00    0.00    0.00    0.00    0.00    0.00    0.00    0.00  100.00
13:42:56       7    6.00    0.00    4.00    0.00    0.00    0.00    0.00    0.00   90.00

13:42:56     CPU    %usr   %nice    %sys %iowait    %irq   %soft  %steal  %guest   %idle
13:42:57     all    0.50    0.00    2.01    0.00    0.00    0.00    0.00   11.29   86.20
13:42:57       0    0.00    0.00    0.00    0.00    0.00    0.00    0.00    0.00  100.00
13:42:57       1    0.00    0.00    0.00    0.00    0.00    0.00    0.00    0.00  100.00
13:42:57       2    0.99    0.00    0.99    0.00    0.00    0.00    0.00    0.00   98.02
13:42:57       3    0.99    0.00    2.97    0.00    0.00    0.00    0.00    0.00   96.04
13:42:57       4    0.00    0.00   10.00    0.00    0.00    0.00    0.00   90.00    0.00
13:42:57       5    0.00    0.00    0.00    0.00    0.00    0.00    0.00    0.00  100.00
13:42:57       6    0.00    0.00    2.00    0.00    0.00    0.00    0.00    0.00   98.00
13:42:57       7    3.00    0.00    1.00    0.00    0.00    0.00    0.00    0.00   96.00

13:42:57     CPU    %usr   %nice    %sys %iowait    %irq   %soft  %steal  %guest   %idle
13:42:58     all    3.63    0.00    3.50    0.00    0.00    0.00    0.00   10.76   82.10
13:42:58       0    0.00    0.00    0.00    0.00    0.00    0.00    0.00    0.00  100.00
13:42:58       1    0.00    0.00    3.00    0.00    0.00    1.00    0.00    0.00   96.00
13:42:58       2    0.00    0.00    0.00    0.00    0.00    0.00    0.00    0.00  100.00
13:42:58       3    3.06    0.00    2.04    0.00    0.00    0.00    0.00    0.00   94.90
13:42:58       4    0.00    0.00   14.00    0.00    0.00    0.00    0.00   87.00    0.00
13:42:58       5   20.00    0.00    5.00    0.00    0.00    0.00    0.00    0.00   75.00
13:42:58       6    1.00    0.00    0.00    0.00    0.00    0.00    0.00    0.00   99.00
13:42:58       7    5.00    0.00    4.00    0.00    0.00    0.00    0.00    0.00   91.00

13:42:58     CPU    %usr   %nice    %sys %iowait    %irq   %soft  %steal  %guest   %idle
13:42:59     all    0.00    0.00    2.25    0.00    0.00    0.00    0.00   10.75   87.00
13:42:59       0    0.00    0.00    0.00    0.00    0.00    0.00    0.00    0.00  100.00
13:42:59       1    0.00    0.00    0.00    0.00    0.00    0.00    0.00    0.00  100.00
13:42:59       2    0.00    0.00    0.00    0.00    0.00    0.00    0.00    0.00  100.00
13:42:59       3    0.00    0.00    0.00    0.00    0.00    0.00    0.00    0.00  100.00
13:42:59       4    1.00    0.00   14.00    0.00    0.00    0.00    0.00   85.00    0.00
13:42:59       5    0.00    0.00    0.00    0.00    0.00    0.00    0.00    0.00  100.00
13:42:59       6    0.00    0.00    0.00    0.00    0.00    0.00    0.00    0.00  100.00
13:42:59       7    0.00    0.00    3.00    0.00    0.00    0.00    0.00    0.00   97.00
