Linux 3.2.0-40-generic (loadgen166) 	20/08/2013 	_x86_64_	(8 CPU)

14:02:17     CPU    %usr   %nice    %sys %iowait    %irq   %soft  %steal  %guest   %idle
14:02:18     all    0.76    0.00    1.77    0.13    0.00    0.38    0.00    9.86   87.10
14:02:18       0    1.00    0.00    1.00    1.00    0.00    0.00    0.00   10.00   87.00
14:02:18       1    0.00    0.00    2.02    0.00    0.00    1.01    0.00    1.01   95.96
14:02:18       2    2.97    0.00    3.96    0.00    0.00    1.98    0.00    4.95   86.14
14:02:18       3    0.00    0.00    0.00    0.00    0.00    0.00    0.00    9.18   91.84
14:02:18       4    2.08    0.00    3.12    0.00    0.00    2.08    0.00    7.29   85.42
14:02:18       5    0.99    0.00    0.99    0.00    0.00    0.00    0.00   13.86   84.16
14:02:18       6    0.00    0.00    1.01    0.00    0.00    0.00    0.00   26.26   72.73
14:02:18       7    0.00    0.00    0.00    0.00    0.00    0.00    0.00    7.14   92.86

14:02:18     CPU    %usr   %nice    %sys %iowait    %irq   %soft  %steal  %guest   %idle
14:02:19     all    1.15    0.00    2.94    0.26    0.00    0.77    0.00   11.49   83.40
14:02:19       0    1.06    0.00    1.06    0.00    0.00    0.00    0.00   12.77   85.11
14:02:19       1    0.00    0.00    3.03    1.01    0.00    0.00    0.00    0.00   95.96
14:02:19       2    4.17    0.00    7.29    0.00    0.00    1.04    0.00   12.50   75.00
14:02:19       3    0.00    0.00    0.00    0.00    0.00    0.00    0.00    6.00   94.00
14:02:19       4    2.13    0.00    8.51    1.06    0.00    3.19    0.00    9.57   75.53
14:02:19       5    0.00    0.00    0.00    0.00    0.00    0.00    0.00    0.00  100.00
14:02:19       6    0.99    0.00    4.95    0.99    0.00    0.00    0.00   51.49   41.58
14:02:19       7    0.00    0.00    0.00    0.00    0.00    0.00    0.00    0.00  100.00

14:02:19     CPU    %usr   %nice    %sys %iowait    %irq   %soft  %steal  %guest   %idle
14:02:20     all    1.02    0.00    2.81    0.26    0.00    0.89    0.00    9.71   85.31
14:02:20       0    2.08    0.00    4.17    0.00    0.00    1.04    0.00   14.58   78.12
14:02:20       1    0.00    0.00    2.00    2.00    0.00    1.00    0.00    0.00   95.00
14:02:20       2    4.30    0.00    7.53    0.00    0.00    3.23    0.00    9.68   75.27
14:02:20       3    0.00    0.00    0.00    0.00    0.00    0.00    0.00    0.00  100.00
14:02:20       4    2.08    0.00    8.33    0.00    0.00    2.08    0.00   26.04   61.46
14:02:20       5    0.00    0.00    0.00    0.00    0.00    0.00    0.00    0.00  100.00
14:02:20       6    0.00    0.00    1.03    0.00    0.00    0.00    0.00   27.84   71.13
14:02:20       7    0.00    0.00    0.00    0.00    0.00    0.00    0.00    0.00  100.00

14:02:20     CPU    %usr   %nice    %sys %iowait    %irq   %soft  %steal  %guest   %idle
14:02:21     all    1.15    0.00    2.42    0.13    0.00    1.15    0.00   33.59   61.58
14:02:21       0    3.19    0.00    8.51    1.06    0.00    6.38    0.00   27.66   53.19
14:02:21       1    0.00    0.00    1.04    0.00    0.00    0.00    0.00   75.00   23.96
14:02:21       2    0.99    0.00    1.98    0.00    0.00    1.98    0.00   89.11    5.94
14:02:21       3    0.00    0.00    3.00    0.00    0.00    0.00    0.00    1.00   96.00
14:02:21       4    4.17    0.00    4.17    0.00    0.00    1.04    0.00   35.42   55.21
14:02:21       5    0.00    0.00    0.00    0.00    0.00    0.00    0.00    0.00  100.00
14:02:21       6    0.00    0.00    1.01    0.00    0.00    0.00    0.00   42.42   56.57
14:02:21       7    0.00    0.00    0.00    0.00    0.00    0.00    0.00    0.00  100.00

14:02:21     CPU    %usr   %nice    %sys %iowait    %irq   %soft  %steal  %guest   %idle
14:02:22     all    1.27    0.00    2.93    2.93    0.00    0.89    0.00   47.33   44.66
14:02:22       0    4.21    0.00    7.37    9.47    0.00    3.16    0.00    0.00   75.79
14:02:22       1    1.02    0.00    5.10    0.00    0.00    1.02    0.00   69.39   23.47
14:02:22       2    0.00    0.00    0.00    0.00    0.00    0.00    0.00   91.92    8.08
14:02:22       3    1.01    0.00    0.00    0.00    0.00    0.00    0.00   95.96    3.03
14:02:22       4    4.17    0.00    6.25    3.12    0.00    3.12    0.00    0.00   83.33
14:02:22       5    0.00    0.00    5.00   10.00    0.00    0.00    0.00   22.00   63.00
14:02:22       6    0.00    0.00    0.00    0.00    0.00    0.00    0.00   96.00    4.00
14:02:22       7    1.00    0.00    0.00    0.00    0.00    0.00    0.00    0.00   99.00

14:02:22     CPU    %usr   %nice    %sys %iowait    %irq   %soft  %steal  %guest   %idle
14:02:23     all    2.31    0.00    4.88    3.47    0.00    1.28    0.00   28.11   59.95
14:02:23       0    8.42    0.00   13.68    1.05    0.00    5.26    0.00    0.00   71.58
14:02:23       1    2.06    0.00    1.03    3.09    0.00    1.03    0.00    0.00   92.78
14:02:23       2    0.00    0.00    0.00    1.03    0.00    2.06    0.00   56.70   40.21
14:02:23       3    2.00    0.00    4.00    0.00    0.00    1.00    0.00   11.00   82.00
14:02:23       4    5.10    0.00    6.12   16.33    0.00    2.04    0.00    1.02   69.39
14:02:23       5    2.11    0.00   11.58    0.00    0.00    0.00    0.00   70.53   15.79
14:02:23       6    0.00    0.00    0.00    6.12    0.00    0.00    0.00   27.55   66.33
14:02:23       7    0.00    0.00    1.02    0.00    0.00    0.00    0.00   60.20   39.80

14:02:23     CPU    %usr   %nice    %sys %iowait    %irq   %soft  %steal  %guest   %idle
14:02:24     all    2.60    0.00    6.25    0.13    0.00    2.21    0.00   18.10   70.70
14:02:24       0    5.32    0.00    8.51    0.00    0.00    3.19    0.00   15.96   67.02
14:02:24       1    2.13    0.00    6.38    1.06    0.00    1.06    0.00    0.00   89.36
14:02:24       2    2.00    0.00   11.00    0.00    0.00    4.00    0.00   48.00   35.00
14:02:24       3    0.00    0.00    2.06    0.00    0.00    2.06    0.00    0.00   95.88
14:02:24       4   10.23    0.00   15.91    0.00    0.00    7.95    0.00    3.41   62.50
14:02:24       5    1.01    0.00    3.03    0.00    0.00    0.00    0.00   13.13   82.83
14:02:24       6    1.03    0.00    4.12    0.00    0.00    0.00    0.00   27.84   67.01
14:02:24       7    1.01    0.00    1.01    0.00    0.00    0.00    0.00   31.31   66.67

14:02:24     CPU    %usr   %nice    %sys %iowait    %irq   %soft  %steal  %guest   %idle
14:02:25     all    2.98    0.00    5.82    0.00    0.00    1.81    0.00   18.63   70.76
14:02:25       0    5.05    0.00   10.10    0.00    0.00    5.05    0.00   15.15   64.65
14:02:25       1    3.12    0.00    5.21    0.00    0.00    1.04    0.00    0.00   90.62
14:02:25       2    1.03    0.00    7.22    0.00    0.00    0.00    0.00   28.87   62.89
14:02:25       3    1.02    0.00    2.04    0.00    0.00    1.02    0.00   17.35   78.57
14:02:25       4   10.11    0.00   11.24    0.00    0.00    5.62    0.00    1.12   71.91
14:02:25       5    0.00    0.00    3.06    0.00    0.00    0.00    0.00    1.02   95.92
14:02:25       6    2.06    0.00    8.25    0.00    0.00    0.00    0.00   62.89   26.80
14:02:25       7    0.00    0.00    1.02    0.00    0.00    0.00    0.00   23.47   75.51

14:02:25     CPU    %usr   %nice    %sys %iowait    %irq   %soft  %steal  %guest   %idle
14:02:26     all    3.43    0.00   11.56    9.40    0.00    2.92    0.00   11.56   61.12
14:02:26       0    5.05    0.00   18.18    3.03    0.00   10.10    0.00   10.10   53.54
14:02:26       1    4.17    0.00    8.33   10.42    0.00    2.08    0.00    0.00   75.00
14:02:26       2    3.19    0.00   14.89    2.13    0.00    4.26    0.00   19.15   56.38
14:02:26       3    7.14    0.00    9.18    2.04    0.00    7.14    0.00    2.04   72.45
14:02:26       4    2.91    0.00   15.53    6.80    0.00    1.94    0.00   23.30   49.51
14:02:26       5    3.92    0.00    9.80    3.92    0.00    0.00    0.00   10.78   71.57
14:02:26       6    2.04    0.00   11.22    2.04    0.00    0.00    0.00   25.51   59.18
14:02:26       7    1.02    0.00    3.06   43.88    0.00    0.00    0.00    0.00   52.04

14:02:26     CPU    %usr   %nice    %sys %iowait    %irq   %soft  %steal  %guest   %idle
14:02:27     all    0.89    0.00    4.06   16.37    0.00    1.14    0.00   28.81   48.73
14:02:27       0    1.03    0.00    6.19    3.09    0.00    2.06    0.00   60.82   26.80
14:02:27       1    1.04    0.00    1.04    2.08    0.00    2.08    0.00   62.50   31.25
14:02:27       2    2.06    0.00    4.12    4.12    0.00    2.06    0.00   32.99   54.64
14:02:27       3    1.98    0.00    7.92    7.92    0.00    0.99    0.00    2.97   78.22
14:02:27       4    1.01    0.00    7.07    4.04    0.00    1.01    0.00   37.37   49.49
14:02:27       5    0.00    0.00    1.01   56.57    0.00    0.00    0.00    5.05   37.37
14:02:27       6    0.99    0.00    3.96   15.84    0.00    0.00    0.00   28.71   50.50
14:02:27       7    0.00    0.00    3.00   37.00    0.00    0.00    0.00    1.00   59.00

14:02:27     CPU    %usr   %nice    %sys %iowait    %irq   %soft  %steal  %guest   %idle
14:02:28     all    1.27    0.00    2.54    6.73    0.00    1.27    0.00   39.90   48.28
14:02:28       0    4.26    0.00    3.19   15.96    0.00    5.32    0.00   30.85   40.43
14:02:28       1    0.00    0.00    0.00    0.00    0.00    2.00    0.00   94.00    4.00
14:02:28       2    1.03    0.00    6.19    0.00    0.00    1.03    0.00   53.61   38.14
14:02:28       3    0.00    0.00    0.00    0.99    0.00    0.00    0.00    0.00   99.01
14:02:28       4    3.06    0.00    7.14    0.00    0.00    3.06    0.00    0.00   86.73
14:02:28       5    0.00    0.00    0.00   36.36    0.00    0.00    0.00   63.64    0.00
14:02:28       6    1.00    0.00    2.00    0.00    0.00    0.00    0.00   76.00   21.00
14:02:28       7    1.01    0.00    2.02    1.01    0.00    0.00    0.00    0.00   95.96

14:02:28     CPU    %usr   %nice    %sys %iowait    %irq   %soft  %steal  %guest   %idle
14:02:29     all    1.01    0.00    1.51    0.13    0.00    0.75    0.00   49.43   47.17
14:02:29       0    1.03    0.00    3.09    0.00    0.00    1.03    0.00    0.00   94.85
14:02:29       1    0.00    0.00    0.00    0.00    0.00    1.00    0.00   99.00    0.00
14:02:29       2    3.09    0.00    4.12    0.00    0.00    2.06    0.00    4.12   86.60
14:02:29       3    0.00    0.00    0.00    1.01    0.00    0.00    0.00    0.00   98.99
14:02:29       4    2.00    0.00    2.00    0.00    0.00    1.00    0.00   91.00    4.00
14:02:29       5    0.00    0.00    0.00    0.00    0.00    0.00    0.00  100.00    0.00
14:02:29       6    0.00    0.00    0.00    0.00    0.00    0.00    0.00  100.00    0.00
14:02:29       7    1.00    0.00    2.00    0.00    0.00    0.00    0.00    0.00   97.00

14:02:29     CPU    %usr   %nice    %sys %iowait    %irq   %soft  %steal  %guest   %idle
14:02:30     all    0.00    0.00    1.50    9.26    0.00    0.25    0.00   45.06   43.93
14:02:30       0    1.01    0.00    3.03   64.65    0.00    1.01    0.00    0.00   30.30
14:02:30       1    0.00    0.00    0.00    0.00    0.00    0.00    0.00   92.93    7.07
14:02:30       2    0.99    0.00    4.95    2.97    0.00    0.99    0.00   25.74   64.36
14:02:30       3    0.00    0.00    2.00    3.00    0.00    0.00    0.00    1.00   94.00
14:02:30       4    0.00    0.00    0.00    0.00    0.00    0.00    0.00   94.00    7.00
14:02:30       5    0.00    0.00    1.00    1.00    0.00    0.00    0.00   47.00   52.00
14:02:30       6    0.00    0.00    0.00    0.00    0.00    0.00    0.00  100.00    1.01
14:02:30       7    0.00    0.00    2.02    2.02    0.00    0.00    0.00    0.00   95.96

14:02:30     CPU    %usr   %nice    %sys %iowait    %irq   %soft  %steal  %guest   %idle
14:02:31     all    0.25    0.00    1.65   12.17    0.00    0.00    0.00   32.83   53.11
14:02:31       0    1.00    0.00    3.00   24.00    0.00    0.00    0.00   51.00   21.00
14:02:31       1    1.01    0.00    1.01    0.00    0.00    0.00    0.00   79.80   18.18
14:02:31       2    0.00    0.00    1.02    1.02    0.00    0.00    0.00   27.55   70.41
14:02:31       3    0.00    0.00    1.02    1.02    0.00    0.00    0.00    1.02   97.96
14:02:31       4    1.02    0.00    3.06   15.31    0.00    0.00    0.00   21.43   59.18
14:02:31       5    1.02    0.00    1.02   26.53    0.00    0.00    0.00    0.00   71.43
14:02:31       6    1.01    0.00    1.01    0.00    0.00    0.00    0.00   80.81   17.17
14:02:31       7    0.00    0.00    2.00   29.00    0.00    0.00    0.00    0.00   69.00

14:02:31     CPU    %usr   %nice    %sys %iowait    %irq   %soft  %steal  %guest   %idle
14:02:32     all    1.52    0.00    3.91   14.14    0.00    0.00    0.00   25.13   55.30
14:02:32       0    0.00    0.00    4.04    8.08    0.00    0.00    0.00   16.16   71.72
14:02:32       1    0.00    0.00    5.05   64.65    0.00    1.01    0.00    9.09   20.20
14:02:32       2    0.00    0.00    4.04    3.03    0.00    0.00    0.00    9.09   83.84
14:02:32       3    1.02    0.00    2.04    0.00    0.00    0.00    0.00   36.73   60.20
14:02:32       4    0.00    0.00    2.02   37.37    0.00    0.00    0.00    2.02   58.59
14:02:32       5    3.00    0.00    6.00    1.00    0.00    0.00    0.00   41.00   49.00
14:02:32       6    0.00    0.00    1.02    0.00    0.00    0.00    0.00   87.76   12.24
14:02:32       7    7.00    0.00    6.00    0.00    0.00    0.00    0.00    1.00   86.00

14:02:32     CPU    %usr   %nice    %sys %iowait    %irq   %soft  %steal  %guest   %idle
14:02:33     all    0.76    0.00    3.17   19.39    0.00    0.13    0.00   21.29   55.26
14:02:33       0    0.00    0.00    4.08   56.12    0.00    0.00    0.00   16.33   23.47
14:02:33       1    0.00    0.00    7.00   83.00    0.00    0.00    0.00    1.00    9.00
14:02:33       2    0.00    0.00    0.00    0.00    0.00    0.00    0.00   87.88   12.12
14:02:33       3    0.00    0.00    4.12    4.12    0.00    0.00    0.00    0.00   91.75
14:02:33       4    0.00    0.00    1.01    6.06    0.00    0.00    0.00   49.49   43.43
14:02:33       5    2.00    0.00    2.00    1.00    0.00    0.00    0.00    2.00   93.00
14:02:33       6    3.09    0.00    4.12    4.12    0.00    0.00    0.00   12.37   76.29
14:02:33       7    2.04    0.00    3.06    0.00    0.00    0.00    0.00    0.00   94.90

14:02:33     CPU    %usr   %nice    %sys %iowait    %irq   %soft  %steal  %guest   %idle
14:02:34     all    1.40    0.00    2.29   12.10    0.00    0.38    0.00   18.22   65.61
14:02:34       0    1.03    0.00    4.12    0.00    0.00    2.06    0.00   26.80   65.98
14:02:34       1    0.00    0.00    2.06   73.20    0.00    0.00    0.00    6.19   18.56
14:02:34       2    1.01    0.00    1.01    0.00    0.00    0.00    0.00   23.23   74.75
14:02:34       3    1.00    0.00    3.00    4.00    0.00    1.00    0.00   11.00   80.00
14:02:34       4    2.00    0.00    4.00    0.00    0.00    1.00    0.00   54.00   39.00
14:02:34       5    2.04    0.00    2.04    0.00    0.00    0.00    0.00    6.12   89.80
14:02:34       6    1.02    0.00    1.02    0.00    0.00    0.00    0.00   18.37   79.59
14:02:34       7    2.02    0.00    2.02   20.20    0.00    0.00    0.00    0.00   75.76

14:02:34     CPU    %usr   %nice    %sys %iowait    %irq   %soft  %steal  %guest   %idle
14:02:35     all    3.11    0.00    6.35    0.13    0.00    2.46    0.00   16.32   71.63
14:02:35       0    7.95    0.00    9.09    0.00    0.00    6.82    0.00   12.50   63.64
14:02:35       1    2.13    0.00    2.13    0.00    0.00    1.06    0.00   18.09   76.60
14:02:35       2    2.04    0.00    6.12    0.00    0.00    3.06    0.00    6.12   82.65
14:02:35       3    4.26    0.00    4.26    0.00    0.00    0.00    0.00   12.77   78.72
14:02:35       4    7.00    0.00   15.00    0.00    0.00    8.00    0.00    9.00   61.00
14:02:35       5    2.06    0.00    9.28    0.00    0.00    0.00    0.00   21.65   67.01
14:02:35       6    1.02    0.00    2.04    0.00    0.00    0.00    0.00   27.55   69.39
14:02:35       7    0.00    0.00    2.02    0.00    0.00    0.00    0.00   23.23   75.76

14:02:35     CPU    %usr   %nice    %sys %iowait    %irq   %soft  %steal  %guest   %idle
14:02:36     all    3.47    0.00    6.44    0.26    0.00    1.54    0.00   10.94   77.35
14:02:36       0    3.19    0.00    7.45    1.06    0.00    3.19    0.00    2.13   82.98
14:02:36       1    4.12    0.00    7.22    2.06    0.00    3.09    0.00    3.09   80.41
14:02:36       2    2.00    0.00    7.00    0.00    0.00    0.00    0.00   16.00   75.00
14:02:36       3    9.57    0.00   15.96    0.00    0.00    6.38    0.00    1.06   67.02
14:02:36       4    0.99    0.00    0.99    0.00    0.00    0.00    0.00   10.89   87.13
14:02:36       5    4.00    0.00    5.00    0.00    0.00    0.00    0.00   23.00   68.00
14:02:36       6    3.06    0.00    3.06    0.00    0.00    0.00    0.00   10.20   83.67
14:02:36       7    2.11    0.00    6.32    0.00    0.00    0.00    0.00   18.95   72.63

14:02:36     CPU    %usr   %nice    %sys %iowait    %irq   %soft  %steal  %guest   %idle
14:02:37     all    2.18    0.00    8.73    7.45    0.00    2.05    0.00   16.69   62.90
14:02:37       0    8.89    0.00   14.44    1.11    0.00   12.22    0.00   11.11   52.22
14:02:37       1    1.02    0.00   11.22   16.33    0.00    5.10    0.00    5.10   61.22
14:02:37       2    0.00    0.00   10.00    8.00    0.00    0.00    0.00   48.00   34.00
14:02:37       3    5.05    0.00   10.10   11.11    0.00    0.00    0.00    1.01   72.73
14:02:37       4    0.00    0.00    7.14    2.04    0.00    0.00    0.00   33.67   57.14
14:02:37       5    0.00    0.00    6.12    8.16    0.00    0.00    0.00    2.04   83.67
14:02:37       6    0.00    0.00    6.19    1.03    0.00    0.00    0.00   34.02   58.76
14:02:37       7    1.03    0.00    4.12   10.31    0.00    0.00    0.00    0.00   84.54

14:02:37     CPU    %usr   %nice    %sys %iowait    %irq   %soft  %steal  %guest   %idle
14:02:38     all    0.88    0.00    1.13   17.17    0.00    0.13    0.00   39.97   40.73
14:02:38       0    0.00    0.00    0.00   47.52    0.00    0.99    0.00   42.57    9.90
14:02:38       1    1.00    0.00    0.00   18.00    0.00    0.00    0.00   79.00    2.00
14:02:38       2    1.02    0.00    0.00   29.59    0.00    0.00    0.00    2.04   67.35
14:02:38       3    0.99    0.00    2.97   23.76    0.00    0.00    0.00   47.52   24.75
14:02:38       4    0.99    0.00    0.99    0.00    0.00    0.00    0.00   67.33   30.69
14:02:38       5    2.02    0.00    3.03   18.18    0.00    0.00    0.00    0.00   76.77
14:02:38       6    1.00    0.00    1.00    0.00    0.00    0.00    0.00   77.00   21.00
14:02:38       7    3.96    0.00    1.98    0.00    0.00    0.00    0.00    0.00   94.06

14:02:38     CPU    %usr   %nice    %sys %iowait    %irq   %soft  %steal  %guest   %idle
14:02:39     all    0.63    0.00    1.01    2.01    0.00    0.00    0.00   49.25   47.11
14:02:39       0    1.00    0.00    2.00    1.00    0.00    0.00    0.00   23.00   73.00
14:02:39       1    0.00    0.00    0.00    1.01    0.00    0.00    0.00   96.97    2.02
14:02:39       2    1.01    0.00    2.02   13.13    0.00    0.00    0.00    0.00   83.84
14:02:39       3    0.00    0.00    1.02    0.00    0.00    0.00    0.00    0.00   98.98
14:02:39       4    0.00    0.00    0.00    0.00    0.00    0.00    0.00   74.75   25.25
14:02:39       5    0.00    0.00    0.00    0.00    0.00    0.00    0.00   98.00    2.00
14:02:39       6    0.00    0.00    0.00    0.00    0.00    0.00    0.00   99.01    0.99
14:02:39       7    3.03    0.00    2.02    1.01    0.00    0.00    0.00    0.00   93.94
