Linux 3.2.0-39-generic (loadgen164) 	20/08/2013 	_x86_64_	(8 CPU)

14:02:17     CPU    %usr   %nice    %sys %iowait    %irq   %soft  %steal  %guest   %idle
14:02:18     all    2.02    0.00    3.29   21.74    0.00    0.76    0.00    9.73   62.45
14:02:18       0    3.96    0.00    7.92   24.75    0.00    2.97    0.00   15.84   44.55
14:02:18       1    1.03    0.00    2.06   48.45    0.00    2.06    0.00    2.06   44.33
14:02:18       2    1.02    0.00    2.04   34.69    0.00    1.02    0.00    6.12   55.10
14:02:18       3    4.17    0.00    3.12    6.25    0.00    0.00    0.00   10.42   76.04
14:02:18       4    2.04    0.00    3.06   42.86    0.00    0.00    0.00    9.18   42.86
14:02:18       5    1.02    0.00    2.04    6.12    0.00    0.00    0.00    8.16   82.65
14:02:18       6    0.00    0.00    3.00   10.00    0.00    0.00    0.00   15.00   72.00
14:02:18       7    0.00    0.00    1.03    0.00    0.00    0.00    0.00   12.37   86.60

14:02:18     CPU    %usr   %nice    %sys %iowait    %irq   %soft  %steal  %guest   %idle
14:02:19     all    3.33    0.00    4.62   23.33    0.00    1.28    0.00    6.15   61.28
14:02:19       0   11.46    0.00    7.29   45.83    0.00    2.08    0.00    5.21   28.12
14:02:19       1    2.04    0.00    2.04   81.63    0.00    0.00    0.00    0.00   14.29
14:02:19       2    5.10    0.00    5.10   23.47    0.00    2.04    0.00   18.37   45.92
14:02:19       3    0.00    0.00    9.18    3.06    0.00    2.04    0.00    2.04   83.67
14:02:19       4    6.32    0.00    8.42   33.68    0.00    3.16    0.00    2.11   46.32
14:02:19       5    1.02    0.00    1.02    0.00    0.00    0.00    0.00    8.16   89.80
14:02:19       6    0.00    0.00    4.04    1.01    0.00    0.00    0.00   13.13   81.82
14:02:19       7    1.01    0.00    1.01    0.00    0.00    0.00    0.00    0.00   97.98

14:02:19     CPU    %usr   %nice    %sys %iowait    %irq   %soft  %steal  %guest   %idle
14:02:20     all    1.63    0.00    2.39    0.88    0.00    0.38    0.00    4.65   90.08
14:02:20       0    3.92    0.00    3.92    1.96    0.00    1.96    0.00    6.86   81.37
14:02:20       1    2.06    0.00    3.09    1.03    0.00    0.00    0.00    0.00   93.81
14:02:20       2    1.98    0.00    1.98    0.99    0.00    0.99    0.00    9.90   84.16
14:02:20       3    1.98    0.00    3.96    0.99    0.00    0.00    0.00    0.99   92.08
14:02:20       4    1.01    0.00    2.02    1.01    0.00    1.01    0.00    3.03   91.92
14:02:20       5    4.00    0.00    3.00    0.00    0.00    0.00    0.00    4.00   89.00
14:02:20       6    1.00    0.00    0.00    1.00    0.00    0.00    0.00    8.00   90.00
14:02:20       7    0.00    0.00    1.01    0.00    0.00    0.00    0.00    2.02   96.97

14:02:20     CPU    %usr   %nice    %sys %iowait    %irq   %soft  %steal  %guest   %idle
14:02:21     all    1.39    0.00    1.76    0.76    0.00    0.13    0.00    5.54   90.43
14:02:21       0    2.04    0.00    1.02    1.02    0.00    1.02    0.00    8.16   86.73
14:02:21       1    0.00    0.00    3.06    1.02    0.00    0.00    0.00    0.00   95.92
14:02:21       2    0.00    0.00    0.00    0.00    0.00    0.00    0.00   15.15   84.85
14:02:21       3    5.00    0.00    3.00    0.00    0.00    0.00    0.00    0.00   92.00
14:02:21       4    0.00    0.00    1.01    2.02    0.00    0.00    0.00    7.07   89.90
14:02:21       5    2.02    0.00    2.02    0.00    0.00    0.00    0.00    1.01   94.95
14:02:21       6    0.00    0.00    2.04    1.02    0.00    0.00    0.00   14.29   83.67
14:02:21       7    0.00    0.00    2.00    0.00    0.00    0.00    0.00    1.00   97.00

14:02:21     CPU    %usr   %nice    %sys %iowait    %irq   %soft  %steal  %guest   %idle
14:02:22     all    1.26    0.00    2.52    6.67    0.00    0.13    0.00    3.40   86.04
14:02:22       0    0.00    0.00    2.97   48.51    0.00    0.00    0.00    5.94   42.57
14:02:22       1    0.00    0.00    3.00    1.00    0.00    1.00    0.00    1.00   94.00
14:02:22       2    4.17    0.00    3.12    4.17    0.00    0.00    0.00    3.12   85.42
14:02:22       3    3.06    0.00    4.08    0.00    0.00    0.00    0.00    1.02   91.84
14:02:22       4    0.98    0.00    1.96    0.00    0.00    0.00    0.00    4.90   92.16
14:02:22       5    0.99    0.00    2.97    0.99    0.00    0.00    0.00    0.99   94.06
14:02:22       6    1.01    0.00    0.00    0.00    0.00    0.00    0.00    6.06   92.93
14:02:22       7    1.01    0.00    1.01    0.00    0.00    0.00    0.00    3.03   94.95

14:02:22     CPU    %usr   %nice    %sys %iowait    %irq   %soft  %steal  %guest   %idle
14:02:23     all    1.25    0.00    1.51    1.25    0.00    0.00    0.00    0.75   95.23
14:02:23       0    1.96    0.00    0.98    6.86    0.00    0.98    0.00    0.98   88.24
14:02:23       1    1.00    0.00    0.00    0.00    0.00    0.00    0.00    0.00   99.00
14:02:23       2    5.94    0.00    4.95    0.99    0.00    0.00    0.00    1.98   86.14
14:02:23       3    1.00    0.00    2.00    1.00    0.00    0.00    0.00    1.00   95.00
14:02:23       4    0.00    0.00    1.02    1.02    0.00    0.00    0.00    0.00   97.96
14:02:23       5    1.01    0.00    2.02    0.00    0.00    0.00    0.00    0.00   96.97
14:02:23       6    0.00    0.00    1.01    0.00    0.00    0.00    0.00    1.01   97.98
14:02:23       7    0.00    0.00    0.00    0.00    0.00    0.00    0.00    2.00   98.00

14:02:23     CPU    %usr   %nice    %sys %iowait    %irq   %soft  %steal  %guest   %idle
14:02:24     all    1.38    0.00    1.01    0.50    0.00    0.13    0.00    1.76   95.22
14:02:24       0    1.00    0.00    2.00    2.00    0.00    0.00    0.00    1.00   94.00
14:02:24       1    0.00    0.00    1.01    0.00    0.00    0.00    0.00    0.00   98.99
14:02:24       2    3.00    0.00    1.00    0.00    0.00    0.00    0.00    5.00   91.00
14:02:24       3    6.00    0.00    3.00    2.00    0.00    0.00    0.00    0.00   89.00
14:02:24       4    1.01    0.00    0.00    0.00    0.00    0.00    0.00    3.03   95.96
14:02:24       5    0.00    0.00    1.00    0.00    0.00    0.00    0.00    1.00   98.00
14:02:24       6    0.00    0.00    0.00    0.00    0.00    0.00    0.00    3.06   96.94
14:02:24       7    1.00    0.00    1.00    0.00    0.00    0.00    0.00    0.00   98.00

14:02:24     CPU    %usr   %nice    %sys %iowait    %irq   %soft  %steal  %guest   %idle
14:02:25     all    1.26    0.00    1.39    0.13    0.00    0.13    0.00    2.27   94.84
14:02:25       0    2.02    0.00    0.00    0.00    0.00    1.01    0.00    4.04   92.93
14:02:25       1    0.00    0.00    1.02    0.00    0.00    0.00    0.00    1.02   97.96
14:02:25       2    5.15    0.00    5.15    0.00    0.00    0.00    0.00    2.06   87.63
14:02:25       3    2.02    0.00    3.03    0.00    0.00    0.00    0.00    0.00   94.95
14:02:25       4    0.00    0.00    1.01    0.00    0.00    0.00    0.00    4.04   94.95
14:02:25       5    0.00    0.00    0.00    0.00    0.00    0.00    0.00    2.00   98.00
14:02:25       6    0.00    0.00    0.00    0.00    0.00    0.00    0.00    3.06   96.94
14:02:25       7    0.00    0.00    0.99    0.00    0.00    0.00    0.00    0.99   98.02

14:02:25     CPU    %usr   %nice    %sys %iowait    %irq   %soft  %steal  %guest   %idle
14:02:26     all    1.51    0.00    1.51    0.25    0.00    0.13    0.00    2.90   93.70
14:02:26       0    2.04    0.00    2.04    1.02    0.00    1.02    0.00    1.02   92.86
14:02:26       1    2.00    0.00    1.00    1.00    0.00    0.00    0.00    2.00   94.00
14:02:26       2    2.02    0.00    1.01    0.00    0.00    0.00    0.00   11.11   85.86
14:02:26       3    3.06    0.00    2.04    0.00    0.00    0.00    0.00    1.02   93.88
14:02:26       4    0.00    0.00    1.01    0.00    0.00    0.00    0.00    3.03   96.97
14:02:26       5    1.00    0.00    4.00    0.00    0.00    0.00    0.00    2.00   93.00
14:02:26       6    0.00    0.00    1.00    0.00    0.00    0.00    0.00    5.00   94.00
14:02:26       7    1.01    0.00    0.00    0.00    0.00    0.00    0.00    0.00   98.99

14:02:26     CPU    %usr   %nice    %sys %iowait    %irq   %soft  %steal  %guest   %idle
14:02:27     all    1.51    0.00    1.26    2.14    0.00    0.00    0.00    2.14   92.96
14:02:27       0    1.96    0.00    0.98    0.00    0.00    0.00    0.00   10.78   86.27
14:02:27       1    0.00    0.00    0.99    0.99    0.00    0.00    0.00    0.00   98.02
14:02:27       2    6.06    0.00    3.03   13.13    0.00    0.00    0.00    0.00   77.78
14:02:27       3    5.00    0.00    4.00    0.00    0.00    0.00    0.00    0.00   91.00
14:02:27       4    1.00    0.00    1.00    0.00    0.00    0.00    0.00    3.00   95.00
14:02:27       5    1.01    0.00    1.01    0.00    0.00    0.00    0.00    0.00   97.98
14:02:27       6    0.00    0.00    0.00    0.00    0.00    0.00    0.00    2.02   97.98
14:02:27       7    0.00    0.00    0.00    3.96    0.00    0.00    0.00    0.00   96.04

14:02:27     CPU    %usr   %nice    %sys %iowait    %irq   %soft  %steal  %guest   %idle
14:02:28     all    1.51    0.00    1.63   24.62    0.00    0.00    0.00    3.39   68.84
14:02:28       0    0.00    0.00    1.00   65.00    0.00    0.00    0.00    7.00   27.00
14:02:28       1    0.00    0.00    0.00   46.94    0.00    0.00    0.00    0.00   53.06
14:02:28       2    4.08    0.00    2.04   43.88    0.00    0.00    0.00   12.24   37.76
14:02:28       3    4.95    0.00    2.97    0.00    0.00    0.00    0.00    0.00   92.08
14:02:28       4    0.00    0.00    2.04   29.59    0.00    0.00    0.00    3.06   66.33
14:02:28       5    3.06    0.00    3.06    0.00    0.00    0.00    0.00    0.00   93.88
14:02:28       6    1.01    0.00    0.00   12.12    0.00    0.00    0.00    3.03   83.84
14:02:28       7    0.00    0.00    0.00    0.00    0.00    0.00    0.00    0.00  100.00

14:02:28     CPU    %usr   %nice    %sys %iowait    %irq   %soft  %steal  %guest   %idle
14:02:29     all    1.78    0.00    1.90    7.23    0.00    0.13    0.00    7.49   81.47
14:02:29       0    2.06    0.00    1.03   25.77    0.00    0.00    0.00   11.34   59.79
14:02:29       1    1.01    0.00    3.03   10.10    0.00    0.00    0.00    0.00   85.86
14:02:29       2    5.10    0.00    5.10    3.06    0.00    1.02    0.00   13.27   72.45
14:02:29       3    1.00    0.00    2.00    2.00    0.00    0.00    0.00    0.00   95.00
14:02:29       4    1.04    0.00    1.04    3.12    0.00    0.00    0.00    7.29   87.50
14:02:29       5    1.02    0.00    2.04    0.00    0.00    0.00    0.00    0.00   96.94
14:02:29       6    1.00    0.00    2.00   14.00    0.00    0.00    0.00   26.00   57.00
14:02:29       7    0.00    0.00    0.00    0.00    0.00    0.00    0.00    4.00   96.00

14:02:29     CPU    %usr   %nice    %sys %iowait    %irq   %soft  %steal  %guest   %idle
14:02:30     all    0.88    0.00    1.26    0.88    0.00    0.13    0.00    2.77   94.07
14:02:30       0    3.00    0.00    1.00    3.00    0.00    1.00    0.00    7.00   85.00
14:02:30       1    0.00    0.00    1.02    0.00    0.00    0.00    0.00    0.00   98.98
14:02:30       2    2.08    0.00    2.08    0.00    0.00    0.00    0.00    2.08   93.75
14:02:30       3    2.02    0.00    1.01    1.01    0.00    0.00    0.00    1.01   94.95
14:02:30       4    1.00    0.00    0.00    0.00    0.00    0.00    0.00    5.00   94.00
14:02:30       5    0.00    0.00    2.00    0.00    0.00    0.00    0.00    0.00   98.00
14:02:30       6    0.00    0.00    1.02    2.04    0.00    0.00    0.00    7.14   90.82
14:02:30       7    0.00    0.00    0.00    0.00    0.00    0.00    0.00    0.00  100.00

14:02:30     CPU    %usr   %nice    %sys %iowait    %irq   %soft  %steal  %guest   %idle
14:02:31     all    0.12    0.00    0.50    0.62    0.00    0.12    0.00   11.99   86.64
14:02:31       0    0.00    0.00    0.00    0.00    0.00    0.00    0.00   67.35   33.67
14:02:31       1    0.00    0.00    0.00    0.99    0.00    0.00    0.00    7.92   91.09
14:02:31       2    0.00    0.00    0.00    1.98    0.00    0.00    0.00    5.94   92.08
14:02:31       3    0.00    0.00    0.99    0.00    0.00    0.00    0.00    0.00   99.01
14:02:31       4    0.00    0.00    1.01    2.02    0.00    0.00    0.00    0.00   96.97
14:02:31       5    0.00    0.00    3.00    1.00    0.00    0.00    0.00    0.00   96.00
14:02:31       6    1.00    0.00    0.00    0.00    0.00    0.00    0.00   16.00   83.00
14:02:31       7    0.00    0.00    0.00    0.00    0.00    0.00    0.00    0.00  100.00

14:02:31     CPU    %usr   %nice    %sys %iowait    %irq   %soft  %steal  %guest   %idle
14:02:32     all    0.00    0.00    0.50    0.50    0.00    0.00    0.00   13.71   85.41
14:02:32       0    0.00    0.00    0.98    1.96    0.00    0.98    0.00   33.33   62.75
14:02:32       1    0.00    0.00    0.00    0.00    0.00    0.00    0.00    2.02   98.99
14:02:32       2    0.00    0.00    0.00    0.00    0.00    0.00    0.00   55.00   45.00
14:02:32       3    1.00    0.00    0.00    0.00    0.00    0.00    0.00    5.00   94.00
14:02:32       4    0.00    0.00    1.01    0.00    0.00    0.00    0.00    0.00   98.99
14:02:32       5    0.00    0.00    3.00    1.00    0.00    0.00    0.00    0.00   96.00
14:02:32       6    0.00    0.00    0.00    0.00    0.00    0.00    0.00   13.13   86.87
14:02:32       7    0.00    0.00    0.00    0.00    0.00    0.00    0.00    0.00  100.00

14:02:32     CPU    %usr   %nice    %sys %iowait    %irq   %soft  %steal  %guest   %idle
14:02:33     all    0.12    0.00    0.75    0.62    0.00    0.00    0.00   13.11   85.39
14:02:33       0    0.00    0.00    0.00    0.00    0.00    0.00    0.00  100.00    0.00
14:02:33       1    0.00    0.00    0.99    1.98    0.00    0.00    0.00    0.00   97.03
14:02:33       2    0.00    0.00    1.01    0.00    0.00    0.00    0.00    0.00   98.99
14:02:33       3    0.00    0.00    0.00    0.00    0.00    0.00    0.00    3.03   97.98
14:02:33       4    0.00    0.00    0.00    2.00    0.00    0.00    0.00    2.00   96.00
14:02:33       5    0.00    0.00    3.03    0.00    0.00    0.00    0.00    0.00   96.97
14:02:33       6    0.00    0.00    0.99    0.99    0.00    0.00    0.00    1.98   97.03
14:02:33       7    0.00    0.00    0.00    0.00    0.00    0.00    0.00    0.00  100.00

14:02:33     CPU    %usr   %nice    %sys %iowait    %irq   %soft  %steal  %guest   %idle
14:02:34     all    0.00    0.00    0.50    0.50    0.00    0.00    0.00   18.84   80.28
14:02:34       0    0.00    0.00    0.00    0.00    0.00    0.00    0.00  100.00    0.00
14:02:34       1    0.00    0.00    0.00    1.01    0.00    0.00    0.00    0.00   98.99
14:02:34       2    0.00    0.00    0.00    1.00    0.00    0.00    0.00   17.00   82.00
14:02:34       3    0.00    0.00    1.00    0.00    0.00    0.00    0.00    0.00   99.00
14:02:34       4    0.00    0.00    1.00    1.00    0.00    0.00    0.00    7.00   91.00
14:02:34       5    0.00    0.00    0.00    0.00    0.00    0.00    0.00   21.00   79.00
14:02:34       6    1.01    0.00    0.00    0.00    0.00    0.00    0.00    5.05   93.94
14:02:34       7    0.00    0.00    2.02    0.00    0.00    0.00    0.00    0.00   97.98

14:02:34     CPU    %usr   %nice    %sys %iowait    %irq   %soft  %steal  %guest   %idle
14:02:35     all    0.13    0.00    0.50    0.25    0.00    0.00    0.00   13.30   85.82
14:02:35       0    0.00    0.00    0.00    0.00    0.00    0.00    0.00   80.00   20.00
14:02:35       1    0.00    0.00    1.00    0.00    0.00    0.00    0.00    0.00   99.00
14:02:35       2    0.00    0.00    0.00    0.00    0.00    0.00    0.00   23.23   77.78
14:02:35       3    0.00    0.00    0.00    1.00    0.00    0.00    0.00    0.00   99.00
14:02:35       4    0.00    0.00    0.00    1.01    0.00    0.00    0.00    0.00   98.99
14:02:35       5    0.00    0.00    0.00    0.00    0.00    0.00    0.00    2.97   97.03
14:02:35       6    0.00    0.00    0.00    0.00    0.00    0.00    0.00    1.04   98.96
14:02:35       7    1.00    0.00    2.00    0.00    0.00    0.00    0.00    0.00   97.00

14:02:35     CPU    %usr   %nice    %sys %iowait    %irq   %soft  %steal  %guest   %idle
14:02:36     all    0.13    0.00    0.50    0.50    0.00    0.00    0.00   12.03   86.84
14:02:36       0    0.00    0.00    0.00    0.00    0.00    0.00    0.00   44.00   56.00
14:02:36       1    0.99    0.00    0.99    2.97    0.00    0.00    0.00    0.00   95.05
14:02:36       2    0.00    0.00    1.00    0.00    0.00    0.00    0.00   11.00   88.00
14:02:36       3    0.00    0.00    0.00    0.00    0.00    0.00    0.00    0.00  100.00
14:02:36       4    0.99    0.00    0.00    0.99    0.00    0.00    0.00    9.90   88.12
14:02:36       5    0.00    0.00    0.00    0.00    0.00    0.00    0.00    4.00   96.00
14:02:36       6    0.00    0.00    0.00    1.98    0.00    0.00    0.00   24.75   73.27
14:02:36       7    0.00    0.00    2.02    0.00    0.00    0.00    0.00    3.03   95.96

14:02:36     CPU    %usr   %nice    %sys %iowait    %irq   %soft  %steal  %guest   %idle
14:02:37     all    1.54    0.00    3.59    0.00    0.00    0.51    0.00    3.71   90.65
14:02:37       0    1.02    0.00    4.08    0.00    0.00    1.02    0.00    1.02   92.86
14:02:37       1    5.05    0.00   10.10    0.00    0.00    1.01    0.00    0.00   83.84
14:02:37       2    1.08    0.00    2.15    0.00    0.00    0.00    0.00    6.45   90.32
14:02:37       3    4.04    0.00    5.05    0.00    0.00    0.00    0.00    0.00   90.91
14:02:37       4    1.06    0.00    4.26    0.00    0.00    1.06    0.00    2.13   91.49
14:02:37       5    1.02    0.00    1.02    0.00    0.00    0.00    0.00    2.04   95.92
14:02:37       6    0.00    0.00    3.00    0.00    0.00    0.00    0.00   12.00   85.00
14:02:37       7    1.00    0.00    1.00    0.00    0.00    0.00    0.00    3.00   95.00
