Linux 3.2.0-39-generic (loadgen167) 	20/08/2013 	_x86_64_	(8 CPU)

14:02:17     CPU    %usr   %nice    %sys %iowait    %irq   %soft  %steal  %guest   %idle
14:02:18     all   12.27    0.00    1.88    1.88    0.00    0.38    0.00   36.67   46.93
14:02:18       0    1.00    0.00    0.00    0.00    0.00    2.00    0.00   97.00    0.00
14:02:18       1   93.07    0.00    6.93    0.00    0.00    0.00    0.00    0.00    0.00
14:02:18       2    2.00    0.00    4.00    0.00    0.00    0.00    0.00    0.00   94.00
14:02:18       3    0.00    0.00    0.00    3.03    0.00    0.00    0.00   17.17   79.80
14:02:18       4    0.00    0.00    0.00    1.02    0.00    0.00    0.00   71.43   27.55
14:02:18       5    0.00    0.00    3.00    2.00    0.00    0.00    0.00   42.00   54.00
14:02:18       6    3.00    0.00    1.00    6.00    0.00    0.00    0.00    0.00   90.00
14:02:18       7    0.98    0.00    1.96    1.96    0.00    0.00    0.00   64.71   30.39

14:02:18     CPU    %usr   %nice    %sys %iowait    %irq   %soft  %steal  %guest   %idle
14:02:19     all   12.28    0.00    2.78    1.77    0.00    0.38    0.00   36.58   46.20
14:02:19       0    1.03    0.00    2.06    2.06    0.00    2.06    0.00   71.13   21.65
14:02:19       1   91.00    0.00    8.00    0.00    0.00    1.00    0.00    0.00    0.00
14:02:19       2    0.00    0.00    2.02    0.00    0.00    1.01    0.00   26.26   71.72
14:02:19       3    1.03    0.00    6.19    6.19    0.00    1.03    0.00    4.12   81.44
14:02:19       4    0.98    0.00    1.96    3.92    0.00    0.00    0.00   33.33   59.80
14:02:19       5    0.00    0.00    1.05    0.00    0.00    0.00    0.00   50.53   48.42
14:02:19       6    0.00    0.00    0.98    1.96    0.00    0.98    0.00   37.25   58.82
14:02:19       7    0.00    0.00    0.00    0.00    0.00    0.00    0.00   73.74   26.26

14:02:19     CPU    %usr   %nice    %sys %iowait    %irq   %soft  %steal  %guest   %idle
14:02:20     all   11.79    0.00    1.88    0.88    0.00    0.25    0.00   39.15   46.05
14:02:20       0    0.00    0.00    4.04    1.01    0.00    2.02    0.00   40.40   52.53
14:02:20       1   93.00    0.00    7.00    0.00    0.00    0.00    0.00    0.00    0.00
14:02:20       2    0.99    0.00    0.99    1.98    0.00    0.00    0.00   54.46   41.58
14:02:20       3    0.00    0.00    0.00    2.02    0.00    0.00    0.00    0.00   97.98
14:02:20       4    1.01    0.00    1.01    0.00    0.00    0.00    0.00   71.72   26.26
14:02:20       5    0.99    0.00    0.99    0.00    0.00    0.00    0.00   71.29   26.73
14:02:20       6    1.00    0.00    0.00    0.00    0.00    0.00    0.00   72.00   27.00
14:02:20       7    0.00    0.00    0.00    2.00    0.00    0.00    0.00    0.00   98.00

14:02:20     CPU    %usr   %nice    %sys %iowait    %irq   %soft  %steal  %guest   %idle
14:02:21     all   12.56    0.00    2.89    2.26    0.00    0.88    0.00   25.88   55.53
14:02:21       0    5.10    0.00    4.08    3.06    0.00    3.06    0.00    1.02   83.67
14:02:21       1   91.00    0.00    8.00    0.00    0.00    1.00    0.00    0.00    0.00
14:02:21       2    2.06    0.00    4.12    2.06    0.00    3.09    0.00    5.15   83.51
14:02:21       3    0.00    0.00    0.00    1.02    0.00    0.00    0.00    0.00   98.98
14:02:21       4    0.00    0.00    0.00    0.99    0.00    0.00    0.00   98.02    0.99
14:02:21       5    0.00    0.00    0.00    2.04    0.00    0.00    0.00   31.63   66.33
14:02:21       6    2.00    0.00    4.00    0.00    0.00    0.00    0.00   45.00   49.00
14:02:21       7    0.00    0.00    1.01   10.10    0.00    0.00    0.00   24.24   64.65

14:02:21     CPU    %usr   %nice    %sys %iowait    %irq   %soft  %steal  %guest   %idle
14:02:22     all   12.26    0.00    4.05    1.90    0.00    1.90    0.00   39.19   40.71
14:02:22       0    1.06    0.00    2.13    0.00    0.00    5.32    0.00   53.19   38.30
14:02:22       1   87.13    0.00    8.91    0.00    0.00    3.96    0.00    0.00    0.00
14:02:22       2    4.08    0.00    9.18    3.06    0.00    5.10    0.00    2.04   76.53
14:02:22       3    1.98    0.00    4.95   10.89    0.00    0.99    0.00    0.00   81.19
14:02:22       4    0.00    0.00    0.00    0.00    0.00    0.00    0.00   79.00   21.00
14:02:22       5    0.00    0.00    0.00    0.00    0.00    0.00    0.00    7.07   93.94
14:02:22       6    2.02    0.00    7.07    0.00    0.00    0.00    0.00   86.87    4.04
14:02:22       7    0.00    0.00    0.00    0.00    0.00    0.00    0.00   87.00   13.00

14:02:22     CPU    %usr   %nice    %sys %iowait    %irq   %soft  %steal  %guest   %idle
14:02:23     all   12.61    0.00    8.32   11.22    0.00    1.89    0.00   16.52   49.43
14:02:23       0    6.00    0.00   17.00   13.00    0.00    8.00    0.00    8.00   48.00
14:02:23       1   86.87    0.00   10.10    0.00    0.00    3.03    0.00    0.00    0.00
14:02:23       2    3.19    0.00    9.57   12.77    0.00    2.13    0.00   14.89   57.45
14:02:23       3    3.09    0.00    8.25   20.62    0.00    2.06    0.00    5.15   60.82
14:02:23       4    0.00    0.00    4.95    0.00    0.00    0.00    0.00   56.44   38.61
14:02:23       5    1.94    0.00    6.80   34.95    0.00    0.00    0.00    4.85   51.46
14:02:23       6    0.99    0.00    8.91    8.91    0.00    0.00    0.00   23.76   57.43
14:02:23       7    0.00    0.00    1.01    0.00    0.00    0.00    0.00   17.17   81.82

14:02:23     CPU    %usr   %nice    %sys %iowait    %irq   %soft  %steal  %guest   %idle
14:02:24     all   13.03    0.00    5.49   24.52    0.00    2.04    0.00    7.54   47.38
14:02:24       0    7.69    0.00   16.48   31.87    0.00    9.89    0.00    4.40   29.67
14:02:24       1   88.00    0.00    7.00    0.00    0.00    5.00    0.00    0.00    0.00
14:02:24       2    3.06    0.00    4.08   13.27    0.00    1.02    0.00   14.29   64.29
14:02:24       3    0.99    0.00    1.98    7.92    0.00    0.00    0.00    2.97   86.14
14:02:24       4    0.00    0.00    8.42   22.11    0.00    0.00    0.00   23.16   46.32
14:02:24       5    0.99    0.00    1.98   62.38    0.00    0.00    0.00    0.00   34.65
14:02:24       6    0.00    0.00    5.15   12.37    0.00    0.00    0.00   16.49   65.98
14:02:24       7    1.00    0.00    1.00   46.00    0.00    0.00    0.00    1.00   51.00

14:02:24     CPU    %usr   %nice    %sys %iowait    %irq   %soft  %steal  %guest   %idle
14:02:25     all   13.15    0.00    7.02   16.86    0.00    2.30    0.00   11.24   49.43
14:02:25       0   13.04    0.00   23.91   34.78    0.00   14.13    0.00    2.17   11.96
14:02:25       1   84.16    0.00   11.88    0.00    0.00    3.96    0.00    0.00    0.00
14:02:25       2    0.00    0.00   10.53    5.26    0.00    1.05    0.00   42.11   41.05
14:02:25       3    2.00    0.00    4.00    5.00    0.00    0.00    0.00    8.00   81.00
14:02:25       4    3.03    0.00    4.04   12.12    0.00    0.00    0.00   15.15   65.66
14:02:25       5    0.00    0.00    0.00    4.04    0.00    0.00    0.00    1.01   94.95
14:02:25       6    0.00    0.00    2.04   73.47    0.00    0.00    0.00   17.35    7.14
14:02:25       7    1.00    0.00    2.00    1.00    0.00    0.00    0.00    5.00   91.00

14:02:25     CPU    %usr   %nice    %sys %iowait    %irq   %soft  %steal  %guest   %idle
14:02:26     all   13.03    0.00    4.60    6.13    0.00    0.89    0.00    7.66   67.69
14:02:26       0    5.49    0.00    8.79   19.78    0.00    4.40    0.00    6.59   54.95
14:02:26       1   90.91    0.00    9.09    0.00    0.00    0.00    0.00    0.00    0.00
14:02:26       2    2.00    0.00    6.00    1.00    0.00    0.00    0.00   22.00   69.00
14:02:26       3    4.30    0.00    4.30    0.00    0.00    3.23    0.00    0.00   88.17
14:02:26       4    1.00    0.00    1.00    1.00    0.00    0.00    0.00    4.00   93.00
14:02:26       5    0.00    0.00    2.04    1.02    0.00    0.00    0.00   14.29   82.65
14:02:26       6    1.00    0.00    1.00   25.00    0.00    0.00    0.00    7.00   66.00
14:02:26       7    0.00    0.00    2.04    3.06    0.00    0.00    0.00    6.12   88.78

14:02:26     CPU    %usr   %nice    %sys %iowait    %irq   %soft  %steal  %guest   %idle
14:02:27     all   12.31    0.00    3.93    0.13    0.00    0.51    0.00    4.31   78.81
14:02:27       0    5.26    0.00    6.32    0.00    0.00    4.21    0.00    0.00   84.21
14:02:27       1   87.13    0.00   12.87    0.00    0.00    0.00    0.00    0.00    0.00
14:02:27       2    0.00    0.00    4.00    1.00    0.00    0.00    0.00    8.00   87.00
14:02:27       3    2.11    0.00    3.16    0.00    0.00    0.00    0.00    0.00   94.74
14:02:27       4    0.00    0.00    3.00    0.00    0.00    0.00    0.00    3.00   94.00
14:02:27       5    0.99    0.00    2.97    0.00    0.00    0.00    0.00   15.84   80.20
14:02:27       6    0.00    0.00    1.00    0.00    0.00    0.00    0.00    7.00   92.00
14:02:27       7    0.00    0.00    1.01    0.00    0.00    0.00    0.00    2.02   97.98

14:02:27     CPU    %usr   %nice    %sys %iowait    %irq   %soft  %steal  %guest   %idle
14:02:28     all   11.53    0.00    2.63    0.25    0.00    0.63    0.00   31.08   53.88
14:02:28       0    2.00    0.00    4.00    2.00    0.00    4.00    0.00   18.00   70.00
14:02:28       1   88.89    0.00   11.11    0.00    0.00    0.00    0.00    0.00    0.00
14:02:28       2    0.00    0.00    0.00    1.01    0.00    0.00    0.00   65.66   33.33
14:02:28       3    1.00    0.00    3.00    0.00    0.00    1.00    0.00    0.00   95.00
14:02:28       4    0.00    0.00    1.01    0.00    0.00    0.00    0.00   51.52   47.47
14:02:28       5    0.00    0.00    1.00    0.00    0.00    0.00    0.00   49.00   50.00
14:02:28       6    0.00    0.00    0.00    0.00    0.00    0.00    0.00   61.00   39.00
14:02:28       7    0.99    0.00    0.00    0.00    0.00    0.00    0.00    2.97   96.04

14:02:28     CPU    %usr   %nice    %sys %iowait    %irq   %soft  %steal  %guest   %idle
14:02:29     all   11.38    0.00    2.62    1.25    0.00    0.25    0.00   30.12   54.37
14:02:29       0    2.00    0.00    2.00    3.00    0.00    2.00    0.00   19.00   72.00
14:02:29       1   87.13    0.00   12.87    0.00    0.00    0.00    0.00    0.00    0.00
14:02:29       2    0.00    0.00    1.01    0.00    0.00    0.00    0.00   78.79   20.20
14:02:29       3    2.00    0.00    0.00    0.00    0.00    0.00    0.00    0.00   98.00
14:02:29       4    0.00    0.00    2.02    1.01    0.00    0.00    0.00    0.00   96.97
14:02:29       5    0.00    0.00    1.98    0.00    0.00    0.00    0.00   61.39   36.63
14:02:29       6    0.00    0.00    0.00    0.00    0.00    0.00    0.00   81.00   19.00
14:02:29       7    0.00    0.00    0.00    4.04    0.00    0.00    0.00    2.02   93.94

14:02:29     CPU    %usr   %nice    %sys %iowait    %irq   %soft  %steal  %guest   %idle
14:02:30     all   12.15    0.00    2.15    0.13    0.00    0.13    0.00    1.52   83.92
14:02:30       0    1.04    0.00    3.12    0.00    0.00    1.04    0.00    0.00   94.79
14:02:30       1   93.94    0.00    6.06    0.00    0.00    0.00    0.00    0.00    0.00
14:02:30       2    0.00    0.00    1.02    0.00    0.00    0.00    0.00    5.10   93.88
14:02:30       3    0.00    0.00    2.04    0.00    0.00    0.00    0.00    0.00   97.96
14:02:30       4    0.00    0.00    2.97    0.99    0.00    0.00    0.00    0.99   95.05
14:02:30       5    0.00    0.00    2.04    0.00    0.00    0.00    0.00    3.06   94.90
14:02:30       6    0.00    0.00    0.00    0.00    0.00    0.00    0.00    2.02   97.98
14:02:30       7    0.00    0.00    0.00    0.00    0.00    0.00    0.00    1.01   98.99

14:02:30     CPU    %usr   %nice    %sys %iowait    %irq   %soft  %steal  %guest   %idle
14:02:31     all   12.14    0.00    1.50    0.13    0.00    0.00    0.00    1.13   85.11
14:02:31       0    0.00    0.00    0.99    0.00    0.00    0.00    0.00    1.98   97.03
14:02:31       1   91.09    0.00    8.91    0.00    0.00    0.00    0.00    0.00    0.00
14:02:31       2    1.00    0.00    0.00    0.00    0.00    0.00    0.00    1.00   98.00
14:02:31       3    0.00    0.00    0.00    1.00    0.00    0.00    0.00    2.00   97.00
14:02:31       4    3.06    0.00    0.00    0.00    0.00    0.00    0.00    1.02   95.92
14:02:31       5    1.00    0.00    0.00    0.00    0.00    0.00    0.00    0.00   99.00
14:02:31       6    0.99    0.00    1.98    0.00    0.00    0.00    0.00    2.97   94.06
14:02:31       7    0.00    0.00    0.00    0.00    0.00    0.00    0.00    0.00  100.00

14:02:31     CPU    %usr   %nice    %sys %iowait    %irq   %soft  %steal  %guest   %idle
14:02:32     all   12.12    0.00    1.62    4.38    0.00    0.00    0.00    2.00   79.88
14:02:32       0    0.00    0.00    2.02   17.17    0.00    0.00    0.00    1.01   79.80
14:02:32       1   94.95    0.00    5.05    0.00    0.00    0.00    0.00    0.00    0.00
14:02:32       2    0.00    0.00    1.98    2.97    0.00    0.00    0.00    2.97   92.08
14:02:32       3    1.00    0.00    0.00    4.00    0.00    0.00    0.00    1.00   94.00
14:02:32       4    0.99    0.00    1.98    1.98    0.00    0.00    0.00    0.99   94.06
14:02:32       5    0.00    0.00    1.96    3.92    0.00    0.00    0.00    0.00   94.12
14:02:32       6    1.98    0.00    1.98    0.00    0.00    0.00    0.00    8.91   87.13
14:02:32       7    0.00    0.00    0.00    6.06    0.00    0.00    0.00    0.00   93.94

14:02:32     CPU    %usr   %nice    %sys %iowait    %irq   %soft  %steal  %guest   %idle
14:02:33     all   11.96    0.00    2.16    5.34    0.00    0.13    0.00    4.58   75.83
14:02:33       0    1.04    0.00    4.17   17.71    0.00    0.00    0.00    5.21   71.88
14:02:33       1   93.00    0.00    7.00    0.00    0.00    0.00    0.00    0.00    0.00
14:02:33       2    0.00    0.00    2.02    5.05    0.00    0.00    0.00    9.09   83.84
14:02:33       3    0.00    0.00    0.00    5.15    0.00    0.00    0.00    4.12   91.75
14:02:33       4    0.00    0.00    1.01    3.03    0.00    0.00    0.00    9.09   87.88
14:02:33       5    1.02    0.00    0.00    4.08    0.00    0.00    0.00    4.08   90.82
14:02:33       6    0.00    0.00    2.11    2.11    0.00    0.00    0.00    4.21   91.58
14:02:33       7    0.00    0.00    0.00    5.94    0.00    0.00    0.00    1.98   92.08

14:02:33     CPU    %usr   %nice    %sys %iowait    %irq   %soft  %steal  %guest   %idle
14:02:34     all   12.69    0.00    6.78   20.35    0.00    0.38    0.00    4.15   55.65
14:02:34       0    3.06    0.00   10.20   38.78    0.00    3.06    0.00    2.04   42.86
14:02:34       1   92.00    0.00    8.00    0.00    0.00    0.00    0.00    0.00    0.00
14:02:34       2    2.00    0.00    8.00   41.00    0.00    0.00    0.00    2.00   47.00
14:02:34       3    3.03    0.00    6.06    1.01    0.00    1.01    0.00    0.00   88.89
14:02:34       4    0.99    0.00    7.92    0.00    0.00    0.00    0.00   18.81   72.28
14:02:34       5    0.00    0.00    4.04   33.33    0.00    0.00    0.00    2.02   61.62
14:02:34       6    0.00    0.00    6.06   46.46    0.00    0.00    0.00    7.07   40.40
14:02:34       7    1.01    0.00    4.04    3.03    0.00    0.00    0.00    0.00   91.92

14:02:34     CPU    %usr   %nice    %sys %iowait    %irq   %soft  %steal  %guest   %idle
14:02:35     all   12.47    0.00    4.53   12.72    0.00    1.13    0.00    9.70   59.45
14:02:35       0    3.03    0.00   10.10    2.02    0.00    5.05    0.00    2.02   77.78
14:02:35       1   92.00    0.00    8.00    0.00    0.00    0.00    0.00    0.00    0.00
14:02:35       2    0.00    0.00    4.08   70.41    0.00    3.06    0.00   15.31    7.14
14:02:35       3    2.04    0.00    2.04    0.00    0.00    0.00    0.00    0.00   95.92
14:02:35       4    1.00    0.00    4.00    0.00    0.00    0.00    0.00    7.00   88.00
14:02:35       5    0.00    0.00    2.00    2.00    0.00    0.00    0.00   16.00   80.00
14:02:35       6    0.00    0.00    5.10   16.33    0.00    0.00    0.00   26.53   52.04
14:02:35       7    0.00    0.00    1.00   11.00    0.00    0.00    0.00   13.00   75.00

14:02:35     CPU    %usr   %nice    %sys %iowait    %irq   %soft  %steal  %guest   %idle
14:02:36     all   13.32    0.00    7.17    0.51    0.00    2.05    0.00    8.32   68.63
14:02:36       0   11.49    0.00   24.14    1.15    0.00   10.34    0.00    0.00   52.87
14:02:36       1   87.13    0.00    8.91    0.00    0.00    3.96    0.00    0.00    0.00
14:02:36       2    3.06    0.00    7.14    1.02    0.00    3.06    0.00    3.06   82.65
14:02:36       3    0.00    0.00    0.00    0.00    0.00    0.00    0.00    0.00  100.00
14:02:36       4    5.26    0.00   15.79    0.00    0.00    0.00    0.00   55.79   23.16
14:02:36       5    0.98    0.00    0.98    0.98    0.00    0.00    0.00    0.00   97.06
14:02:36       6    0.98    0.00    3.92    0.98    0.00    0.98    0.00    4.90   88.24
14:02:36       7    0.00    0.00    0.00    0.00    0.00    0.00    0.00    1.01   98.99

14:02:36     CPU    %usr   %nice    %sys %iowait    %irq   %soft  %steal  %guest   %idle
14:02:37     all   11.60    0.00    3.15    0.00    0.00    0.63    0.00    4.41   80.20
14:02:37       0    3.23    0.00    6.45    0.00    0.00    4.30    0.00    1.08   84.95
14:02:37       1   88.00    0.00   11.00    0.00    0.00    1.00    0.00    0.00    0.00
14:02:37       2    0.00    0.00    2.02    1.01    0.00    0.00    0.00    7.07   89.90
14:02:37       3    0.00    0.00    0.00    0.00    0.00    0.00    0.00    0.00  100.00
14:02:37       4    0.00    0.00    4.90    0.00    0.00    0.00    0.00   23.53   71.57
14:02:37       5    0.00    0.00    0.00    0.00    0.00    0.00    0.00    0.00  100.00
14:02:37       6    0.00    0.00    0.99    0.00    0.00    0.00    0.00    1.98   97.03
14:02:37       7    0.00    0.00    0.00    0.00    0.00    0.00    0.00    2.00   98.00

14:02:37     CPU    %usr   %nice    %sys %iowait    %irq   %soft  %steal  %guest   %idle
14:02:38     all   12.44    0.00    3.02    1.01    0.00    0.63    0.00   28.52   54.40
14:02:38       0    4.26    0.00    7.45    0.00    0.00    5.32    0.00   52.13   30.85
14:02:38       1   91.00    0.00    9.00    0.00    0.00    0.00    0.00    0.00    0.00
14:02:38       2    0.00    0.00    4.00    0.00    0.00    0.00    0.00   76.00   20.00
14:02:38       3    0.00    0.00    0.00    0.00    0.00    0.00    0.00   15.00   85.00
14:02:38       4    1.00    0.00    2.00    5.00    0.00    0.00    0.00   15.00   77.00
14:02:38       5    0.99    0.00    0.99    0.00    0.00    0.00    0.00    0.00   98.02
14:02:38       6    1.02    0.00    0.00    0.00    0.00    0.00    0.00   65.31   33.67
14:02:38       7    0.00    0.00    0.00    2.00    0.00    0.00    0.00    8.00   90.00

14:02:38     CPU    %usr   %nice    %sys %iowait    %irq   %soft  %steal  %guest   %idle
14:02:39     all   11.64    0.00    1.50    0.25    0.00    0.00    0.00   43.30   43.30
14:02:39       0    0.99    0.00    2.97    0.00    0.00    0.00    0.00    0.00   96.04
14:02:39       1   93.00    0.00    7.00    0.00    0.00    0.00    0.00    0.00    0.00
14:02:39       2    1.00    0.00    0.00    0.00    0.00    0.00    0.00   96.00    3.00
14:02:39       3    0.00    0.00    1.00    0.00    0.00    0.00    0.00   96.00    3.00
14:02:39       4    1.00    0.00    0.00    0.00    0.00    0.00    0.00   55.00   44.00
14:02:39       5    0.00    0.00    0.00    0.00    0.00    0.00    0.00    0.00  100.00
14:02:39       6    0.00    0.00    0.00    0.00    0.00    0.00    0.00   98.02    1.98
14:02:39       7    0.00    0.00    0.00    2.00    0.00    0.00    0.00    0.00   98.00
