Linux 3.2.0-40-generic (loadgen166) 	02/08/2013 	_x86_64_	(8 CPU)

06:19:33     CPU    %usr   %nice    %sys %iowait    %irq   %soft  %steal  %guest   %idle
06:19:34     all    2.44    0.00    5.00    0.64    0.00    2.56    0.00   65.26   24.10
06:19:34       0    0.00    0.00    0.00    0.00    0.00    6.00    0.00   94.00    0.00
06:19:34       1    3.16    0.00    2.11    2.11    0.00    4.21    0.00   57.89   30.53
06:19:34       2    8.08    0.00    9.09    0.00    0.00    5.05    0.00   45.45   32.32
06:19:34       3    3.12    0.00    8.33    1.04    0.00    1.04    0.00   42.71   43.75
06:19:34       4    4.17    0.00    6.25    2.08    0.00    3.12    0.00   57.29   27.08
06:19:34       5    0.00    0.00    0.00    0.00    0.00    0.00    0.00  100.00    0.00
06:19:34       6    2.02    0.00    2.02    0.00    0.00    0.00    0.00   80.81   15.15
06:19:34       7    2.11    0.00   10.53    1.05    0.00    1.05    0.00   40.00   45.26

06:19:34     CPU    %usr   %nice    %sys %iowait    %irq   %soft  %steal  %guest   %idle
06:19:35     all    2.14    0.00    5.17    0.50    0.00    2.27    0.00   69.23   20.68
06:19:35       0    0.00    0.00    0.00    0.00    0.00    4.00    0.00   96.00    0.00
06:19:35       1    1.02    0.00    8.16    2.04    0.00    7.14    0.00   46.94   34.69
06:19:35       2    5.94    0.00   13.86    0.00    0.00    5.94    0.00   26.73   47.52
06:19:35       3    4.95    0.00    4.95    0.99    0.00    0.99    0.00   52.48   35.64
06:19:35       4    3.00    0.00    9.00    0.00    0.00    0.00    0.00   80.00    8.00
06:19:35       5    0.00    0.00    0.99    0.00    0.00    0.00    0.00   99.01    0.00
06:19:35       6    0.00    0.00    0.00    0.00    0.00    0.00    0.00  100.00    0.00
06:19:35       7    2.13    0.00    6.38    0.00    0.00    0.00    0.00   51.06   40.43

06:19:35     CPU    %usr   %nice    %sys %iowait    %irq   %soft  %steal  %guest   %idle
06:19:36     all    1.89    0.00    5.55    0.25    0.00    2.02    0.00   68.10   22.19
06:19:36       0    0.00    0.00    0.00    0.00    0.00    6.00    0.00   94.00    0.00
06:19:36       1    3.06    0.00    9.18    0.00    0.00    1.02    0.00   44.90   41.84
06:19:36       2    5.21    0.00    8.33    1.04    0.00    3.12    0.00   43.75   38.54
06:19:36       3    2.00    0.00    8.00    0.00    0.00    1.00    0.00   68.00   21.00
06:19:36       4    2.00    0.00   10.00    1.00    0.00    4.00    0.00   44.00   39.00
06:19:36       5    0.00    0.00    0.00    0.00    0.00    0.00    0.00  100.00    0.00
06:19:36       6    0.00    0.00    0.00    0.00    0.00    0.00    0.00  100.00    0.00
06:19:36       7    2.02    0.00    9.09    0.00    0.00    0.00    0.00   49.49   39.39

06:19:36     CPU    %usr   %nice    %sys %iowait    %irq   %soft  %steal  %guest   %idle
06:19:37     all    1.53    0.00    5.35    0.25    0.00    2.04    0.00   73.76   17.07
06:19:37       0    1.00    0.00    1.00    0.00    0.00    4.00    0.00   94.00    0.00
06:19:37       1    2.20    0.00   10.99    0.00    0.00    2.20    0.00   52.75   31.87
06:19:37       2    5.21    0.00   10.42    2.08    0.00    5.21    0.00   33.33   43.75
06:19:37       3    0.00    0.00    3.00    0.00    0.00    1.00    0.00   94.00    2.00
06:19:37       4    1.01    0.00    6.06    0.00    0.00    4.04    0.00   72.73   16.16
06:19:37       5    0.00    0.00    5.15    0.00    0.00    0.00    0.00   75.26   19.59
06:19:37       6    0.00    0.00    0.00    0.00    0.00    0.00    0.00  100.00    0.00
06:19:37       7    1.02    0.00    5.10    0.00    0.00    1.02    0.00   67.35   25.51

06:19:37     CPU    %usr   %nice    %sys %iowait    %irq   %soft  %steal  %guest   %idle
06:19:38     all    1.02    0.00    5.38    0.77    0.00    2.05    0.00   73.24   17.54
06:19:38       0    0.00    0.00    0.00    0.00    0.00    3.00    0.00   97.00    0.00
06:19:38       1    1.05    0.00    8.42    2.11    0.00    3.16    0.00   63.16   22.11
06:19:38       2    2.04    0.00   13.27    1.02    0.00    4.08    0.00   43.88   35.71
06:19:38       3    1.01    0.00    4.04    0.00    0.00    2.02    0.00   80.81   12.12
06:19:38       4    3.23    0.00   10.75    1.08    0.00    2.15    0.00   37.63   45.16
06:19:38       5    1.01    0.00    1.01    0.00    0.00    1.01    0.00   92.93    4.04
06:19:38       6    0.00    0.00    0.00    0.00    0.00    0.00    0.00  100.00    0.00
06:19:38       7    2.08    0.00    6.25    1.04    0.00    0.00    0.00   66.67   23.96

06:19:38     CPU    %usr   %nice    %sys %iowait    %irq   %soft  %steal  %guest   %idle
06:19:39     all    1.14    0.00    4.83    0.76    0.00    1.91    0.00   73.19   18.17
06:19:39       0    0.00    0.00    0.00    0.00    0.00    3.00    0.00   97.00    0.00
06:19:39       1    2.04    0.00    8.16    2.04    0.00    4.08    0.00   48.98   34.69
06:19:39       2    3.16    0.00   14.74    3.16    0.00    1.05    0.00   40.00   37.89
06:19:39       3    1.01    0.00    6.06    1.01    0.00    2.02    0.00   52.53   37.37
06:19:39       4    4.04    0.00   10.10    1.01    0.00    5.05    0.00   44.44   35.35
06:19:39       5    0.00    0.00    0.00    0.00    0.00    0.00    0.00  100.00    0.00
06:19:39       6    0.00    0.00    0.00    0.00    0.00    0.00    0.00  100.00    0.00
06:19:39       7    0.00    0.00    1.00    0.00    0.00    0.00    0.00   97.00    2.00

06:19:39     CPU    %usr   %nice    %sys %iowait    %irq   %soft  %steal  %guest   %idle
06:19:40     all    1.90    0.00    4.81    4.05    0.00    2.53    0.00   72.53   14.18
06:19:40       0    0.00    0.00    0.99    0.00    0.00    3.96    0.00   95.05    0.00
06:19:40       1    6.32    0.00    5.26   11.58    0.00    5.26    0.00   48.42   23.16
06:19:40       2    2.02    0.00   12.12    1.01    0.00    3.03    0.00   43.43   38.38
06:19:40       3    2.11    0.00    9.47   10.53    0.00    1.05    0.00   55.79   21.05
06:19:40       4    4.04    0.00   10.10    9.09    0.00    8.08    0.00   36.36   32.32
06:19:40       5    0.00    0.00    0.00    0.00    0.00    0.00    0.00  100.00    0.00
06:19:40       6    0.00    0.00    0.00    0.00    0.00    0.00    0.00  100.00    0.00
06:19:40       7    0.00    0.00    1.00    0.00    0.00    0.00    0.00   99.00    0.00

06:19:40     CPU    %usr   %nice    %sys %iowait    %irq   %soft  %steal  %guest   %idle
06:19:41     all    0.88    0.00    4.67   14.52    0.00    1.89    0.00   69.70    8.33
06:19:41       0    0.00    0.00    0.00    0.00    0.00    3.00    0.00   97.00    0.00
06:19:41       1    1.04    0.00    9.38   40.62    0.00    4.17    0.00   33.33   11.46
06:19:41       2    2.17    0.00    8.70   33.70    0.00    0.00    0.00   38.04   17.39
06:19:41       3    0.97    0.00    8.74   30.10    0.00    2.91    0.00   49.51    7.77
06:19:41       4    2.02    0.00   11.11   13.13    0.00    5.05    0.00   38.38   30.30
06:19:41       5    0.00    0.00    0.00    0.00    0.00    0.00    0.00  100.00    0.00
06:19:41       6    0.00    0.00    0.00    0.00    0.00    0.00    0.00  100.00    0.00
06:19:41       7    0.00    0.00    0.00    0.00    0.00    0.00    0.00  100.00    0.00

06:19:41     CPU    %usr   %nice    %sys %iowait    %irq   %soft  %steal  %guest   %idle
06:19:42     all    1.02    0.00    3.93   21.70    0.00    1.90    0.00   64.09    7.36
06:19:42       0    1.02    0.00    0.00    8.16    0.00    4.08    0.00   86.73    0.00
06:19:42       1    2.11    0.00    5.26   49.47    0.00    3.16    0.00   40.00    0.00
06:19:42       2    1.01    0.00    7.07   59.60    0.00    2.02    0.00   30.30    0.00
06:19:42       3    1.03    0.00    8.25   55.67    0.00    2.06    0.00   32.99    0.00
06:19:42       4    3.00    0.00   10.00    4.00    0.00    5.00    0.00   20.00   58.00
06:19:42       5    0.00    0.00    0.00    0.00    0.00    0.00    0.00  100.00    0.00
06:19:42       6    0.00    0.00    0.00    0.00    0.00    0.00    0.00  100.00    0.00
06:19:42       7    0.00    0.00    0.00    0.00    0.00    0.00    0.00  100.00    0.00

06:19:42     CPU    %usr   %nice    %sys %iowait    %irq   %soft  %steal  %guest   %idle
06:19:43     all    1.13    0.00    5.29   17.51    0.00    1.13    0.00   68.14    6.80
06:19:43       0    4.12    0.00   12.37   21.65    0.00    4.12    0.00   30.93   26.80
06:19:43       1    0.00    0.00    1.01    0.00    0.00    1.01    0.00   97.98    0.00
06:19:43       2    1.06    0.00   11.70   22.34    0.00    0.00    0.00   42.55   22.34
06:19:43       3    3.00    0.00    8.00   71.00    0.00    0.00    0.00   15.00    3.00
06:19:43       4    1.94    0.00    8.74   25.24    0.00    2.91    0.00   57.28    3.88
06:19:43       5    0.00    0.00    0.00    0.00    0.00    0.00    0.00  100.00    0.00
06:19:43       6    0.00    0.00    0.00    0.00    0.00    0.00    0.00  100.00    0.00
06:19:43       7    0.00    0.00    1.00    0.00    0.00    0.00    0.00   99.00    0.00

06:19:43     CPU    %usr   %nice    %sys %iowait    %irq   %soft  %steal  %guest   %idle
06:19:44     all    1.67    0.00    6.03   11.54    0.00    2.69    0.00   67.18   10.90
06:19:44       0    4.21    0.00   14.74    1.05    0.00    6.32    0.00   31.58   42.11
06:19:44       1    0.99    0.00    0.99    0.00    0.00    3.96    0.00   94.06    0.00
06:19:44       2    2.11    0.00   11.58   16.84    0.00    2.11    0.00   41.05   26.32
06:19:44       3    1.06    0.00    6.38   52.13    0.00    0.00    0.00   40.43    0.00
06:19:44       4    5.10    0.00   16.33   25.51    0.00    8.16    0.00   23.47   21.43
06:19:44       5    0.00    0.00    0.00    0.00    0.00    0.00    0.00  100.00    0.00
06:19:44       6    0.00    0.00    0.00    0.00    0.00    0.00    0.00  100.00    0.00
06:19:44       7    0.00    0.00    0.00    0.00    0.00    0.00    0.00  100.00    0.00

06:19:44     CPU    %usr   %nice    %sys %iowait    %irq   %soft  %steal  %guest   %idle
06:19:45     all    1.27    0.00    5.45    6.97    0.00    2.28    0.00   77.06    6.97
06:19:45       0    2.04    0.00   12.24    2.04    0.00    6.12    0.00   53.06   24.49
06:19:45       1    0.00    0.00    0.00    0.00    0.00    4.04    0.00   95.96    0.00
06:19:45       2    4.04    0.00   12.12   24.24    0.00    3.03    0.00   48.48    8.08
06:19:45       3    1.01    0.00    6.06    9.09    0.00    1.01    0.00   71.72   11.11
06:19:45       4    2.20    0.00   12.09   20.88    0.00    5.49    0.00   48.35   10.99
06:19:45       5    0.00    0.00    2.00    0.00    0.00    0.00    0.00   98.00    0.00
06:19:45       6    0.00    0.00    0.00    0.00    0.00    0.00    0.00  100.00    0.00
06:19:45       7    0.00    0.00    1.00    0.00    0.00    0.00    0.00   99.00    0.00

06:19:45     CPU    %usr   %nice    %sys %iowait    %irq   %soft  %steal  %guest   %idle
06:19:46     all    1.29    0.00    4.63   15.55    0.00    1.67    0.00   65.68   11.18
06:19:46       0    2.13    0.00    4.26    0.00    0.00    5.32    0.00   67.02   21.28
06:19:46       1    2.04    0.00    5.10   45.92    0.00    2.04    0.00   43.88    1.02
06:19:46       2    1.01    0.00    0.00    0.00    0.00    0.00    0.00   96.97    2.02
06:19:46       3    2.11    0.00    7.37   31.58    0.00    0.00    0.00   33.68   25.26
06:19:46       4    3.16    0.00   15.79   25.26    0.00    5.26    0.00   24.21   26.32
06:19:46       5    0.00    0.00    0.00    0.00    0.00    0.00    0.00  100.00    0.00
06:19:46       6    1.01    0.00    2.02    0.00    0.00    0.00    0.00   94.95    2.02
06:19:46       7    0.00    0.00    2.00   23.00    0.00    1.00    0.00   60.00   14.00

06:19:46     CPU    %usr   %nice    %sys %iowait    %irq   %soft  %steal  %guest   %idle
06:19:47     all    0.77    0.00    5.75    8.17    0.00    2.30    0.00   71.26   11.75
06:19:47       0    0.00    0.00    1.00    0.00    0.00    7.00    0.00   92.00    0.00
06:19:47       1    0.00    0.00    7.53   25.81    0.00    4.30    0.00   56.99    5.38
06:19:47       2    0.00    0.00    1.00    0.00    0.00    0.00    0.00   99.00    0.00
06:19:47       3    1.02    0.00    8.16   24.49    0.00    1.02    0.00   51.02   14.29
06:19:47       4    4.35    0.00   17.39    8.70    0.00    5.43    0.00   15.22   48.91
06:19:47       5    0.00    0.00    0.00    0.00    0.00    0.00    0.00  100.00    0.00
06:19:47       6    0.00    0.00    1.00    0.00    0.00    0.00    0.00  100.00    0.00
06:19:47       7    1.02    0.00   11.22    8.16    0.00    0.00    0.00   52.04   27.55

06:19:47     CPU    %usr   %nice    %sys %iowait    %irq   %soft  %steal  %guest   %idle
06:19:48     all    1.01    0.00    5.05   11.36    0.00    1.52    0.00   71.97    9.09
06:19:48       0    2.06    0.00   10.31   25.77    0.00    6.19    0.00   41.24   14.43
06:19:48       1    1.01    0.00    5.05   14.14    0.00    2.02    0.00   61.62   16.16
06:19:48       2    0.99    0.00    0.00    0.00    0.00    0.99    0.00   98.02    0.00
06:19:48       3    0.00    0.00    7.22   17.53    0.00    2.06    0.00   50.52   22.68
06:19:48       4    4.08    0.00   16.33   33.67    0.00    2.04    0.00   30.61   13.27
06:19:48       5    0.00    0.00    0.00    0.00    0.00    0.00    0.00  100.00    0.00
06:19:48       6    0.00    0.00    0.00    0.00    0.00    0.00    0.00  100.00    0.00
06:19:48       7    0.99    0.00    1.98    0.00    0.00    0.00    0.00   90.10    6.93

06:19:48     CPU    %usr   %nice    %sys %iowait    %irq   %soft  %steal  %guest   %idle
06:19:49     all    1.65    0.00    6.35    4.70    0.00    3.05    0.00   71.95   12.31
06:19:49       0    5.21    0.00   15.62    8.33    0.00    7.29    0.00   35.42   28.12
06:19:49       1    0.00    0.00    5.05    1.01    0.00    5.05    0.00   78.79   10.10
06:19:49       2    1.01    0.00    2.02    0.00    0.00    5.05    0.00   87.88    4.04
06:19:49       3    2.11    0.00    8.42    9.47    0.00    1.05    0.00   55.79   23.16
06:19:49       4    2.94    0.00   11.76   15.69    0.00    6.86    0.00   44.12   18.63
06:19:49       5    0.00    0.00    0.00    0.00    0.00    0.00    0.00  100.00    0.00
06:19:49       6    0.00    0.00    0.00    0.00    0.00    0.00    0.00  100.00    0.00
06:19:49       7    0.00    0.00    9.00    3.00    0.00    0.00    0.00   71.00   17.00

06:19:49     CPU    %usr   %nice    %sys %iowait    %irq   %soft  %steal  %guest   %idle
06:19:50     all    2.66    0.00    5.06   14.30    0.00    2.78    0.00   65.44    9.75
06:19:50       0    2.02    0.00    4.04    3.03    0.00    8.08    0.00   75.76    7.07
06:19:50       1    3.16    0.00    9.47    3.16    0.00    5.26    0.00   35.79   43.16
06:19:50       2    5.10    0.00   10.20   40.82    0.00    5.10    0.00   30.61    8.16
06:19:50       3    5.21    0.00    4.17   31.25    0.00    1.04    0.00   44.79   13.54
06:19:50       4    0.99    0.00    3.96    1.98    0.00    1.98    0.00   91.09    0.00
06:19:50       5    0.00    0.00    0.00    0.00    0.00    0.00    0.00  100.00    0.00
06:19:50       6    0.00    0.00    0.00    0.00    0.00    0.00    0.00  100.00    0.00
06:19:50       7    5.05    0.00    8.08   36.36    0.00    0.00    0.00   44.44    6.06

06:19:50     CPU    %usr   %nice    %sys %iowait    %irq   %soft  %steal  %guest   %idle
06:19:51     all    3.39    0.00    6.90    5.14    0.00    2.51    0.00   72.02   10.04
06:19:51       0    1.01    0.00    2.02    0.00    0.00    4.04    0.00   92.93    0.00
06:19:51       1    5.94    0.00   10.89    4.95    0.00    2.97    0.00   53.47   21.78
06:19:51       2    3.06    0.00    6.12   16.33    0.00    4.08    0.00   58.16   12.24
06:19:51       3    6.80    0.00   13.59    4.85    0.00    3.88    0.00   52.43   18.45
06:19:51       4    3.03    0.00    2.02    0.00    0.00    2.02    0.00   90.91    2.02
06:19:51       5    4.95    0.00   11.88    9.90    0.00    0.99    0.00   61.39   10.89
06:19:51       6    0.00    0.00    0.99    0.00    0.00    0.00    0.00   99.01    0.00
06:19:51       7    5.10    0.00    8.16    5.10    0.00    2.04    0.00   64.29   15.31

06:19:51     CPU    %usr   %nice    %sys %iowait    %irq   %soft  %steal  %guest   %idle
06:19:52     all    2.27    0.00    6.30    0.38    0.00    1.64    0.00   69.14   20.28
06:19:52       0    0.99    0.00    0.00    0.00    0.00    3.96    0.00   95.05    0.00
06:19:52       1    0.00    0.00    1.01    0.00    0.00    4.04    0.00   92.93    3.03
06:19:52       2    2.04    0.00    7.14    0.00    0.00    1.02    0.00   53.06   36.73
06:19:52       3    7.37    0.00    8.42    0.00    0.00    1.05    0.00   57.89   25.26
06:19:52       4    3.92    0.00   15.69    0.98    0.00    1.96    0.00   31.37   46.08
06:19:52       5    2.06    0.00   11.34    1.03    0.00    0.00    0.00   54.64   30.93
06:19:52       6    0.00    0.00    0.00    0.00    0.00    0.00    0.00  100.00    0.00
06:19:52       7    2.00    0.00    8.00    0.00    0.00    0.00    0.00   70.00   20.00

06:19:52     CPU    %usr   %nice    %sys %iowait    %irq   %soft  %steal  %guest   %idle
06:19:53     all    2.41    0.00    5.82    0.76    0.00    1.90    0.00   69.87   19.24
06:19:53       0    1.00    0.00    1.00    0.00    0.00    6.00    0.00   92.00    0.00
06:19:53       1    1.04    0.00    3.12    1.04    0.00    2.08    0.00   80.21   12.50
06:19:53       2    4.00    0.00    5.00    1.00    0.00    1.00    0.00   60.00   29.00
06:19:53       3    4.04    0.00   10.10    3.03    0.00    1.01    0.00   46.46   35.35
06:19:53       4    6.12    0.00   14.29    1.02    0.00    4.08    0.00   27.55   46.94
06:19:53       5    2.94    0.00    8.82    0.98    0.00    1.96    0.00   62.75   22.55
06:19:53       6    1.00    0.00    0.00    0.00    0.00    0.00    0.00   99.00    0.00
06:19:53       7    0.00    0.00    2.06    1.03    0.00    0.00    0.00   88.66    8.25

06:19:53     CPU    %usr   %nice    %sys %iowait    %irq   %soft  %steal  %guest   %idle
06:19:54     all    2.40    0.00    6.68   10.47    0.00    1.51    0.00   62.80   16.14
06:19:54       0    1.02    0.00    5.10   15.31    0.00    3.06    0.00   69.39    6.12
06:19:54       1    2.06    0.00    8.25   17.53    0.00    4.12    0.00   44.33   23.71
06:19:54       2    1.01    0.00    9.09   15.15    0.00    1.01    0.00   52.53   21.21
06:19:54       3    3.09    0.00    9.28   10.31    0.00    1.03    0.00   55.67   20.62
06:19:54       4    4.00    0.00   12.00   21.00    0.00    2.00    0.00   35.00   26.00
06:19:54       5    1.98    0.00    6.93    1.98    0.00    0.00    0.00   70.30   18.81
06:19:54       6    0.00    0.00    2.06    2.06    0.00    0.00    0.00   85.57   10.31
06:19:54       7    4.00    0.00    1.00    0.00    0.00    0.00    0.00   93.00    2.00

06:19:54     CPU    %usr   %nice    %sys %iowait    %irq   %soft  %steal  %guest   %idle
06:19:55     all    2.30    0.00    7.17   17.80    0.00    2.30    0.00   55.44   14.98
06:19:55       0    3.09    0.00   10.31   45.36    0.00    7.22    0.00   34.02    0.00
06:19:55       1    3.03    0.00    9.09   24.24    0.00    5.05    0.00   45.45   13.13
06:19:55       2    0.00    0.00    0.00    0.00    0.00    0.00    0.00  100.00    0.00
06:19:55       3    3.03    0.00   10.10   29.29    0.00    0.00    0.00   48.48    9.09
06:19:55       4    4.21    0.00   13.68   22.11    0.00    6.32    0.00   14.74   38.95
06:19:55       5    3.09    0.00    7.22    3.09    0.00    0.00    0.00   53.61   32.99
06:19:55       6    2.08    0.00    7.29   19.79    0.00    0.00    0.00   42.71   28.12
06:19:55       7    0.00    0.00    0.00    0.00    0.00    0.00    0.00  100.00    0.00

06:19:55     CPU    %usr   %nice    %sys %iowait    %irq   %soft  %steal  %guest   %idle
06:19:56     all    2.67    0.00    6.35    5.21    0.00    2.03    0.00   64.55   19.19
06:19:56       0    4.12    0.00    9.28    5.15    0.00    7.22    0.00   63.92   10.31
06:19:56       1    0.00    0.00    4.08    1.02    0.00    2.04    0.00   60.20   32.65
06:19:56       2    2.04    0.00    8.16    9.18    0.00    1.02    0.00   67.35   12.24
06:19:56       3    5.10    0.00    9.18    3.06    0.00    1.02    0.00   46.94   34.69
06:19:56       4    7.14    0.00   13.27    0.00    0.00    6.12    0.00   32.65   40.82
06:19:56       5    0.00    0.00    3.03   21.21    0.00    0.00    0.00   75.76    0.00
06:19:56       6    3.03    0.00    4.04    0.00    0.00    0.00    0.00   68.69   24.24
06:19:56       7    0.00    0.00    0.00    0.00    0.00    0.00    0.00  100.00    0.00

06:19:56     CPU    %usr   %nice    %sys %iowait    %irq   %soft  %steal  %guest   %idle
06:19:57     all    2.66    0.00    7.10    4.69    0.00    2.28    0.00   76.81    6.46
06:19:57       0    3.06    0.00   15.31   13.27    0.00    5.10    0.00   57.14    6.12
06:19:57       1    2.02    0.00    3.03    0.00    0.00    4.04    0.00   88.89    2.02
06:19:57       2    3.03    0.00   14.14    3.03    0.00    2.02    0.00   59.60   18.18
06:19:57       3    3.00    0.00    6.00   18.00    0.00    1.00    0.00   69.00    3.00
06:19:57       4    9.57    0.00   17.02    4.26    0.00    5.32    0.00   40.43   23.40
06:19:57       5    1.00    0.00    1.00    0.00    0.00    0.00    0.00   98.00    0.00
06:19:57       6    0.00    0.00    0.00    0.00    0.00    0.00    0.00  101.01    0.00
06:19:57       7    0.00    0.00    0.99    0.00    0.00    0.00    0.00   99.01    0.00

06:19:57     CPU    %usr   %nice    %sys %iowait    %irq   %soft  %steal  %guest   %idle
06:19:58     all    1.79    0.00    7.29   12.53    0.00    1.28    0.00   62.92   14.19
06:19:58       0    3.06    0.00   13.27   11.22    0.00    5.10    0.00   36.73   30.61
06:19:58       1    2.08    0.00    7.29   22.92    0.00    1.04    0.00   64.58    2.08
06:19:58       2    3.12    0.00    9.38   16.67    0.00    1.04    0.00   57.29   12.50
06:19:58       3    0.00    0.00    4.17   16.67    0.00    1.04    0.00   59.38   18.75
06:19:58       4    2.06    0.00    5.15   11.34    0.00    3.09    0.00   74.23    4.12
06:19:58       5    0.00    0.00    4.04   15.15    0.00    0.00    0.00   78.79    2.02
06:19:58       6    2.04    0.00   10.20    7.14    0.00    0.00    0.00   59.18   21.43
06:19:58       7    3.00    0.00    5.00    0.00    0.00    0.00    0.00   73.00   19.00

06:19:58     CPU    %usr   %nice    %sys %iowait    %irq   %soft  %steal  %guest   %idle
06:19:59     all    2.89    0.00    8.54    4.02    0.00    2.39    0.00   74.87    7.29
06:19:59       0    2.97    0.00    8.91    7.92    0.00    2.97    0.00   74.26    2.97
06:19:59       1    6.00    0.00   16.00    6.00    0.00    7.00    0.00   50.00   15.00
06:19:59       2    0.00    0.00    0.00    0.00    0.00    1.01    0.00  100.00    0.00
06:19:59       3    0.00    0.00    1.01    0.00    0.00    1.01    0.00   96.97    1.01
06:19:59       4    7.37    0.00    7.37    5.26    0.00    4.21    0.00   65.26   10.53
06:19:59       5    2.97    0.00   11.88    3.96    0.00    0.00    0.00   75.25    5.94
06:19:59       6    1.03    0.00   15.46    4.12    0.00    1.03    0.00   63.92   14.43
06:19:59       7    2.00    0.00    8.00    4.00    0.00    1.00    0.00   76.00    9.00

06:19:59     CPU    %usr   %nice    %sys %iowait    %irq   %soft  %steal  %guest   %idle
06:20:00     all    1.91    0.00    7.76   14.25    0.00    1.65    0.00   55.22   19.21
06:20:00       0    0.99    0.00   14.85    1.98    0.00    4.95    0.00   46.53   30.69
06:20:00       1    2.00    0.00   10.00   34.00    0.00    5.00    0.00   48.00    1.00
06:20:00       2    1.02    0.00    5.10   11.22    0.00    0.00    0.00   64.29   18.37
06:20:00       3    0.00    0.00    3.03   15.15    0.00    0.00    0.00   81.82    0.00
06:20:00       4    3.12    0.00    8.33    2.08    0.00    3.12    0.00   51.04   32.29
06:20:00       5    4.08    0.00   10.20   43.88    0.00    1.02    0.00   36.73    4.08
06:20:00       6    2.04    0.00    7.14    0.00    0.00    0.00    0.00   51.02   39.80
06:20:00       7    3.00    0.00    4.00    6.00    0.00    0.00    0.00   61.00   26.00

06:20:00     CPU    %usr   %nice    %sys %iowait    %irq   %soft  %steal  %guest   %idle
06:20:01     all    2.66    0.00    8.88    5.84    0.00    2.03    0.00   73.60    6.98
06:20:01       0    2.02    0.00   16.16    1.01    0.00    5.05    0.00   57.58   18.18
06:20:01       1    5.15    0.00    9.28   15.46    0.00    4.12    0.00   59.79    6.19
06:20:01       2    0.00    0.00    1.00    0.00    0.00    1.00    0.00   98.00    0.00
06:20:01       3    0.00    0.00    0.00    0.00    0.00    1.00    0.00   99.00    0.00
06:20:01       4    5.21    0.00   23.96    5.21    0.00    5.21    0.00   37.50   22.92
06:20:01       5    7.14    0.00   16.33   24.49    0.00    1.02    0.00   47.96    3.06
06:20:01       6    1.01    0.00    0.00    0.00    0.00    0.00    0.00   98.99    0.00
06:20:01       7    1.00    0.00    4.00    2.00    0.00    0.00    0.00   86.00    7.00

06:20:01     CPU    %usr   %nice    %sys %iowait    %irq   %soft  %steal  %guest   %idle
06:20:02     all    2.15    0.00    8.84    6.06    0.00    2.27    0.00   72.60    8.08
06:20:02       0    2.04    0.00   17.35    1.02    0.00    8.16    0.00   44.90   26.53
06:20:02       1    3.00    0.00   20.00   26.00    0.00    5.00    0.00   46.00    0.00
06:20:02       2    0.00    0.00    0.99    0.00    0.00    0.00    0.00   99.01    0.00
06:20:02       3    0.99    0.00    0.00    0.00    0.00    0.00    0.00   98.02    0.99
06:20:02       4    2.11    0.00   14.74    1.05    0.00    4.21    0.00   52.63   25.26
06:20:02       5    5.94    0.00    9.90   18.81    0.00    0.00    0.00   65.35    0.00
06:20:02       6    0.00    0.00    1.00    0.00    0.00    0.00    0.00   98.00    1.00
06:20:02       7    5.00    0.00    9.00    1.00    0.00    0.00    0.00   72.00   13.00

06:20:02     CPU    %usr   %nice    %sys %iowait    %irq   %soft  %steal  %guest   %idle
06:20:03     all    1.89    0.00    5.04    8.32    0.00    1.64    0.00   68.73   14.38
06:20:03       0    2.11    0.00    7.37    2.11    0.00    4.21    0.00   37.89   46.32
06:20:03       1    2.00    0.00    7.00   21.00    0.00    2.00    0.00   68.00    0.00
06:20:03       2    0.00    0.00    1.01    7.07    0.00    1.01    0.00   81.82    9.09
06:20:03       3    0.00    0.00    0.00    0.00    0.00    0.00    0.00  101.01    0.00
06:20:03       4    4.04    0.00    6.06    0.00    0.00    3.03    0.00   71.72   15.15
06:20:03       5    2.04    0.00    1.02    7.14    0.00    0.00    0.00   86.73    3.06
06:20:03       6    1.01    0.00    9.09    2.02    0.00    2.02    0.00   47.47   38.38
06:20:03       7    3.06    0.00    7.14   27.55    0.00    0.00    0.00   58.16    4.08

06:20:03     CPU    %usr   %nice    %sys %iowait    %irq   %soft  %steal  %guest   %idle
06:20:04     all    1.91    0.00    6.36    4.20    0.00    1.65    0.00   73.79   12.09
06:20:04       0    2.04    0.00   10.20    1.02    0.00    3.06    0.00   62.24   21.43
06:20:04       1    0.00    0.00    6.00    7.00    0.00    3.00    0.00   84.00    0.00
06:20:04       2    0.00    0.00    3.06    0.00    0.00    1.02    0.00   84.69   11.22
06:20:04       3    0.00    0.00    0.00    0.00    0.00    0.00    0.00  100.00    0.00
06:20:04       4    2.11    0.00    8.42    0.00    0.00    4.21    0.00   69.47   15.79
06:20:04       5    2.00    0.00    4.00    0.00    0.00    0.00    0.00   89.00    5.00
06:20:04       6    6.06    0.00   10.10    1.01    0.00    1.01    0.00   55.56   26.26
06:20:04       7    4.17    0.00    9.38   23.96    0.00    1.04    0.00   43.75   17.71

06:20:04     CPU    %usr   %nice    %sys %iowait    %irq   %soft  %steal  %guest   %idle
06:20:05     all    2.03    0.00    6.08    5.96    0.00    2.03    0.00   73.00   10.90
06:20:05       0    6.00    0.00   10.00    1.00    0.00    6.00    0.00   48.00   29.00
06:20:05       1    5.00    0.00   10.00   31.00    0.00    2.00    0.00   45.00    7.00
06:20:05       2    1.00    0.00    1.00    0.00    0.00    1.00    0.00   97.00    0.00
06:20:05       3    0.99    0.00    0.99    0.00    0.00    0.99    0.00   97.03    0.00
06:20:05       4    1.03    0.00   12.37   14.43    0.00    5.15    0.00   60.82    6.19
06:20:05       5    0.00    0.00    3.09    0.00    0.00    1.03    0.00   78.35   17.53
06:20:05       6    2.04    0.00   13.27    1.02    0.00    2.04    0.00   53.06   28.57
06:20:05       7    0.00    0.00    0.00    0.00    0.00    0.00    0.00  100.00    0.00

06:20:05     CPU    %usr   %nice    %sys %iowait    %irq   %soft  %steal  %guest   %idle
06:20:06     all    2.01    0.00    6.14    5.01    0.00    1.88    0.00   72.68   12.28
06:20:06       0    2.04    0.00    8.16    2.04    0.00    7.14    0.00   51.02   29.59
06:20:06       1    2.11    0.00    6.32   17.89    0.00    3.16    0.00   66.32    4.21
06:20:06       2    0.00    0.00    0.99    0.00    0.00    0.00    0.00   99.01    0.00
06:20:06       3    0.00    0.00    0.00    0.00    0.00    1.00    0.00  100.00    0.00
06:20:06       4    4.85    0.00   13.59    9.71    0.00    3.88    0.00   43.69   24.27
06:20:06       5    2.02    0.00    5.05    0.00    0.00    0.00    0.00   73.74   19.19
06:20:06       6    4.90    0.00   14.71   10.78    0.00    0.00    0.00   49.02   20.59
06:20:06       7    0.00    0.00    0.00    0.00    0.00    0.00    0.00  100.00    0.00

06:20:06     CPU    %usr   %nice    %sys %iowait    %irq   %soft  %steal  %guest   %idle
06:20:07     all    2.04    0.00    4.83    0.00    0.00    1.78    0.00   72.90   18.45
06:20:07       0    2.06    0.00    9.28    0.00    0.00    4.12    0.00   59.79   24.74
06:20:07       1    0.00    0.00    1.01    0.00    0.00    3.03    0.00   95.96    0.00
06:20:07       2    4.04    0.00    6.06    0.00    0.00    0.00    0.00   65.66   24.24
06:20:07       3    0.00    0.00    0.00    0.00    0.00    0.00    0.00  100.00    0.00
06:20:07       4    6.25    0.00   12.50    0.00    0.00    4.17    0.00   31.25   45.83
06:20:07       5    0.00    0.00    4.21    0.00    0.00    0.00    0.00   70.53   25.26
06:20:07       6    4.12    0.00    5.15    0.00    0.00    1.03    0.00   59.79   29.90
06:20:07       7    0.00    0.00    0.00    0.00    0.00    0.00    0.00  100.00    0.00

06:20:07     CPU    %usr   %nice    %sys %iowait    %irq   %soft  %steal  %guest   %idle
06:20:08     all    2.29    0.00    7.13    0.13    0.00    1.91    0.00   74.14   14.39
06:20:08       0    5.10    0.00   14.29    0.00    0.00    7.14    0.00   58.16   15.31
06:20:08       1    4.21    0.00   11.58    1.05    0.00    2.11    0.00   38.95   42.11
06:20:08       2    3.16    0.00   15.79    0.00    0.00    2.11    0.00   52.63   26.32
06:20:08       3    0.00    0.00    0.00    0.00    0.00    0.00    0.00  100.00    0.00
06:20:08       4    0.00    0.00    1.01    0.00    0.00    3.03    0.00   95.96    0.00
06:20:08       5    2.00    0.00    1.00    0.00    0.00    0.00    0.00   94.00    3.00
06:20:08       6    4.04    0.00   12.12    0.00    0.00    2.02    0.00   51.52   30.30
06:20:08       7    0.00    0.00    0.00    0.00    0.00    0.00    0.00  100.00    0.00

06:20:08     CPU    %usr   %nice    %sys %iowait    %irq   %soft  %steal  %guest   %idle
06:20:09     all    2.17    0.00    6.88    1.66    0.00    1.78    0.00   75.41   12.10
06:20:09       0    5.10    0.00   13.27    6.12    0.00    5.10    0.00   53.06   17.35
06:20:09       1    3.23    0.00   19.35    6.45    0.00    4.30    0.00   31.18   35.48
06:20:09       2    6.19    0.00    8.25    0.00    0.00    0.00    0.00   69.07   16.49
06:20:09       3    0.00    0.00    0.00    0.00    0.00    0.00    0.00  100.00    0.00
06:20:09       4    2.91    0.00    5.83    0.97    0.00    3.88    0.00   78.64    7.77
06:20:09       5    0.00    0.00    2.00    0.00    0.00    0.00    0.00   98.00    0.00
06:20:09       6    0.00    0.00    9.47    0.00    0.00    0.00    0.00   67.37   23.16
06:20:09       7    1.00    0.00    0.00    0.00    0.00    0.00    0.00   99.00    0.00

06:20:09     CPU    %usr   %nice    %sys %iowait    %irq   %soft  %steal  %guest   %idle
06:20:10     all    2.14    0.00    6.05    6.31    0.00    1.77    0.00   71.63   12.11
06:20:10       0    0.00    0.00    0.00    0.00    0.00    2.02    0.00   97.98    0.00
06:20:10       1    6.12    0.00    9.18   33.67    0.00    2.04    0.00   36.73   12.24
06:20:10       2    2.04    0.00   12.24    0.00    0.00    1.02    0.00   48.98   35.71
06:20:10       3    0.00    0.00    1.98    0.00    0.00    1.98    0.00   96.04    0.00
06:20:10       4    4.04    0.00   11.11   16.16    0.00    8.08    0.00   49.49   11.11
06:20:10       5    1.01    0.00    3.03    0.00    0.00    0.00    0.00   93.94    2.02
06:20:10       6    2.00    0.00    1.00    0.00    0.00    0.00    0.00   95.00    2.00
06:20:10       7    3.06    0.00    9.18    0.00    0.00    0.00    0.00   54.08   33.67

06:20:10     CPU    %usr   %nice    %sys %iowait    %irq   %soft  %steal  %guest   %idle
06:20:11     all    2.63    0.00    6.13    0.00    0.00    2.75    0.00   70.84   17.65
06:20:11       0    0.97    0.00    5.83    0.00    0.00    4.85    0.00   69.90   18.45
06:20:11       1    3.00    0.00   11.00    0.00    0.00    4.00    0.00   46.00   36.00
06:20:11       2    4.04    0.00    6.06    0.00    0.00    2.02    0.00   71.72   16.16
06:20:11       3    1.00    0.00    0.00    0.00    0.00    0.00    0.00   99.00    0.00
06:20:11       4    5.10    0.00   14.29    1.02    0.00    7.14    0.00   38.78   33.67
06:20:11       5    0.00    0.00    0.00    0.00    0.00    0.00    0.00  100.00    0.00
06:20:11       6    4.12    0.00    7.22    0.00    0.00    2.06    0.00   68.04   18.56
06:20:11       7    2.02    0.00    5.05    0.00    0.00    0.00    0.00   74.75   18.18

06:20:11     CPU    %usr   %nice    %sys %iowait    %irq   %soft  %steal  %guest   %idle
06:20:12     all    3.80    0.00    6.21    0.25    0.00    2.41    0.00   72.24   15.08
06:20:12       0    0.00    0.00    1.01    0.00    0.00    5.05    0.00   88.89    5.05
06:20:12       1    9.28    0.00   10.31    0.00    0.00    3.09    0.00   49.48   27.84
06:20:12       2    2.94    0.00    5.88    0.98    0.00    0.00    0.00   86.27    3.92
06:20:12       3    0.00    0.00    0.00    0.00    0.00    1.00    0.00   99.00    0.00
06:20:12       4    4.04    0.00   12.12    1.01    0.00   10.10    0.00   49.49   23.23
06:20:12       5    0.00    0.00    0.00    0.00    0.00    0.00    0.00  100.00    0.00
06:20:12       6    5.10    0.00    9.18    0.00    0.00    0.00    0.00   60.20   25.51
06:20:12       7    8.33    0.00   10.42    1.04    0.00    1.04    0.00   41.67   37.50

06:20:12     CPU    %usr   %nice    %sys %iowait    %irq   %soft  %steal  %guest   %idle
06:20:13     all    2.37    0.00    5.74    0.25    0.00    2.50    0.00   73.16   15.98
06:20:13       0    3.03    0.00    3.03    0.00    0.00    4.04    0.00   80.81    9.09
06:20:13       1    0.00    0.00    1.00    0.00    0.00    5.00    0.00   94.00    0.00
06:20:13       2    3.96    0.00    9.90    0.00    0.00    1.98    0.00   65.35   18.81
06:20:13       3    0.00    0.00    0.00    0.00    0.00    1.01    0.00   98.99    0.00
06:20:13       4    3.96    0.00   12.87    0.00    0.00    5.94    0.00   47.52   29.70
06:20:13       5    0.00    0.00    1.00    0.00    0.00    0.00    0.00  100.00    0.00
06:20:13       6    8.00    0.00    9.00    1.00    0.00    2.00    0.00   52.00   28.00
06:20:13       7    2.94    0.00    9.80    0.00    0.00    0.00    0.00   46.08   41.18

06:20:13     CPU    %usr   %nice    %sys %iowait    %irq   %soft  %steal  %guest   %idle
06:20:14     all    2.16    0.00    5.84    1.27    0.00    2.80    0.00   71.79   16.14
06:20:14       0    2.02    0.00    7.07    0.00    0.00    6.06    0.00   74.75   10.10
06:20:14       1    1.01    0.00    4.04    0.00    0.00    5.05    0.00   77.78   12.12
06:20:14       2    4.12    0.00    7.22    2.06    0.00    2.06    0.00   73.20   11.34
06:20:14       3    0.00    0.00    0.99    0.00    0.00    1.98    0.00   97.03    0.00
06:20:14       4    4.17    0.00    8.33    2.08    0.00    6.25    0.00   57.29   21.88
06:20:14       5    0.00    0.00    1.04    0.00    0.00    0.00    0.00   87.50   11.46
06:20:14       6    1.02    0.00    8.16    1.02    0.00    0.00    0.00   74.49   15.31
06:20:14       7    1.01    0.00   11.11    5.05    0.00    1.01    0.00   36.36   45.45

06:20:14     CPU    %usr   %nice    %sys %iowait    %irq   %soft  %steal  %guest   %idle
06:20:15     all    2.15    0.00    5.56    0.38    0.00    1.90    0.00   75.09   14.92
06:20:15       0    0.00    0.00    1.01    0.00    0.00    2.02    0.00   96.97    0.00
06:20:15       1    5.21    0.00    7.29    0.00    0.00    5.21    0.00   55.21   27.08
06:20:15       2    0.00    0.00    2.00    0.00    0.00    0.00    0.00   97.00    1.00
06:20:15       3    0.00    0.00    0.00    0.00    0.00    1.00    0.00   99.00    0.00
06:20:15       4    5.00    0.00   10.00    2.00    0.00    5.00    0.00   58.00   20.00
06:20:15       5    1.01    0.00    7.07    0.00    0.00    1.01    0.00   61.62   29.29
06:20:15       6    4.12    0.00    4.12    0.00    0.00    0.00    0.00   78.35   13.40
06:20:15       7    4.00    0.00   12.00    1.00    0.00    1.00    0.00   53.00   29.00

06:20:15     CPU    %usr   %nice    %sys %iowait    %irq   %soft  %steal  %guest   %idle
06:20:16     all    1.91    0.00    5.34    3.43    0.00    2.29    0.00   72.81   14.23
06:20:16       0    0.98    0.00    0.98    0.00    0.00    3.92    0.00   93.14    0.98
06:20:16       1    4.08    0.00    8.16    5.10    0.00    6.12    0.00   53.06   23.47
06:20:16       2    4.08    0.00   11.22   12.24    0.00    3.06    0.00   37.76   31.63
06:20:16       3    4.08    0.00    8.16    2.04    0.00    1.02    0.00   67.35   17.35
06:20:16       4    1.01    0.00    0.00    0.00    0.00    5.05    0.00   93.94    0.00
06:20:16       5    0.99    0.00    3.96    2.97    0.00    0.00    0.00   77.23   14.85
06:20:16       6    0.00    0.00    1.00    0.00    0.00    0.00    0.00   99.00    0.00
06:20:16       7    3.12    0.00    9.38    6.25    0.00    0.00    0.00   53.12   28.12

06:20:16     CPU    %usr   %nice    %sys %iowait    %irq   %soft  %steal  %guest   %idle
06:20:17     all    1.62    0.00    4.88    0.50    0.00    2.00    0.00   75.25   15.75
06:20:17       0    0.00    0.00    0.00    0.00    0.00    4.04    0.00   95.96    0.00
06:20:17       1    2.91    0.00    9.71    0.97    0.00    3.88    0.00   55.34   27.18
06:20:17       2    1.02    0.00    2.04    2.04    0.00    2.04    0.00   70.41   22.45
06:20:17       3    2.04    0.00    9.18    1.02    0.00    1.02    0.00   59.18   27.55
06:20:17       4    0.00    0.00    4.04    0.00    0.00    4.04    0.00   81.82   10.10
06:20:17       5    2.00    0.00    3.00    0.00    0.00    0.00    0.00   88.00    7.00
06:20:17       6    0.00    0.00    0.00    0.00    0.00    0.00    0.00  100.00    0.00
06:20:17       7    2.97    0.00    9.90    0.00    0.00    0.99    0.00   54.46   31.68

06:20:17     CPU    %usr   %nice    %sys %iowait    %irq   %soft  %steal  %guest   %idle
06:20:18     all    2.04    0.00    5.98    0.25    0.00    2.16    0.00   72.26   17.30
06:20:18       0    1.00    0.00    5.00    0.00    0.00    8.00    0.00   86.00    0.00
06:20:18       1    2.08    0.00    5.21    0.00    0.00    4.17    0.00   63.54   25.00
06:20:18       2    0.00    0.00    0.00    0.00    0.00    0.00    0.00  100.00    0.00
06:20:18       3    3.16    0.00   12.63    0.00    0.00    1.05    0.00   46.32   36.84
06:20:18       4    4.04    0.00    6.06    0.00    0.00    2.02    0.00   72.73   15.15
06:20:18       5    2.06    0.00    9.28    1.03    0.00    0.00    0.00   57.73   29.90
06:20:18       6    1.00    0.00    2.00    1.00    0.00    0.00    0.00   93.00    3.00
06:20:18       7    2.00    0.00   10.00    0.00    0.00    1.00    0.00   57.00   30.00
