Linux 3.2.0-41-generic (loadgen163) 	02/08/2013 	_x86_64_	(8 CPU)

06:19:24     CPU    %usr   %nice    %sys %iowait    %irq   %soft  %steal  %guest   %idle
06:19:25     all    2.18    0.00    5.51    9.87    0.00    2.82    0.00   76.03    3.59
06:19:25       0    2.11    0.00    6.32    7.37    0.00   16.84    0.00   63.16    4.21
06:19:25       1    3.09    0.00    5.15   10.31    0.00    2.06    0.00   77.32    2.06
06:19:25       2    3.00    0.00    9.00   15.00    0.00    1.00    0.00   67.00    5.00
06:19:25       3    2.11    0.00    5.26   10.53    0.00    1.05    0.00   75.79    5.26
06:19:25       4    1.00    0.00    5.00    7.00    0.00    0.00    0.00   84.00    3.00
06:19:25       5    2.04    0.00    5.10   13.27    0.00    1.02    0.00   76.53    2.04
06:19:25       6    0.00    0.00    1.00    2.00    0.00    0.00    0.00   97.00    0.00
06:19:25       7    2.15    0.00    7.53   15.05    0.00    0.00    0.00   68.82    6.45

06:19:25     CPU    %usr   %nice    %sys %iowait    %irq   %soft  %steal  %guest   %idle
06:19:26     all    1.53    0.00    5.60   11.83    0.00    2.29    0.00   76.21    2.54
06:19:26       0    2.17    0.00   15.22   22.83    0.00   13.04    0.00   40.22    6.52
06:19:26       1    1.05    0.00    5.26   23.16    0.00    3.16    0.00   65.26    2.11
06:19:26       2    2.00    0.00    4.00    4.00    0.00    0.00    0.00   89.00    1.00
06:19:26       3    1.00    0.00    1.00    0.00    0.00    0.00    0.00   98.00    0.00
06:19:26       4    2.97    0.00    9.90   20.79    0.00    1.98    0.00   59.41    4.95
06:19:26       5    1.01    0.00    2.02    0.00    0.00    0.00    0.00   96.97    0.00
06:19:26       6    0.00    0.00    0.00    0.00    0.00    0.00    0.00  100.00    0.00
06:19:26       7    4.04    0.00    9.09   23.23    0.00    2.02    0.00   55.56    6.06

06:19:26     CPU    %usr   %nice    %sys %iowait    %irq   %soft  %steal  %guest   %idle
06:19:27     all    1.01    0.00    5.93    4.67    0.00    1.64    0.00   72.10   14.65
06:19:27       0    3.16    0.00   12.63    9.47    0.00   11.58    0.00   34.74   28.42
06:19:27       1    1.01    0.00    9.09   12.12    0.00    2.02    0.00   49.49   26.26
06:19:27       2    0.00    0.00    0.00    0.00    0.00    0.00    0.00  100.00    0.00
06:19:27       3    1.00    0.00    2.00    0.00    0.00    0.00    0.00   97.00    0.00
06:19:27       4    1.96    0.00   11.76    7.84    0.00    0.00    0.00   50.98   27.45
06:19:27       5    0.00    0.00    0.00    0.00    0.00    0.00    0.00  100.00    0.00
06:19:27       6    0.00    0.00    1.00    0.00    0.00    0.00    0.00   99.00    0.00
06:19:27       7    2.06    0.00   10.31    9.28    0.00    0.00    0.00   42.27   36.08

06:19:27     CPU    %usr   %nice    %sys %iowait    %irq   %soft  %steal  %guest   %idle
06:19:28     all    1.66    0.00    4.84    0.64    0.00    1.66    0.00   71.46   19.75
06:19:28       0    5.77    0.00   13.46    0.96    0.00    7.69    0.00   41.35   30.77
06:19:28       1    2.11    0.00    5.26    0.00    0.00    3.16    0.00   49.47   40.00
06:19:28       2    0.00    0.00    0.99    0.00    0.00    0.00    0.00   99.01    0.00
06:19:28       3    1.03    0.00    3.09    0.00    0.00    1.03    0.00   79.38   15.46
06:19:28       4    1.06    0.00    9.57    2.13    0.00    2.13    0.00   51.06   34.04
06:19:28       5    0.00    0.00    0.00    0.00    0.00    0.00    0.00  100.00    0.00
06:19:28       6    0.00    0.00    0.00    0.00    0.00    0.00    0.00  100.00    0.00
06:19:28       7    1.06    0.00    7.45    0.00    0.00    0.00    0.00   50.00   41.49

06:19:28     CPU    %usr   %nice    %sys %iowait    %irq   %soft  %steal  %guest   %idle
06:19:29     all    1.40    0.00    5.21    4.96    0.00    2.03    0.00   73.82   12.58
06:19:29       0    3.03    0.00    3.03    0.00    0.00    8.08    0.00   85.86    0.00
06:19:29       1    3.06    0.00   12.24    4.08    0.00    2.04    0.00   46.94   31.63
06:19:29       2    0.00    0.00    0.00    0.00    0.00    0.00    0.00  100.00    0.00
06:19:29       3    1.04    0.00   10.42   12.50    0.00    2.08    0.00   56.25   17.71
06:19:29       4    2.04    0.00    7.14   23.47    0.00    2.04    0.00   48.98   16.33
06:19:29       5    0.00    0.00    0.00    0.00    0.00    0.00    0.00  100.00    0.00
06:19:29       6    0.00    0.00    0.00    0.00    0.00    0.00    0.00  100.00    0.00
06:19:29       7    3.12    0.00    9.38    0.00    0.00    2.08    0.00   50.00   35.42

06:19:29     CPU    %usr   %nice    %sys %iowait    %irq   %soft  %steal  %guest   %idle
06:19:30     all    1.65    0.00    5.07    3.42    0.00    2.15    0.00   76.93   10.77
06:19:30       0    2.00    0.00    2.00    0.00    0.00   12.00    0.00   84.00    0.00
06:19:30       1    2.06    0.00    7.22    5.15    0.00    3.09    0.00   68.04   14.43
06:19:30       2    0.00    0.00    0.00    0.00    0.00    0.00    0.00  100.00    0.00
06:19:30       3    2.94    0.00   11.76    1.96    0.00    0.00    0.00   60.78   22.55
06:19:30       4    3.19    0.00   10.64   14.89    0.00    0.00    0.00   42.55   28.72
06:19:30       5    1.00    0.00    0.00    0.00    0.00    0.00    0.00   99.00    0.00
06:19:30       6    0.00    0.00    0.00    0.00    0.00    0.00    0.00  100.00    0.00
06:19:30       7    2.08    0.00    9.38    6.25    0.00    1.04    0.00   59.38   21.88

06:19:30     CPU    %usr   %nice    %sys %iowait    %irq   %soft  %steal  %guest   %idle
06:19:31     all    1.79    0.00    4.22   20.46    0.00    2.56    0.00   60.36   10.61
06:19:31       0    0.00    0.00    1.00    0.00    0.00   12.00    0.00   87.00    0.00
06:19:31       1   10.31    0.00    9.28   30.93    0.00    4.12    0.00   31.96   13.40
06:19:31       2    0.99    0.00    0.00    0.00    0.00    0.00    0.00   83.17   15.84
06:19:31       3    1.05    0.00    7.37    5.26    0.00    1.05    0.00   46.32   38.95
06:19:31       4    1.08    0.00    5.38   56.99    0.00    1.08    0.00   34.41    1.08
06:19:31       5    0.00    0.00    2.02   24.24    0.00    0.00    0.00   73.74    0.00
06:19:31       6    0.00    0.00    0.00    9.28    0.00    0.00    0.00   73.20   17.53
06:19:31       7    2.02    0.00    8.08   39.39    0.00    1.01    0.00   49.49    0.00

06:19:31     CPU    %usr   %nice    %sys %iowait    %irq   %soft  %steal  %guest   %idle
06:19:32     all    1.67    0.00    6.41    7.69    0.00    2.31    0.00   76.28    5.64
06:19:32       0    3.12    0.00   11.46    6.25    0.00   10.42    0.00   62.50    6.25
06:19:32       1    3.03    0.00    8.08   11.11    0.00    3.03    0.00   71.72    3.03
06:19:32       2    0.00    0.00    0.99    2.97    0.00    0.99    0.00   88.12    7.92
06:19:32       3    1.02    0.00    4.08    4.08    0.00    0.00    0.00   82.65    8.16
06:19:32       4    2.02    0.00    3.03   15.15    0.00    1.01    0.00   76.77    2.02
06:19:32       5    1.05    0.00   13.68    8.42    0.00    2.11    0.00   65.26    9.47
06:19:32       6    0.00    0.00    1.00    3.00    0.00    0.00    0.00   90.00    6.00
06:19:32       7    3.06    0.00    9.18   13.27    0.00    2.04    0.00   68.37    4.08

06:19:32     CPU    %usr   %nice    %sys %iowait    %irq   %soft  %steal  %guest   %idle
06:19:33     all    1.64    0.00    5.93   11.62    0.00    2.15    0.00   71.59    7.07
06:19:33       0    0.00    0.00    1.00    0.00    0.00   12.00    0.00   87.00    0.00
06:19:33       1    4.04    0.00   12.12   23.23    0.00    4.04    0.00   48.48    8.08
06:19:33       2    1.03    0.00    2.06    6.19    0.00    0.00    0.00   86.60    4.12
06:19:33       3    0.00    0.00    3.96    1.98    0.00    0.99    0.00   86.14    6.93
06:19:33       4    2.02    0.00    8.08   23.23    0.00    0.00    0.00   57.58    9.09
06:19:33       5    2.08    0.00   11.46   21.88    0.00    0.00    0.00   52.08   12.50
06:19:33       6    1.00    0.00    1.00    1.00    0.00    0.00    0.00   95.00    2.00
06:19:33       7    1.03    0.00    9.28   15.46    0.00    1.03    0.00   60.82   12.37

06:19:33     CPU    %usr   %nice    %sys %iowait    %irq   %soft  %steal  %guest   %idle
06:19:34     all    1.41    0.00    6.14   12.79    0.00    2.05    0.00   66.11   11.51
06:19:34       0    3.03    0.00   10.10    9.09    0.00    9.09    0.00   51.52   17.17
06:19:34       1    4.26    0.00   10.64   31.91    0.00    3.19    0.00   42.55    7.45
06:19:34       2    1.00    0.00    1.00    0.00    0.00    0.00    0.00   91.00    7.00
06:19:34       3    2.17    0.00   10.87   18.48    0.00    0.00    0.00   47.83   20.65
06:19:34       4    1.00    0.00    2.00    5.00    0.00    1.00    0.00   90.00    1.00
06:19:34       5    1.01    0.00    7.07   17.17    0.00    2.02    0.00   59.60   13.13
06:19:34       6    1.05    0.00    4.21   12.63    0.00    1.05    0.00   63.16   17.89
06:19:34       7    0.99    0.00    2.97    7.92    0.00    0.00    0.00   79.21    8.91

06:19:34     CPU    %usr   %nice    %sys %iowait    %irq   %soft  %steal  %guest   %idle
06:19:35     all    1.52    0.00    7.49   15.23    0.00    1.52    0.00   63.07   11.17
06:19:35       0    7.29    0.00   16.67   43.75    0.00    8.33    0.00   19.79    4.17
06:19:35       1    1.05    0.00   12.63   26.32    0.00    2.11    0.00   45.26   12.63
06:19:35       2    0.00    0.00    0.99    6.93    0.00    0.00    0.00   86.14    5.94
06:19:35       3    0.99    0.00    9.90   10.89    0.00    0.00    0.00   59.41   18.81
06:19:35       4    0.00    0.00    2.02    1.01    0.00    0.00    0.00   86.87   10.10
06:19:35       5    0.00    0.00    5.00    1.00    0.00    0.00    0.00   72.00   22.00
06:19:35       6    1.01    0.00    8.08   26.26    0.00    0.00    0.00   59.60    5.05
06:19:35       7    1.00    0.00    5.00    9.00    0.00    1.00    0.00   73.00   11.00

06:19:35     CPU    %usr   %nice    %sys %iowait    %irq   %soft  %steal  %guest   %idle
06:19:36     all    1.66    0.00    6.51   19.03    0.00    2.04    0.00   49.30   21.46
06:19:36       0    5.26    0.00   13.68   45.26    0.00   10.53    0.00   24.21    1.05
06:19:36       1    2.00    0.00   10.00   59.00    0.00    4.00    0.00   25.00    0.00
06:19:36       2    2.00    0.00    7.00    2.00    0.00    0.00    0.00   55.00   34.00
06:19:36       3    1.02    0.00    4.08    4.08    0.00    0.00    0.00   34.69   56.12
06:19:36       4    2.04    0.00    7.14    2.04    0.00    2.04    0.00   54.08   32.65
06:19:36       5    0.99    0.00    0.99    0.00    0.00    0.00    0.00   98.02    0.00
06:19:36       6    2.11    0.00    5.26   36.84    0.00    0.00    0.00   53.68    2.11
06:19:36       7    0.00    0.00    5.32    4.26    0.00    0.00    0.00   45.74   44.68

06:19:36     CPU    %usr   %nice    %sys %iowait    %irq   %soft  %steal  %guest   %idle
06:19:37     all    1.53    0.00   11.49   14.69    0.00    2.55    0.00   62.20    7.54
06:19:37       0    5.21    0.00   18.75    6.25    0.00   12.50    0.00   43.75   13.54
06:19:37       1    2.97    0.00    9.90   39.60    0.00    4.95    0.00   42.57    0.00
06:19:37       2    1.01    0.00   14.14    7.07    0.00    2.02    0.00   58.59   17.17
06:19:37       3    0.00    0.00   12.87    9.90    0.00    0.00    0.00   76.24    0.99
06:19:37       4    2.11    0.00    6.32   12.63    0.00    0.00    0.00   72.63    6.32
06:19:37       5    0.00    0.00    9.47   28.42    0.00    0.00    0.00   52.63    9.47
06:19:37       6    0.00    0.00   14.74   10.53    0.00    0.00    0.00   67.37    8.42
06:19:37       7    0.00    0.00    3.96    3.96    0.00    0.00    0.00   85.15    6.93

06:19:37     CPU    %usr   %nice    %sys %iowait    %irq   %soft  %steal  %guest   %idle
06:19:38     all    1.27    0.00    6.10    9.53    0.00    2.54    0.00   73.19    7.37
06:19:38       0    3.16    0.00   10.53   16.84    0.00   13.68    0.00   52.63    3.16
06:19:38       1    0.00    0.00    6.19    7.22    0.00    2.06    0.00   83.51    1.03
06:19:38       2    0.00    0.00    2.04    2.04    0.00    1.02    0.00   85.71    9.18
06:19:38       3    0.99    0.00    6.93   13.86    0.00    0.99    0.00   75.25    1.98
06:19:38       4    2.02    0.00    8.08   10.10    0.00    3.03    0.00   68.69    8.08
06:19:38       5    2.00    0.00    6.00   21.00    0.00    1.00    0.00   68.00    2.00
06:19:38       6    2.02    0.00    8.08    1.01    0.00    0.00    0.00   72.73   16.16
06:19:38       7    0.00    0.00    3.06    2.04    0.00    0.00    0.00   79.59   15.31

06:19:38     CPU    %usr   %nice    %sys %iowait    %irq   %soft  %steal  %guest   %idle
06:19:39     all    1.01    0.00    5.40   10.43    0.00    1.76    0.00   73.37    8.04
06:19:39       0    2.06    0.00    7.22   20.62    0.00   10.31    0.00   52.58    7.22
06:19:39       1    1.96    0.00    8.82   16.67    0.00    2.94    0.00   57.84   11.76
06:19:39       2    0.00    0.00    4.00    5.00    0.00    0.00    0.00   82.00    9.00
06:19:39       3    0.00    0.00    3.92   17.65    0.00    0.00    0.00   77.45    0.98
06:19:39       4    0.99    0.00    5.94    5.94    0.00    0.99    0.00   75.25   10.89
06:19:39       5    0.00    0.00    2.06    1.03    0.00    0.00    0.00   87.63    9.28
06:19:39       6    1.98    0.00    4.95    7.92    0.00    0.99    0.00   84.16    0.00
06:19:39       7    1.02    0.00    6.12    8.16    0.00    0.00    0.00   68.37   16.33

06:19:39     CPU    %usr   %nice    %sys %iowait    %irq   %soft  %steal  %guest   %idle
06:19:40     all    2.06    0.00    5.79   15.70    0.00    1.42    0.00   68.08    6.95
06:19:40       0    4.17    0.00    6.25   16.67    0.00    8.33    0.00   59.38    5.21
06:19:40       1    3.00    0.00   13.00   34.00    0.00    2.00    0.00   48.00    0.00
06:19:40       2    0.00    0.00    1.02    1.02    0.00    0.00    0.00   85.71   12.24
06:19:40       3    1.08    0.00    8.60   31.18    0.00    0.00    0.00   56.99    2.15
06:19:40       4    0.99    0.00    2.97    9.90    0.00    0.99    0.00   81.19    3.96
06:19:40       5    4.12    0.00    5.15    8.25    0.00    0.00    0.00   73.20    9.28
06:19:40       6    0.00    0.00    4.17   27.08    0.00    0.00    0.00   67.71    1.04
06:19:40       7    2.04    0.00    5.10    0.00    0.00    0.00    0.00   72.45   20.41

06:19:40     CPU    %usr   %nice    %sys %iowait    %irq   %soft  %steal  %guest   %idle
06:19:41     all    1.00    0.00    6.52    1.38    0.00    1.63    0.00   87.83    1.63
06:19:41       0    2.02    0.00    7.07    0.00    0.00    9.09    0.00   76.77    5.05
06:19:41       1    1.02    0.00    8.16    1.02    0.00    1.02    0.00   88.78    0.00
06:19:41       2    0.00    0.00    2.00    0.00    0.00    0.00    0.00   96.00    2.00
06:19:41       3    1.01    0.00    7.07    1.01    0.00    0.00    0.00   89.90    1.01
06:19:41       4    2.04    0.00    3.06    5.10    0.00    2.04    0.00   86.73    1.02
06:19:41       5    1.02    0.00   14.29    0.00    0.00    1.02    0.00   81.63    2.04
06:19:41       6    1.00    0.00    8.00    1.00    0.00    0.00    0.00   90.00    0.00
06:19:41       7    0.99    0.00    2.97    0.99    0.00    0.00    0.00   94.06    0.99

06:19:41     CPU    %usr   %nice    %sys %iowait    %irq   %soft  %steal  %guest   %idle
06:19:42     all    1.26    0.00    5.54    2.39    0.00    1.39    0.00   87.15    2.27
06:19:42       0    2.00    0.00    6.00    4.00    0.00    8.00    0.00   77.00    3.00
06:19:42       1    3.03    0.00   11.11    7.07    0.00    1.01    0.00   73.74    4.04
06:19:42       2    0.00    0.00    0.00    0.00    0.00    0.00    0.00  100.00    0.00
06:19:42       3    1.02    0.00    2.04    3.06    0.00    0.00    0.00   91.84    2.04
06:19:42       4    0.00    0.00    5.88    2.94    0.00    0.00    0.00   87.25    3.92
06:19:42       5    1.00    0.00    5.00    1.00    0.00    0.00    0.00   91.00    2.00
06:19:42       6    1.03    0.00    8.25    3.09    0.00    0.00    0.00   84.54    3.09
06:19:42       7    0.00    0.00    5.00    0.00    0.00    2.00    0.00   91.00    2.00

06:19:42     CPU    %usr   %nice    %sys %iowait    %irq   %soft  %steal  %guest   %idle
06:19:43     all    0.51    0.00    4.67    0.51    0.00    1.14    0.00   90.28    2.90
06:19:43       0    1.00    0.00    1.00    0.00    0.00    5.00    0.00   93.00    0.00
06:19:43       1    1.02    0.00    9.18    1.02    0.00    2.04    0.00   81.63    5.10
06:19:43       2    0.00    0.00    5.10    1.02    0.00    1.02    0.00   87.76    5.10
06:19:43       3    0.00    0.00    1.00    0.00    0.00    0.00    0.00  100.00    0.00
06:19:43       4    2.06    0.00    9.28    0.00    0.00    0.00    0.00   82.47    6.19
06:19:43       5    0.00    0.00    2.02    0.00    0.00    0.00    0.00   97.98    0.00
06:19:43       6    0.00    0.00    7.22    1.03    0.00    1.03    0.00   85.57    5.15
06:19:43       7    2.02    0.00    3.03    0.00    0.00    0.00    0.00   94.95    0.00

06:19:43     CPU    %usr   %nice    %sys %iowait    %irq   %soft  %steal  %guest   %idle
06:19:44     all    0.89    0.00    4.46    0.25    0.00    1.02    0.00   84.97    8.41
06:19:44       0    0.00    0.00    1.00    0.00    0.00    4.00    0.00   94.00    1.00
06:19:44       1    0.00    0.00    8.00    0.00    0.00    2.00    0.00   82.00    8.00
06:19:44       2    0.99    0.00    0.00    0.99    0.00    0.00    0.00   97.03    0.99
06:19:44       3    0.00    0.00    1.00    0.00    0.00    0.00    0.00   99.00    0.00
06:19:44       4    1.03    0.00    6.19    0.00    0.00    0.00    0.00   76.29   16.49
06:19:44       5    2.06    0.00   12.37    1.03    0.00    2.06    0.00   60.82   21.65
06:19:44       6    2.13    0.00    5.32    0.00    0.00    0.00    0.00   71.28   21.28
06:19:44       7    0.00    0.00    2.97    0.99    0.00    0.99    0.00   95.05    0.00

06:19:44     CPU    %usr   %nice    %sys %iowait    %irq   %soft  %steal  %guest   %idle
06:19:45     all    0.88    0.00    7.16    0.00    0.00    1.01    0.00   89.57    1.38
06:19:45       0    3.06    0.00   16.33    0.00    0.00    5.10    0.00   71.43    4.08
06:19:45       1    1.00    0.00   10.00    0.00    0.00    2.00    0.00   85.00    2.00
06:19:45       2    1.00    0.00    2.00    0.00    0.00    0.00    0.00   97.00    0.00
06:19:45       3    1.02    0.00   11.22    0.00    0.00    0.00    0.00   83.67    4.08
06:19:45       4    0.00    0.00    2.02    0.00    0.00    0.00    0.00   97.98    0.00
06:19:45       5    1.01    0.00   10.10    0.00    0.00    0.00    0.00   87.88    1.01
06:19:45       6    0.00    0.00    0.00    0.00    0.00    0.00    0.00  100.00    0.00
06:19:45       7    2.00    0.00    4.00    0.00    0.00    0.00    0.00   94.00    0.00

06:19:45     CPU    %usr   %nice    %sys %iowait    %irq   %soft  %steal  %guest   %idle
06:19:46     all    0.63    0.00    4.29    0.13    0.00    1.13    0.00   92.31    1.51
06:19:46       0    1.01    0.00    7.07    0.00    0.00    7.07    0.00   81.82    3.03
06:19:46       1    0.00    0.00    6.12    0.00    0.00    2.04    0.00   90.82    1.02
06:19:46       2    0.00    0.00    7.14    0.00    0.00    0.00    0.00   90.82    2.04
06:19:46       3    1.98    0.00    7.92    0.00    0.00    0.00    0.00   89.11    0.99
06:19:46       4    1.00    0.00    0.00    0.00    0.00    0.00    0.00   99.00    0.00
06:19:46       5    2.06    0.00    5.15    0.00    0.00    1.03    0.00   86.60    5.15
06:19:46       6    0.00    0.00    1.00    0.00    0.00    0.00    0.00   99.00    0.00
06:19:46       7    0.00    0.00    0.99    0.00    0.00    0.00    0.00   98.02    0.99

06:19:46     CPU    %usr   %nice    %sys %iowait    %irq   %soft  %steal  %guest   %idle
06:19:47     all    0.50    0.00    4.52    0.00    0.00    1.13    0.00   92.71    1.13
06:19:47       0    2.02    0.00    9.09    0.00    0.00    6.06    0.00   80.81    2.02
06:19:47       1    0.99    0.00    8.91    0.00    0.00    0.99    0.00   86.14    2.97
06:19:47       2    0.00    0.00    5.05    0.00    0.00    0.00    0.00   92.93    2.02
06:19:47       3    0.00    0.00    6.06    0.00    0.00    0.00    0.00   92.93    1.01
06:19:47       4    0.00    0.00    0.00    0.00    0.00    0.00    0.00  100.00    0.00
06:19:47       5    1.01    0.00    6.06    0.00    0.00    1.01    0.00   90.91    1.01
06:19:47       6    0.00    0.00    0.00    0.00    0.00    0.00    0.00  100.00    0.00
06:19:47       7    0.00    0.00    1.01    0.00    0.00    0.00    0.00  100.00    0.00

06:19:47     CPU    %usr   %nice    %sys %iowait    %irq   %soft  %steal  %guest   %idle
06:19:48     all    0.62    0.00    4.87    0.00    0.00    0.62    0.00   93.63    0.25
06:19:48       0    0.00    0.00    5.05    0.00    0.00    3.03    0.00   91.92    0.00
06:19:48       1    1.01    0.00    8.08    0.00    0.00    0.00    0.00   90.91    0.00
06:19:48       2    0.00    0.00    2.00    0.00    0.00    0.00    0.00   98.00    0.00
06:19:48       3    0.00    0.00    5.05    0.00    0.00    0.00    0.00   95.96    0.00
06:19:48       4    0.00    0.00    1.98    0.00    0.00    0.99    0.00   97.03    0.00
06:19:48       5    0.00    0.00    6.06    0.00    0.00    0.00    0.00   93.94    0.00
06:19:48       6    1.98    0.00    2.97    0.00    0.00    0.00    0.00   94.06    0.99
06:19:48       7    3.00    0.00    8.00    0.00    0.00    0.00    0.00   89.00    0.00

06:19:48     CPU    %usr   %nice    %sys %iowait    %irq   %soft  %steal  %guest   %idle
06:19:49     all    0.88    0.00    4.27    0.13    0.00    0.88    0.00   93.85    0.00
06:19:49       0    1.01    0.00    1.01    0.00    0.00    4.04    0.00   93.94    0.00
06:19:49       1    1.00    0.00    7.00    0.00    0.00    1.00    0.00   91.00    0.00
06:19:49       2    0.00    0.00    3.00    0.00    0.00    0.00    0.00   97.00    0.00
06:19:49       3    2.00    0.00    1.00    0.00    0.00    0.00    0.00   97.00    0.00
06:19:49       4    1.00    0.00    2.00    1.00    0.00    0.00    0.00   96.00    0.00
06:19:49       5    3.03    0.00   10.10    0.00    0.00    2.02    0.00   83.84    1.01
06:19:49       6    0.00    0.00    7.00    0.00    0.00    1.00    0.00   93.00    0.00
06:19:49       7    0.00    0.00    2.00    0.00    0.00    0.00    0.00   98.00    0.00

06:19:49     CPU    %usr   %nice    %sys %iowait    %irq   %soft  %steal  %guest   %idle
06:19:50     all    1.13    0.00    6.28    0.00    0.00    0.88    0.00   90.45    1.26
06:19:50       0    2.97    0.00    6.93    0.99    0.00    4.95    0.00   84.16    0.00
06:19:50       1    2.00    0.00    4.00    0.00    0.00    1.00    0.00   93.00    0.00
06:19:50       2    0.00    0.00    8.08    0.00    0.00    1.01    0.00   86.87    4.04
06:19:50       3    0.00    0.00    3.00    0.00    0.00    0.00    0.00   97.00    0.00
06:19:50       4    1.01    0.00   16.16    0.00    0.00    0.00    0.00   82.83    0.00
06:19:50       5    1.00    0.00    4.00    0.00    0.00    0.00    0.00   91.00    4.00
06:19:50       6    1.02    0.00    6.12    0.00    0.00    0.00    0.00   92.86    0.00
06:19:50       7    0.00    0.00    4.04    0.00    0.00    0.00    0.00   96.97    0.00

06:19:50     CPU    %usr   %nice    %sys %iowait    %irq   %soft  %steal  %guest   %idle
06:19:51     all    0.50    0.00    5.04    0.50    0.00    1.39    0.00   89.29    3.27
06:19:51       0    0.00    0.00    4.04    0.00    0.00    7.07    0.00   88.89    0.00
06:19:51       1    1.02    0.00    6.12    0.00    0.00    2.04    0.00   84.69    6.12
06:19:51       2    1.01    0.00    3.03    0.00    0.00    0.00    0.00   91.92    4.04
06:19:51       3    1.01    0.00    5.05    0.00    0.00    0.00    0.00   87.88    6.06
06:19:51       4    0.00    0.00    3.96    0.00    0.00    0.00    0.00   95.05    0.99
06:19:51       5    0.00    0.00    2.04    0.00    0.00    0.00    0.00   95.92    2.04
06:19:51       6    1.00    0.00    2.00    3.00    0.00    0.00    0.00   93.00    1.00
06:19:51       7    0.99    0.00   13.86    0.00    0.00    0.99    0.00   76.24    7.92

06:19:51     CPU    %usr   %nice    %sys %iowait    %irq   %soft  %steal  %guest   %idle
06:19:52     all    1.39    0.00    4.79   11.60    0.00    1.64    0.00   59.02   21.56
06:19:52       0    4.08    0.00   10.20   23.47    0.00    9.18    0.00   52.04    1.02
06:19:52       1    3.03    0.00    3.03    0.00    0.00    2.02    0.00   58.59   33.33
06:19:52       2    1.01    0.00    7.07    0.00    0.00    1.01    0.00   45.45   45.45
06:19:52       3    0.00    0.00    6.19   39.18    0.00    1.03    0.00   53.61    0.00
06:19:52       4    1.01    0.00    2.02    0.00    0.00    0.00    0.00   71.72   25.25
06:19:52       5    2.94    0.00    4.90    0.00    0.00    0.00    0.00   56.86   35.29
06:19:52       6    0.00    0.00    2.02   30.30    0.00    0.00    0.00   67.68    0.00
06:19:52       7    0.00    0.00    2.02    0.00    0.00    0.00    0.00   66.67   31.31

06:19:52     CPU    %usr   %nice    %sys %iowait    %irq   %soft  %steal  %guest   %idle
06:19:53     all    1.52    0.00    6.46    5.58    0.00    2.41    0.00   76.30    7.73
06:19:53       0    3.06    0.00    8.16    9.18    0.00   13.27    0.00   61.22    5.10
06:19:53       1    1.03    0.00    7.22    6.19    0.00    2.06    0.00   76.29    7.22
06:19:53       2    1.02    0.00    2.04    0.00    0.00    1.02    0.00   86.73    9.18
06:19:53       3    1.02    0.00    3.06    8.16    0.00    0.00    0.00   82.65    5.10
06:19:53       4    0.99    0.00    3.96    9.90    0.00    0.99    0.00   82.18    1.98
06:19:53       5    2.06    0.00   11.34    6.19    0.00    0.00    0.00   70.10   10.31
06:19:53       6    1.02    0.00    8.16    1.02    0.00    2.04    0.00   80.61    7.14
06:19:53       7    2.02    0.00    8.08    4.04    0.00    0.00    0.00   72.73   13.13

06:19:53     CPU    %usr   %nice    %sys %iowait    %irq   %soft  %steal  %guest   %idle
06:19:54     all    0.76    0.00    7.22    3.30    0.00    1.27    0.00   80.61    6.84
06:19:54       0    1.02    0.00   11.22    7.14    0.00    8.16    0.00   68.37    4.08
06:19:54       1    0.00    0.00    4.90    1.96    0.00    0.98    0.00   92.16    0.00
06:19:54       2    1.01    0.00   15.15    8.08    0.00    1.01    0.00   61.62   13.13
06:19:54       3    0.00    0.00    6.12    1.02    0.00    0.00    0.00   85.71    7.14
06:19:54       4    0.00    0.00    1.01    1.01    0.00    0.00    0.00   96.97    1.01
06:19:54       5    0.00    0.00    8.00    3.00    0.00    0.00    0.00   74.00   15.00
06:19:54       6    1.02    0.00    0.00    1.02    0.00    0.00    0.00   92.86    5.10
06:19:54       7    2.04    0.00   11.22    4.08    0.00    0.00    0.00   71.43   11.22

06:19:54     CPU    %usr   %nice    %sys %iowait    %irq   %soft  %steal  %guest   %idle
06:19:55     all    1.16    0.00    5.41    5.67    0.00    1.29    0.00   83.51    2.96
06:19:55       0    1.02    0.00    3.06    4.08    0.00    7.14    0.00   84.69    0.00
06:19:55       1    2.02    0.00    5.05    5.05    0.00    1.01    0.00   86.87    0.00
06:19:55       2    2.02    0.00    3.03    7.07    0.00    1.01    0.00   83.84    3.03
06:19:55       3    1.05    0.00    7.37    3.16    0.00    1.05    0.00   75.79   11.58
06:19:55       4    1.04    0.00    8.33   14.58    0.00    0.00    0.00   76.04    0.00
06:19:55       5    1.05    0.00    6.32    3.16    0.00    0.00    0.00   84.21    5.26
06:19:55       6    1.03    0.00    9.28    8.25    0.00    0.00    0.00   78.35    3.09
06:19:55       7    0.00    0.00    1.02    0.00    0.00    1.02    0.00   95.92    3.06

06:19:55     CPU    %usr   %nice    %sys %iowait    %irq   %soft  %steal  %guest   %idle
06:19:56     all    1.39    0.00    4.28    4.28    0.00    1.01    0.00   85.26    3.78
06:19:56       0    2.02    0.00    6.06    6.06    0.00    5.05    0.00   76.77    4.04
06:19:56       1    0.00    0.00    2.00    1.00    0.00    1.00    0.00   97.00    0.00
06:19:56       2    0.00    0.00    0.00    0.00    0.00    0.00    0.00  100.00    0.00
06:19:56       3    0.00    0.00    1.01    4.04    0.00    0.00    0.00   91.92    3.03
06:19:56       4    3.03    0.00    7.07    9.09    0.00    1.01    0.00   71.72    8.08
06:19:56       5    2.97    0.00    7.92    6.93    0.00    0.00    0.00   77.23    4.95
06:19:56       6    3.06    0.00    8.16    7.14    0.00    0.00    0.00   72.45    9.18
06:19:56       7    2.02    0.00    2.02    1.01    0.00    0.00    0.00   94.95    0.00

06:19:56     CPU    %usr   %nice    %sys %iowait    %irq   %soft  %steal  %guest   %idle
06:19:57     all    1.52    0.00    4.06    6.85    0.00    1.14    0.00   82.99    3.43
06:19:57       0    2.02    0.00    6.06    8.08    0.00    6.06    0.00   77.78    0.00
06:19:57       1    3.03    0.00    1.01    0.00    0.00    2.02    0.00   91.92    2.02
06:19:57       2    3.03    0.00    8.08    7.07    0.00    0.00    0.00   75.76    6.06
06:19:57       3    2.02    0.00    3.03    8.08    0.00    0.00    0.00   84.85    2.02
06:19:57       4    2.04    0.00    4.08   10.20    0.00    1.02    0.00   75.51    7.14
06:19:57       5    2.11    0.00    9.47   14.74    0.00    1.05    0.00   65.26    7.37
06:19:57       6    0.00    0.00    1.01    5.05    0.00    0.00    0.00   90.91    3.03
06:19:57       7    0.00    0.00    0.00    0.00    0.00    0.00    0.00  100.00    0.00

06:19:57     CPU    %usr   %nice    %sys %iowait    %irq   %soft  %steal  %guest   %idle
06:19:58     all    1.38    0.00    5.51   12.91    0.00    1.63    0.00   64.04   14.54
06:19:58       0    0.00    0.00    0.00    0.00    0.00    8.08    0.00   92.93    0.00
06:19:58       1    3.09    0.00   11.34   23.71    0.00    4.12    0.00   23.71   34.02
06:19:58       2    1.03    0.00    9.28   36.08    0.00    0.00    0.00   30.93   22.68
06:19:58       3    0.00    0.00    0.00    0.00    0.00    0.00    0.00  100.00    0.00
06:19:58       4    0.96    0.00    9.62   20.19    0.00    0.00    0.00   53.85   15.38
06:19:58       5    3.03    0.00   11.11   12.12    0.00    0.00    0.00   32.32   41.41
06:19:58       6    1.98    0.00    2.97   11.88    0.00    0.99    0.00   78.22    3.96
06:19:58       7    0.00    0.00    0.00    0.00    0.00    0.00    0.00  100.00    0.00

06:19:58     CPU    %usr   %nice    %sys %iowait    %irq   %soft  %steal  %guest   %idle
06:19:59     all    1.24    0.00    6.22    3.73    0.00    2.24    0.00   71.89   14.68
06:19:59       0    1.00    0.00    3.00    0.00    0.00    9.00    0.00   87.00    0.00
06:19:59       1    5.05    0.00   16.16    7.07    0.00    6.06    0.00   35.35   30.30
06:19:59       2    2.00    0.00    4.00   11.00    0.00    1.00    0.00   52.00   30.00
06:19:59       3    1.00    0.00    0.00    0.00    0.00    0.00    0.00   99.00    0.00
06:19:59       4    0.98    0.00   10.78    4.90    0.00    0.98    0.00   52.94   29.41
06:19:59       5    1.96    0.00   13.73    5.88    0.00    0.98    0.00   50.00   27.45
06:19:59       6    1.00    0.00    0.00    0.00    0.00    0.00    0.00   99.00    0.00
06:19:59       7    0.00    0.00    0.99    0.00    0.00    0.00    0.00   99.01    0.00

06:19:59     CPU    %usr   %nice    %sys %iowait    %irq   %soft  %steal  %guest   %idle
06:20:00     all    1.15    0.00    4.58    0.13    0.00    2.42    0.00   69.85   21.88
06:20:00       0    0.00    0.00    1.00    0.00    0.00   13.00    0.00   86.00    0.00
06:20:00       1    5.88    0.00   13.73    0.98    0.00    3.92    0.00   24.51   50.98
06:20:00       2    0.00    0.00    7.45    1.06    0.00    1.06    0.00   47.87   42.55
06:20:00       3    0.00    0.00    0.00    0.00    0.00    0.00    0.00  100.00    0.00
06:20:00       4    2.08    0.00    7.29    0.00    0.00    0.00    0.00   52.08   38.54
06:20:00       5    1.03    0.00    8.25    1.03    0.00    1.03    0.00   44.33   44.33
06:20:00       6    0.00    0.00    0.00    0.00    0.00    0.00    0.00  100.00    0.00
06:20:00       7    1.00    0.00    0.00    0.00    0.00    0.00    0.00   99.00    0.00

06:20:00     CPU    %usr   %nice    %sys %iowait    %irq   %soft  %steal  %guest   %idle
06:20:01     all    1.52    0.00    4.56    0.76    0.00    1.39    0.00   71.86   19.90
06:20:01       0    0.00    0.00    1.00    0.00    0.00    7.00    0.00   92.00    0.00
06:20:01       1    6.32    0.00   14.74    3.16    0.00    4.21    0.00   26.32   45.26
06:20:01       2    2.04    0.00    9.18    1.02    0.00    0.00    0.00   51.02   36.73
06:20:01       3    0.00    0.00    0.00    0.00    0.00    0.00    0.00  101.00    0.00
06:20:01       4    1.00    0.00    4.00    1.00    0.00    1.00    0.00   56.00   37.00
06:20:01       5    3.16    0.00    5.26    0.00    0.00    0.00    0.00   63.16   28.42
06:20:01       6    0.00    0.00    3.96    0.00    0.00    0.00    0.00   83.17   12.87
06:20:01       7    0.00    0.00    0.00    0.00    0.00    0.00    0.00  100.00    0.00

06:20:01     CPU    %usr   %nice    %sys %iowait    %irq   %soft  %steal  %guest   %idle
06:20:02     all    1.39    0.00    4.44    0.89    0.00    2.15    0.00   73.26   17.87
06:20:02       0    0.99    0.00    0.00    0.00    0.00    8.91    0.00   90.10    0.00
06:20:02       1    0.00    0.00    0.00    0.00    0.00    2.00    0.00   97.00    1.00
06:20:02       2    1.03    0.00    7.22    1.03    0.00    0.00    0.00   56.70   34.02
06:20:02       3    0.00    0.00    1.01    0.00    0.00    0.00    0.00   97.98    1.01
06:20:02       4    1.08    0.00    8.60    1.08    0.00    1.08    0.00   52.69   35.48
06:20:02       5    0.99    0.00   10.89    2.97    0.00    0.99    0.00   43.56   40.59
06:20:02       6    5.21    0.00    7.29    2.08    0.00    2.08    0.00   47.92   35.42
06:20:02       7    0.00    0.00    0.00    0.00    0.00    0.00    0.00  100.00    0.00

06:20:02     CPU    %usr   %nice    %sys %iowait    %irq   %soft  %steal  %guest   %idle
06:20:03     all    1.65    0.00    5.08    8.63    0.00    3.17    0.00   69.16   12.31
06:20:03       0    2.04    0.00    5.10    5.10    0.00   17.35    0.00   60.20   10.20
06:20:03       1    1.02    0.00    3.06    4.08    0.00    2.04    0.00   87.76    2.04
06:20:03       2    2.00    0.00    6.00    6.00    0.00    1.00    0.00   64.00   21.00
06:20:03       3    1.02    0.00    1.02    2.04    0.00    0.00    0.00   92.86    3.06
06:20:03       4    2.02    0.00    9.09    9.09    0.00    2.02    0.00   56.57   21.21
06:20:03       5    2.02    0.00    6.06   24.24    0.00    1.01    0.00   54.55   12.12
06:20:03       6    2.00    0.00    8.00   12.00    0.00    4.00    0.00   57.00   17.00
06:20:03       7    0.00    0.00    3.06    8.16    0.00    0.00    0.00   79.59    9.18

06:20:03     CPU    %usr   %nice    %sys %iowait    %irq   %soft  %steal  %guest   %idle
06:20:04     all    1.81    0.00    6.45   19.48    0.00    2.19    0.00   62.71    7.35
06:20:04       0    6.52    0.00    9.78   21.74    0.00   13.04    0.00   40.22    8.70
06:20:04       1    1.01    0.00    4.04   12.12    0.00    1.01    0.00   78.79    3.03
06:20:04       2    2.00    0.00    4.00    5.00    0.00    0.00    0.00   78.00   11.00
06:20:04       3    1.03    0.00    9.28   28.87    0.00    1.03    0.00   53.61    6.19
06:20:04       4    1.02    0.00    4.08   14.29    0.00    0.00    0.00   73.47    7.14
06:20:04       5    1.02    0.00    9.18   31.63    0.00    1.02    0.00   47.96    9.18
06:20:04       6    2.06    0.00    3.09    9.28    0.00    1.03    0.00   79.38    5.15
06:20:04       7    0.00    0.00    7.53   34.41    0.00    0.00    0.00   49.46    8.60

06:20:04     CPU    %usr   %nice    %sys %iowait    %irq   %soft  %steal  %guest   %idle
06:20:05     all    1.67    0.00    7.58   13.11    0.00    2.96    0.00   66.58    8.10
06:20:05       0    1.03    0.00    7.22   13.40    0.00   14.43    0.00   62.89    1.03
06:20:05       1    3.19    0.00   10.64    7.45    0.00    3.19    0.00   55.32   20.21
06:20:05       2    3.03    0.00    5.05   11.11    0.00    1.01    0.00   71.72    8.08
06:20:05       3    3.16    0.00    8.42   25.26    0.00    1.05    0.00   54.74    7.37
06:20:05       4    0.00    0.00    6.06   10.10    0.00    1.01    0.00   76.77    6.06
06:20:05       5    0.00    0.00    5.15    7.22    0.00    1.03    0.00   78.35    8.25
06:20:05       6    2.04    0.00    9.18   12.24    0.00    1.02    0.00   67.35    8.16
06:20:05       7    3.00    0.00   10.00   18.00    0.00    1.00    0.00   63.00    5.00

06:20:05     CPU    %usr   %nice    %sys %iowait    %irq   %soft  %steal  %guest   %idle
06:20:06     all    1.41    0.00    5.14   10.93    0.00    2.19    0.00   69.41   10.93
06:20:06       0    4.30    0.00    6.45   16.13    0.00    9.68    0.00   48.39   15.05
06:20:06       1    3.06    0.00    7.14    4.08    0.00    4.08    0.00   61.22   20.41
06:20:06       2    0.00    0.00    1.04   19.79    0.00    0.00    0.00   79.17    0.00
06:20:06       3    2.04    0.00    7.14   20.41    0.00    3.06    0.00   58.16    9.18
06:20:06       4    1.01    0.00    1.01    3.03    0.00    0.00    0.00   89.90    5.05
06:20:06       5    1.03    0.00    6.19    1.03    0.00    1.03    0.00   67.01   23.71
06:20:06       6    0.00    0.00    4.12   12.37    0.00    0.00    0.00   71.13   12.37
06:20:06       7    0.00    0.00    6.06   11.11    0.00    0.00    0.00   78.79    4.04

06:20:06     CPU    %usr   %nice    %sys %iowait    %irq   %soft  %steal  %guest   %idle
06:20:07     all    1.14    0.00    6.19    8.85    0.13    1.77    0.00   70.29   11.63
06:20:07       0    4.12    0.00   10.31   24.74    0.00   11.34    0.00   36.08   13.40
06:20:07       1    0.00    0.00    5.05    1.01    0.00    1.01    0.00   79.80   13.13
06:20:07       2    0.00    0.00    5.00    0.00    0.00    1.00    0.00   82.00   12.00
06:20:07       3    0.00    0.00    6.19    8.25    0.00    0.00    0.00   79.38    6.19
06:20:07       4    1.02    0.00    8.16   11.22    0.00    1.02    0.00   61.22   17.35
06:20:07       5    1.98    0.00    9.90   16.83    0.00    0.00    0.00   49.50   21.78
06:20:07       6    1.00    0.00    6.00    9.00    0.00    1.00    0.00   74.00    9.00
06:20:07       7    1.00    0.00    0.00    0.00    0.00    0.00    0.00   99.00    0.00

06:20:07     CPU    %usr   %nice    %sys %iowait    %irq   %soft  %steal  %guest   %idle
06:20:08     all    1.14    0.00    5.69    3.03    0.00    2.15    0.00   70.04   17.95
06:20:08       0    2.08    0.00   10.42    4.17    0.00   10.42    0.00   44.79   28.12
06:20:08       1    2.02    0.00   13.13   10.10    0.00    4.04    0.00   39.39   31.31
06:20:08       2    1.06    0.00    7.45    0.00    0.00    0.00    0.00   65.96   25.53
06:20:08       3    0.98    0.00    2.94    2.94    0.00    0.98    0.00   84.31    7.84
06:20:08       4    1.01    0.00    2.02    1.01    0.00    0.00    0.00   84.85   11.11
06:20:08       5    1.03    0.00    7.22    3.09    0.00    1.03    0.00   53.61   34.02
06:20:08       6    0.98    0.00    1.96    0.98    0.00    0.00    0.00   89.22    6.86
06:20:08       7    0.00    0.00    1.02    0.00    0.00    0.00    0.00  100.00    0.00
