Linux 3.2.0-39-generic (loadgen165) 	02/08/2013 	_x86_64_	(8 CPU)

06:19:24     CPU    %usr   %nice    %sys %iowait    %irq   %soft  %steal  %guest   %idle
06:19:25     all    1.67    0.00    4.24    1.03    0.00    2.06    0.00   65.55   25.45
06:19:25       0    9.57    0.00   14.89    4.26    0.00    7.45    0.00   11.70   52.13
06:19:25       1    1.03    0.00    3.09    0.00    0.00    0.00    0.00   73.20   22.68
06:19:25       2    1.96    0.00    0.98    0.00    0.00    4.90    0.00   90.20    1.96
06:19:25       3    2.08    0.00    5.21    2.08    0.00    1.04    0.00   48.96   40.62
06:19:25       4    0.00    0.00    0.00    0.00    0.00    0.00    0.00   99.01    0.99
06:19:25       5    0.00    0.00    6.74    2.25    0.00    2.25    0.00   33.71   55.06
06:19:25       6    0.00    0.00    0.00    0.00    0.00    0.00    0.00  100.00    0.00
06:19:25       7    1.01    0.00    3.03    0.00    0.00    1.01    0.00   57.58   37.37

06:19:25     CPU    %usr   %nice    %sys %iowait    %irq   %soft  %steal  %guest   %idle
06:19:26     all    2.19    0.00    4.64    0.13    0.00    1.93    0.00   68.30   22.81
06:19:26       0    5.10    0.00    6.12    0.00    0.00    7.14    0.00   50.00   31.63
06:19:26       1    1.06    0.00    6.38    1.06    0.00    2.13    0.00   51.06   38.30
06:19:26       2    2.30    0.00    6.90    0.00    0.00    1.15    0.00   32.18   57.47
06:19:26       3    3.03    0.00    5.05    0.00    0.00    4.04    0.00   83.84    4.04
06:19:26       4    0.00    0.00    0.00    0.00    0.00    0.00    0.00  100.00    0.00
06:19:26       5    3.09    0.00    3.09    0.00    0.00    1.03    0.00   58.76   34.02
06:19:26       6    0.99    0.00    3.96    0.00    0.00    0.00    0.00   85.15    9.90
06:19:26       7    2.04    0.00    5.10    0.00    0.00    0.00    0.00   80.61   12.24

06:19:26     CPU    %usr   %nice    %sys %iowait    %irq   %soft  %steal  %guest   %idle
06:19:27     all    1.66    0.00    4.98    0.64    0.00    2.04    0.00   65.90   24.78
06:19:27       0    1.00    0.00    0.00    0.00    0.00    7.00    0.00   92.00    0.00
06:19:27       1    3.03    0.00   11.11    3.03    0.00    1.01    0.00   44.44   37.37
06:19:27       2    4.12    0.00   11.34    2.06    0.00    4.12    0.00   24.74   53.61
06:19:27       3    0.00    0.00    4.12    0.00    0.00    3.09    0.00   81.44   11.34
06:19:27       4    0.00    0.00    0.00    0.00    0.00    0.00    0.00  100.00    0.00
06:19:27       5    0.00    0.00    0.00    0.00    0.00    0.00    0.00  100.00    0.00
06:19:27       6    3.09    0.00    7.22    0.00    0.00    0.00    0.00   39.18   50.52
06:19:27       7    2.08    0.00    7.29    0.00    0.00    1.04    0.00   42.71   46.88

06:19:27     CPU    %usr   %nice    %sys %iowait    %irq   %soft  %steal  %guest   %idle
06:19:28     all    1.80    0.00    5.79    0.13    0.00    2.70    0.00   72.46   17.12
06:19:28       0    0.00    0.00    0.00    0.00    0.00    6.00    0.00   94.00    0.00
06:19:28       1    2.02    0.00    1.01    0.00    0.00    1.01    0.00   94.95    1.01
06:19:28       2    4.21    0.00    8.42    0.00    0.00    7.37    0.00   44.21   35.79
06:19:28       3    4.30    0.00   11.83    0.00    0.00    4.30    0.00   40.86   38.71
06:19:28       4    0.00    0.00    0.99    0.00    0.00    0.00    0.00   99.01    0.00
06:19:28       5    2.13    0.00   10.64    1.06    0.00    4.26    0.00   52.13   29.79
06:19:28       6    0.00    0.00    6.19    0.00    0.00    1.03    0.00   81.44   11.34
06:19:28       7    1.00    0.00    7.00    1.00    0.00    0.00    0.00   68.00   23.00

06:19:28     CPU    %usr   %nice    %sys %iowait    %irq   %soft  %steal  %guest   %idle
06:19:29     all    2.03    0.00    7.61    5.20    0.00    2.66    0.00   70.43   12.06
06:19:29       0    3.12    0.00    6.25   18.75    0.00    5.21    0.00   62.50    4.17
06:19:29       1    0.00    0.00    0.99    0.00    0.00    0.99    0.00   98.02    0.99
06:19:29       2    2.11    0.00    7.37    5.26    0.00    6.32    0.00   64.21   14.74
06:19:29       3    4.90    0.00   16.67    5.88    0.00    3.92    0.00   50.98   17.65
06:19:29       4    0.00    0.00    1.00    0.00    0.00    0.00    0.00   96.00    3.00
06:19:29       5    3.19    0.00   14.89    6.38    0.00    4.26    0.00   53.19   18.09
06:19:29       6    1.96    0.00    2.94    0.00    0.00    0.00    0.00   81.37   13.73
06:19:29       7    1.03    0.00   14.43    5.15    0.00    0.00    0.00   55.67   23.71

06:19:29     CPU    %usr   %nice    %sys %iowait    %irq   %soft  %steal  %guest   %idle
06:19:30     all    1.77    0.00    6.43    5.42    0.00    2.90    0.00   70.24   13.24
06:19:30       0    0.00    0.00    3.00    1.00    0.00    5.00    0.00   91.00    0.00
06:19:30       1    0.00    0.00    0.00    0.00    0.00    0.00    0.00  100.00    0.00
06:19:30       2    0.00    0.00    1.00    0.00    0.00    2.00    0.00   97.00    0.00
06:19:30       3    5.00    0.00   15.00   10.00    0.00    8.00    0.00   40.00   22.00
06:19:30       4    1.03    0.00    5.15    4.12    0.00    0.00    0.00   45.36   44.33
06:19:30       5    3.00    0.00   13.00    8.00    0.00    5.00    0.00   41.00   30.00
06:19:30       6    0.00    0.00    3.03    0.00    0.00    1.01    0.00   95.96    0.00
06:19:30       7    4.00    0.00   10.00   22.00    0.00    2.00    0.00   51.00   11.00

06:19:30     CPU    %usr   %nice    %sys %iowait    %irq   %soft  %steal  %guest   %idle
06:19:31     all    1.66    0.00    7.02    8.67    0.00    2.55    0.00   70.92    9.18
06:19:31       0    1.98    0.00    3.96    0.00    0.00    4.95    0.00   73.27   15.84
06:19:31       1    0.99    0.00    0.00    0.00    0.00    2.97    0.00   96.04    0.00
06:19:31       2    0.00    0.00    3.92    0.00    0.00    3.92    0.00   84.31    7.84
06:19:31       3    4.55    0.00   12.50   25.00    0.00    4.55    0.00   39.77   13.64
06:19:31       4    2.02    0.00    8.08    0.00    0.00    0.00    0.00   65.66   24.24
06:19:31       5    4.21    0.00   13.68   10.53    0.00    2.11    0.00   56.84   12.63
06:19:31       6    0.00    0.00    1.00    0.00    0.00    0.00    0.00   99.00    0.00
06:19:31       7    3.12    0.00   14.58   35.42    0.00    1.04    0.00   45.83    0.00

06:19:31     CPU    %usr   %nice    %sys %iowait    %irq   %soft  %steal  %guest   %idle
06:19:32     all    2.05    0.00    5.51   12.55    0.00    2.30    0.00   62.23   15.36
06:19:32       0    3.19    0.00    7.45   30.85    0.00    5.32    0.00   40.43   12.77
06:19:32       1    0.00    0.00    0.00    0.00    0.00    1.01    0.00  100.00    0.00
06:19:32       2    5.94    0.00   11.88    4.95    0.00    3.96    0.00   27.72   45.54
06:19:32       3    4.17    0.00   11.46   35.42    0.00    8.33    0.00   30.21   10.42
06:19:32       4    0.00    0.00    0.00    0.00    0.00    0.00    0.00  100.00    0.00
06:19:32       5    0.00    0.00    2.06   13.40    0.00    1.03    0.00   83.51    1.03
06:19:32       6    1.98    0.00    1.98    0.99    0.00    0.00    0.00   73.27   21.78
06:19:32       7    2.08    0.00    9.38   18.75    0.00    0.00    0.00   39.58   30.21

06:19:32     CPU    %usr   %nice    %sys %iowait    %irq   %soft  %steal  %guest   %idle
06:19:33     all    1.26    0.00    6.19    2.78    0.00    2.40    0.00   74.37   13.01
06:19:33       0    2.11    0.00   12.63   13.68    0.00    7.37    0.00   36.84   27.37
06:19:33       1    0.99    0.00    0.00    0.00    0.00    0.99    0.00   98.02    0.00
06:19:33       2    2.02    0.00   12.12    0.00    0.00    5.05    0.00   48.48   32.32
06:19:33       3    4.08    0.00   13.27    6.12    0.00    4.08    0.00   52.04   20.41
06:19:33       4    0.00    0.00    0.00    0.00    0.00    0.00    0.00  100.00    0.00
06:19:33       5    1.04    0.00    5.21    0.00    0.00    2.08    0.00   69.79   21.88
06:19:33       6    0.99    0.00    4.95    0.99    0.00    0.00    0.00   89.11    3.96
06:19:33       7    0.00    0.00    1.00    0.00    0.00    0.00    0.00   99.00    0.00

06:19:33     CPU    %usr   %nice    %sys %iowait    %irq   %soft  %steal  %guest   %idle
06:19:34     all    1.51    0.00    5.55    0.38    0.00    2.27    0.00   70.87   19.42
06:19:34       0    5.00    0.00   10.00    0.00    0.00    6.00    0.00   53.00   26.00
06:19:34       1    0.00    0.00    1.00    0.00    0.00    1.00    0.00   99.00    0.00
06:19:34       2    0.00    0.00    6.19    0.00    0.00    3.09    0.00   72.16   18.56
06:19:34       3    1.00    0.00    1.00    0.00    0.00    6.00    0.00   92.00    0.00
06:19:34       4    1.03    0.00    7.22    0.00    0.00    0.00    0.00   57.73   34.02
06:19:34       5    2.00    0.00   10.00    3.00    0.00    1.00    0.00   45.00   39.00
06:19:34       6    1.05    0.00    8.42    0.00    0.00    0.00    0.00   51.58   38.95
06:19:34       7    0.00    0.00    1.00    0.00    0.00    0.00    0.00   99.00    0.00

06:19:34     CPU    %usr   %nice    %sys %iowait    %irq   %soft  %steal  %guest   %idle
06:19:35     all    1.14    0.00    5.58    1.02    0.00    1.90    0.00   76.14   14.21
06:19:35       0    3.92    0.00   11.76    1.96    0.00    4.90    0.00   50.98   26.47
06:19:35       1    0.00    0.00    0.00    0.00    0.00    1.01    0.00   98.99    0.00
06:19:35       2    1.00    0.00    0.00    0.00    0.00    2.00    0.00   97.00    0.00
06:19:35       3    0.00    0.00    1.00    0.00    0.00    1.00    0.00   98.00    0.00
06:19:35       4    1.04    0.00   12.50    1.04    0.00    2.08    0.00   54.17   29.17
06:19:35       5    3.03    0.00   12.12    2.02    0.00    4.04    0.00   44.44   34.34
06:19:35       6    2.08    0.00    8.33    3.12    0.00    1.04    0.00   60.42   25.00
06:19:35       7    0.00    0.00    0.00    0.00    0.00    0.00    0.00  100.00    0.00

06:19:35     CPU    %usr   %nice    %sys %iowait    %irq   %soft  %steal  %guest   %idle
06:19:36     all    1.27    0.00    6.73    4.95    0.00    1.90    0.00   72.97   12.18
06:19:36       0    2.11    0.00   12.63    1.05    0.00    9.47    0.00   50.53   24.21
06:19:36       1    0.00    0.00    0.99    0.00    0.00    1.98    0.00   97.03    0.00
06:19:36       2    0.00    0.00    0.00    0.00    0.00    2.00    0.00   98.00    0.00
06:19:36       3    1.00    0.00    1.00    1.00    0.00    1.00    0.00   95.00    1.00
06:19:36       4    2.02    0.00   12.12    1.01    0.00    0.00    0.00   58.59   26.26
06:19:36       5    4.08    0.00   12.24   17.35    0.00    1.02    0.00   33.67   31.63
06:19:36       6    0.00    0.00   15.62   20.83    0.00    0.00    0.00   50.00   14.58
06:19:36       7    2.00    0.00    0.00    0.00    0.00    0.00    0.00   98.00    0.00

06:19:36     CPU    %usr   %nice    %sys %iowait    %irq   %soft  %steal  %guest   %idle
06:19:37     all    1.14    0.00    5.20    4.31    0.00    1.39    0.00   80.74    7.22
06:19:37       0    3.09    0.00    8.25    8.25    0.00    3.09    0.00   69.07    8.25
06:19:37       1    1.04    0.00    7.29   11.46    0.00    1.04    0.00   71.88    7.29
06:19:37       2    0.00    0.00    0.00    0.00    0.00    2.00    0.00   98.00    0.00
06:19:37       3    0.00    0.00    0.00    0.00    0.00    1.01    0.00   98.99    0.00
06:19:37       4    3.09    0.00   11.34    0.00    0.00    2.06    0.00   58.76   24.74
06:19:37       5    1.04    0.00   11.46    8.33    0.00    1.04    0.00   59.38   18.75
06:19:37       6    0.99    0.00    2.97    6.93    0.00    0.00    0.00   88.12    0.99
06:19:37       7    0.00    0.00    0.00    0.00    0.00    0.00    0.00  100.00    0.00

06:19:37     CPU    %usr   %nice    %sys %iowait    %irq   %soft  %steal  %guest   %idle
06:19:38     all    0.38    0.00    4.88    0.12    0.00    1.38    0.00   86.88    6.38
06:19:38       0    1.02    0.00   13.27    0.00    0.00    5.10    0.00   66.33   14.29
06:19:38       1    1.00    0.00   11.00    0.00    0.00    2.00    0.00   71.00   15.00
06:19:38       2    0.98    0.00    3.92    0.00    0.00    2.94    0.00   84.31    7.84
06:19:38       3    0.00    0.00    0.00    0.00    0.00    0.00    0.00  100.00    0.00
06:19:38       4    0.00    0.00    4.00    0.00    0.00    1.00    0.00   89.00    6.00
06:19:38       5    0.00    0.00    7.00    1.00    0.00    0.00    0.00   84.00    8.00
06:19:38       6    0.00    0.00    0.00    0.00    0.00    0.00    0.00  100.00    0.00
06:19:38       7    0.00    0.00    0.00    0.00    0.00    0.00    0.00  100.00    0.00

06:19:38     CPU    %usr   %nice    %sys %iowait    %irq   %soft  %steal  %guest   %idle
06:19:39     all    1.01    0.00    4.54    0.00    0.00    1.89    0.00   88.52    4.04
06:19:39       0    1.02    0.00    8.16    0.00    0.00    9.18    0.00   71.43   10.20
06:19:39       1    5.00    0.00    4.00    0.00    0.00    1.00    0.00   89.00    1.00
06:19:39       2    0.00    0.00    6.06    0.00    0.00    2.02    0.00   89.90    2.02
06:19:39       3    1.03    0.00    3.09    0.00    0.00    1.03    0.00   89.69    5.15
06:19:39       4    0.00    0.00    4.90    0.00    0.00    0.00    0.00   91.18    3.92
06:19:39       5    1.98    0.00    8.91    0.00    0.00    1.98    0.00   81.19    5.94
06:19:39       6    0.00    0.00    0.00    0.00    0.00    0.00    0.00  100.00    0.00
06:19:39       7    0.00    0.00    2.02    0.00    0.00    0.00    0.00   93.94    4.04

06:19:39     CPU    %usr   %nice    %sys %iowait    %irq   %soft  %steal  %guest   %idle
06:19:40     all    1.53    0.00    5.87    1.79    0.00    2.30    0.00   74.74   13.78
06:19:40       0    8.16    0.00   10.20    2.04    0.00    5.10    0.00   45.92   28.57
06:19:40       1    0.00    0.00    9.00    1.00    0.00    0.00    0.00   70.00   20.00
06:19:40       2    2.04    0.00    3.06    5.10    0.00   10.20    0.00   75.51    4.08
06:19:40       3    0.00    0.00    4.12    2.06    0.00    2.06    0.00   86.60    5.15
06:19:40       4    1.05    0.00    5.26    0.00    0.00    0.00    0.00   76.84   16.84
06:19:40       5    0.00    0.00    1.01    1.01    0.00    1.01    0.00   95.96    1.01
06:19:40       6    0.00    0.00    2.02    1.01    0.00    0.00    0.00   90.91    6.06
06:19:40       7    0.00    0.00   10.53    3.16    0.00    1.05    0.00   57.89   27.37

06:19:40     CPU    %usr   %nice    %sys %iowait    %irq   %soft  %steal  %guest   %idle
06:19:41     all    1.65    0.00    6.08    4.43    0.00    1.52    0.00   75.32   11.01
06:19:41       0    4.21    0.00    7.37    4.21    0.00    4.21    0.00   67.37   12.63
06:19:41       1    1.04    0.00    9.38   15.62    0.00    1.04    0.00   59.38   13.54
06:19:41       2    2.00    0.00    5.00    1.00    0.00    6.00    0.00   80.00    6.00
06:19:41       3    1.98    0.00    8.91    0.00    0.00    0.00    0.00   76.24   12.87
06:19:41       4    0.00    0.00   10.10    0.00    0.00    0.00    0.00   86.87    3.03
06:19:41       5    1.96    0.00    4.90   12.75    0.00    0.00    0.00   74.51    5.88
06:19:41       6    1.00    0.00    2.00    0.00    0.00    0.00    0.00   86.00   11.00
06:19:41       7    2.04    0.00    2.04    1.02    0.00    0.00    0.00   69.39   25.51

06:19:41     CPU    %usr   %nice    %sys %iowait    %irq   %soft  %steal  %guest   %idle
06:19:42     all    0.89    0.00    4.19    2.66    0.00    1.52    0.00   81.73    9.01
06:19:42       0    3.00    0.00    6.00    2.00    0.00    6.00    0.00   77.00    6.00
06:19:42       1    0.00    0.00    3.03    3.03    0.00    0.00    0.00   87.88    6.06
06:19:42       2    1.01    0.00    0.00    0.00    0.00    2.02    0.00   94.95    2.02
06:19:42       3    0.00    0.00    8.25    3.09    0.00    3.09    0.00   65.98   19.59
06:19:42       4    0.00    0.00    0.00    0.00    0.00    0.00    0.00  100.00    0.00
06:19:42       5    0.00    0.00    5.05    6.06    0.00    2.02    0.00   75.76   11.11
06:19:42       6    1.03    0.00    3.09    0.00    0.00    0.00    0.00   80.41   15.46
06:19:42       7    1.01    0.00    9.09    6.06    0.00    0.00    0.00   70.71   13.13

06:19:42     CPU    %usr   %nice    %sys %iowait    %irq   %soft  %steal  %guest   %idle
06:19:43     all    1.89    0.00    5.93    5.05    0.00    2.15    0.00   67.30   17.68
06:19:43       0    6.38    0.00    9.57   12.77    0.00    6.38    0.00   25.53   39.36
06:19:43       1    1.01    0.00    1.01    0.00    0.00    0.00    0.00   96.97    1.01
06:19:43       2    0.00    0.00    2.00    0.00    0.00    1.00    0.00   97.00    0.00
06:19:43       3    4.08    0.00   12.24    9.18    0.00    6.12    0.00   35.71   32.65
06:19:43       4    0.00    0.00    0.00    0.00    0.00    0.00    0.00  100.00    0.00
06:19:43       5    1.03    0.00    6.19    9.28    0.00    1.03    0.00   63.92   18.56
06:19:43       6    1.98    0.00    9.90    4.95    0.00    0.99    0.00   46.53   35.64
06:19:43       7    0.00    0.00    8.00    5.00    0.00    1.00    0.00   72.00   14.00

06:19:43     CPU    %usr   %nice    %sys %iowait    %irq   %soft  %steal  %guest   %idle
06:19:44     all    0.88    0.00    5.56    2.28    0.00    1.26    0.00   85.46    4.55
06:19:44       0    2.04    0.00    8.16    0.00    0.00    6.12    0.00   78.57    5.10
06:19:44       1    1.03    0.00    7.22    1.03    0.00    1.03    0.00   77.32   12.37
06:19:44       2    0.00    0.00    0.00    0.00    0.00    2.00    0.00   98.00    0.00
06:19:44       3    1.01    0.00   10.10    0.00    0.00    2.02    0.00   74.75   12.12
06:19:44       4    0.99    0.00    0.99    0.00    0.00    0.00    0.00   98.02    0.00
06:19:44       5    1.94    0.00    9.71    7.77    0.00    0.97    0.00   74.76    4.85
06:19:44       6    0.00    0.00    7.29    9.38    0.00    0.00    0.00   80.21    3.12
06:19:44       7    1.00    0.00    1.00    0.00    0.00    0.00    0.00   98.00    0.00

06:19:44     CPU    %usr   %nice    %sys %iowait    %irq   %soft  %steal  %guest   %idle
06:19:45     all    0.38    0.00    5.79    1.64    0.00    1.01    0.00   88.41    2.77
06:19:45       0    1.03    0.00    6.19    3.09    0.00    2.06    0.00   83.51    4.12
06:19:45       1    1.00    0.00    9.00    0.00    0.00    1.00    0.00   81.00    8.00
06:19:45       2    0.00    0.00    5.00    0.00    0.00    0.00    0.00   90.00    5.00
06:19:45       3    0.00    0.00    6.25    4.17    0.00    1.04    0.00   87.50    2.08
06:19:45       4    0.00    0.00    0.00    0.00    0.00    0.00    0.00  101.01    0.00
06:19:45       5    0.00    0.00    3.96    1.98    0.00    1.98    0.00   92.08    0.00
06:19:45       6    1.01    0.00    9.09    4.04    0.00    0.00    0.00   85.86    0.00
06:19:45       7    0.00    0.00    5.05    1.01    0.00    0.00    0.00   90.91    3.03

06:19:45     CPU    %usr   %nice    %sys %iowait    %irq   %soft  %steal  %guest   %idle
06:19:46     all    1.51    0.00    6.17    4.41    0.00    1.26    0.00   80.60    6.05
06:19:46       0    3.03    0.00    4.04    0.00    0.00    5.05    0.00   77.78   10.10
06:19:46       1    1.03    0.00    8.25    1.03    0.00    0.00    0.00   82.47    7.22
06:19:46       2    3.00    0.00   11.00    0.00    0.00    2.00    0.00   70.00   14.00
06:19:46       3    3.00    0.00    8.00   15.00    0.00    3.00    0.00   68.00    3.00
06:19:46       4    1.00    0.00    0.00    0.00    0.00    0.00    0.00   99.00    0.00
06:19:46       5    2.06    0.00   11.34   17.53    0.00    0.00    0.00   64.95    4.12
06:19:46       6    1.00    0.00    5.00    1.00    0.00    0.00    0.00   84.00    9.00
06:19:46       7    0.00    0.00    2.00    0.00    0.00    0.00    0.00   97.00    1.00

06:19:46     CPU    %usr   %nice    %sys %iowait    %irq   %soft  %steal  %guest   %idle
06:19:47     all    0.50    0.00    4.66    0.38    0.00    1.01    0.00   91.94    1.51
06:19:47       0    0.00    0.00    5.05    0.00    0.00    4.04    0.00   90.91    0.00
06:19:47       1    0.00    0.00    4.95    0.00    0.00    0.99    0.00   94.06    0.00
06:19:47       2    1.00    0.00    6.00    1.00    0.00    1.00    0.00   84.00    7.00
06:19:47       3    1.01    0.00    6.06    0.00    0.00    1.01    0.00   90.91    1.01
06:19:47       4    2.00    0.00    4.00    1.00    0.00    0.00    0.00   93.00    0.00
06:19:47       5    0.00    0.00    8.25    2.06    0.00    1.03    0.00   85.57    3.09
06:19:47       6    0.00    0.00    2.00    0.00    0.00    0.00    0.00   98.00    0.00
06:19:47       7    0.00    0.00    1.00    0.00    0.00    0.00    0.00   98.00    1.00

06:19:47     CPU    %usr   %nice    %sys %iowait    %irq   %soft  %steal  %guest   %idle
06:19:48     all    0.75    0.00    5.37    0.00    0.00    0.62    0.00   93.13    0.12
06:19:48       0    1.98    0.00    6.93    0.00    0.00    2.97    0.00   88.12    0.00
06:19:48       1    1.98    0.00    5.94    0.99    0.00    0.00    0.00   91.09    0.00
06:19:48       2    1.00    0.00    6.00    0.00    0.00    2.00    0.00   91.00    0.00
06:19:48       3    0.99    0.00    6.93    0.00    0.00    0.99    0.00   91.09    0.00
06:19:48       4    0.00    0.00    4.00    0.00    0.00    0.00    0.00   96.00    0.00
06:19:48       5    0.00    0.00    3.00    0.00    0.00    0.00    0.00   97.00    0.00
06:19:48       6    0.00    0.00    8.00    0.00    0.00    0.00    0.00   92.00    0.00
06:19:48       7    0.99    0.00    2.97    0.00    0.00    0.00    0.00   96.04    0.00

06:19:48     CPU    %usr   %nice    %sys %iowait    %irq   %soft  %steal  %guest   %idle
06:19:49     all    0.25    0.00    5.53    0.75    0.00    0.50    0.00   92.09    0.88
06:19:49       0    0.00    0.00   11.11    0.00    0.00    2.02    0.00   86.87    0.00
06:19:49       1    0.00    0.00    9.09    0.00    0.00    0.00    0.00   91.92    0.00
06:19:49       2    0.00    0.00    3.06    0.00    0.00    1.02    0.00   93.88    2.04
06:19:49       3    0.00    0.00    4.04    0.00    0.00    0.00    0.00   94.95    1.01
06:19:49       4    0.00    0.00    5.00    0.00    0.00    0.00    0.00   95.00    0.00
06:19:49       5    1.02    0.00    5.10    1.02    0.00    1.02    0.00   89.80    2.04
06:19:49       6    0.00    0.00    2.00    0.00    0.00    0.00    0.00   96.00    2.00
06:19:49       7    0.00    0.00    4.04    4.04    0.00    0.00    0.00   91.92    0.00

06:19:49     CPU    %usr   %nice    %sys %iowait    %irq   %soft  %steal  %guest   %idle
06:19:50     all    1.13    0.00    6.02   13.68    0.00    1.13    0.00   76.29    1.76
06:19:50       0    3.85    0.00    7.69   27.88    0.00    4.81    0.00   55.77    0.00
06:19:50       1    0.00    0.00    2.00    0.00    0.00    0.00    0.00   98.00    0.00
06:19:50       2    2.06    0.00   10.31   25.77    0.00    1.03    0.00   58.76    2.06
06:19:50       3    1.00    0.00    2.00    0.00    0.00    1.00    0.00   96.00    0.00
06:19:50       4    0.00    0.00    5.00    0.00    0.00    0.00    0.00   95.00    0.00
06:19:50       5    0.99    0.00    3.96    1.98    0.00    0.99    0.00   92.08    0.00
06:19:50       6    0.00    0.00    9.18   23.47    0.00    0.00    0.00   64.29    3.06
06:19:50       7    2.02    0.00    9.09   32.32    0.00    0.00    0.00   47.47    9.09

06:19:50     CPU    %usr   %nice    %sys %iowait    %irq   %soft  %steal  %guest   %idle
06:19:51     all    1.39    0.00    5.44   14.92    0.00    1.39    0.00   74.59    2.28
06:19:51       0    4.08    0.00   15.31   29.59    0.00    4.08    0.00   44.90    2.04
06:19:51       1    2.00    0.00    3.00    5.00    0.00    2.00    0.00   87.00    1.00
06:19:51       2    1.10    0.00    9.89   26.37    0.00    3.30    0.00   52.75    6.59
06:19:51       3    0.00    0.00    0.00    0.00    0.00    1.98    0.00   98.02    0.00
06:19:51       4    0.00    0.00    0.00    0.00    0.00    0.00    0.00  100.00    0.00
06:19:51       5    0.00    0.00    2.00    0.00    0.00    1.00    0.00   92.00    5.00
06:19:51       6    2.91    0.00    7.77   23.30    0.00    0.97    0.00   60.19    4.85
06:19:51       7    0.00    0.00    6.06   34.34    0.00    0.00    0.00   59.60    0.00

06:19:51     CPU    %usr   %nice    %sys %iowait    %irq   %soft  %steal  %guest   %idle
06:19:52     all    0.50    0.00    4.77    1.25    0.00    0.88    0.00   92.22    0.38
06:19:52       0    0.00    0.00    7.07    1.01    0.00    3.03    0.00   88.89    0.00
06:19:52       1    1.00    0.00   11.00    5.00    0.00    1.00    0.00   82.00    0.00
06:19:52       2    1.00    0.00    4.00    2.00    0.00    1.00    0.00   90.00    2.00
06:19:52       3    2.02    0.00    4.04    0.00    0.00    0.00    0.00   93.94    0.00
06:19:52       4    0.99    0.00    3.96    0.00    0.00    0.00    0.00   94.06    0.99
06:19:52       5    1.00    0.00    6.00    0.00    0.00    1.00    0.00   92.00    0.00
06:19:52       6    0.00    0.00    2.94    3.92    0.00    0.98    0.00   92.16    0.00
06:19:52       7    0.00    0.00    0.00    0.00    0.00    0.00    0.00  100.00    0.00

06:19:52     CPU    %usr   %nice    %sys %iowait    %irq   %soft  %steal  %guest   %idle
06:19:53     all    0.88    0.00    5.42   13.35    0.00    2.14    0.00   70.78    7.43
06:19:53       0    0.00    0.00    3.00    0.00    0.00    5.00    0.00   78.00   14.00
06:19:53       1    4.12    0.00   11.34   45.36    0.00    4.12    0.00   34.02    1.03
06:19:53       2    0.00    0.00    1.00    0.00    0.00    4.00    0.00   95.00    0.00
06:19:53       3    0.00    0.00   13.86   10.89    0.00    2.97    0.00   41.58   30.69
06:19:53       4    0.00    0.00    8.25   14.43    0.00    0.00    0.00   65.98   11.34
06:19:53       5    0.00    0.00    0.00    0.00    0.00    0.00    0.00  101.01    0.00
06:19:53       6    1.04    0.00    5.21   37.50    0.00    0.00    0.00   54.17    2.08
06:19:53       7    0.00    0.00    1.00    0.00    0.00    0.00    0.00   99.00    0.00

06:19:53     CPU    %usr   %nice    %sys %iowait    %irq   %soft  %steal  %guest   %idle
06:19:54     all    0.38    0.00    4.92   13.38    0.00    0.76    0.00   68.18   12.37
06:19:54       0    1.05    0.00    6.32    0.00    0.00    1.05    0.00   81.05   10.53
06:19:54       1    0.00    0.00    4.00   40.00    0.00    0.00    0.00   56.00    0.00
06:19:54       2    0.00    0.00    2.06    0.00    0.00    1.03    0.00   77.32   20.62
06:19:54       3    0.99    0.00    3.96    0.00    0.00    1.98    0.00   55.45   37.62
06:19:54       4    0.00    0.00    3.96   28.71    0.00    0.00    0.00   66.34    0.99
06:19:54       5    2.02    0.00    4.04    1.01    0.00    1.01    0.00   82.83    9.09
06:19:54       6    1.02    0.00    9.18   33.67    0.00    0.00    0.00   56.12    0.00
06:19:54       7    0.00    0.00    5.00    2.00    0.00    0.00    0.00   72.00   21.00

06:19:54     CPU    %usr   %nice    %sys %iowait    %irq   %soft  %steal  %guest   %idle
06:19:55     all    0.87    0.00    3.75    0.25    0.00    1.37    0.00   86.77    6.99
06:19:55       0    2.97    0.00    6.93    0.99    0.00    4.95    0.00   71.29   12.87
06:19:55       1    0.98    0.00    5.88    0.98    0.00    0.98    0.00   78.43   12.75
06:19:55       2    0.00    0.00    2.00    0.00    0.00    3.00    0.00   94.00    1.00
06:19:55       3    0.00    0.00    3.96    0.99    0.00    1.98    0.00   79.21   13.86
06:19:55       4    1.01    0.00    3.03    0.00    0.00    1.01    0.00   92.93    2.02
06:19:55       5    0.00    0.00    1.00    0.00    0.00    1.00    0.00   98.00    0.00
06:19:55       6    1.01    0.00    5.05    0.00    0.00    0.00    0.00   81.82   12.12
06:19:55       7    0.00    0.00    1.00    0.00    0.00    0.00    0.00   99.00    0.00

06:19:55     CPU    %usr   %nice    %sys %iowait    %irq   %soft  %steal  %guest   %idle
06:19:56     all    1.13    0.00    5.76    9.26    0.00    1.88    0.00   72.34    9.64
06:19:56       0    2.00    0.00   12.00   21.00    0.00    4.00    0.00   43.00   18.00
06:19:56       1    2.06    0.00    9.28   12.37    0.00    2.06    0.00   45.36   28.87
06:19:56       2    0.00    0.00    0.00    0.00    0.00    4.00    0.00   96.00    0.00
06:19:56       3    3.03    0.00   12.12   11.11    0.00    3.03    0.00   46.46   24.24
06:19:56       4    0.00    0.00    1.00    0.00    0.00    0.00    0.00  100.00    0.00
06:19:56       5    0.99    0.00    1.98    0.00    0.00    0.00    0.00   97.03    0.00
06:19:56       6    1.96    0.00   10.78   29.41    0.00    0.98    0.00   50.00    6.86
06:19:56       7    1.00    0.00    0.00    0.00    0.00    0.00    0.00   99.00    0.00

06:19:56     CPU    %usr   %nice    %sys %iowait    %irq   %soft  %steal  %guest   %idle
06:19:57     all    0.90    0.00    5.12    3.71    0.00    1.53    0.00   86.57    2.17
06:19:57       0    1.05    0.00    6.32    2.11    0.00    6.32    0.00   73.68   10.53
06:19:57       1    2.02    0.00   13.13   10.10    0.00    1.01    0.00   73.74    0.00
06:19:57       2    2.06    0.00    3.09    1.03    0.00    1.03    0.00   88.66    4.12
06:19:57       3    0.00    0.00    9.38    5.21    0.00    1.04    0.00   82.29    2.08
06:19:57       4    0.99    0.00    0.00    0.00    0.00    0.00    0.00   99.01    0.00
06:19:57       5    0.00    0.00    0.00    0.00    0.00    1.00    0.00  100.00    0.00
06:19:57       6    2.11    0.00    7.37   12.63    0.00    2.11    0.00   74.74    1.05
06:19:57       7    0.00    0.00    2.00    0.00    0.00    0.00    0.00   99.00    0.00

06:19:57     CPU    %usr   %nice    %sys %iowait    %irq   %soft  %steal  %guest   %idle
06:19:58     all    0.50    0.00    5.36    0.25    0.00    0.87    0.00   92.14    0.87
06:19:58       0    3.03    0.00    2.02    0.00    0.00    2.02    0.00   92.93    0.00
06:19:58       1    0.98    0.00   10.78    0.00    0.00    0.98    0.00   86.27    0.98
06:19:58       2    1.01    0.00   14.14    1.01    0.00    1.01    0.00   80.81    2.02
06:19:58       3    0.98    0.00    6.86    0.00    0.00    0.98    0.00   88.24    2.94
06:19:58       4    0.00    0.00    3.06    0.00    0.00    0.00    0.00   96.94    1.02
06:19:58       5    1.01    0.00    0.00    0.00    0.00    1.01    0.00   97.98    0.00
06:19:58       6    0.00    0.00    3.00    0.00    0.00    1.00    0.00   96.00    0.00
06:19:58       7    0.99    0.00    0.99    0.00    0.00    0.00    0.00   98.02    0.00

06:19:58     CPU    %usr   %nice    %sys %iowait    %irq   %soft  %steal  %guest   %idle
06:19:59     all    0.38    0.00    3.00    0.00    0.00    0.62    0.00   95.25    0.75
06:19:59       0    0.99    0.00    1.98    0.00    0.00    0.99    0.00   95.05    0.99
06:19:59       1    0.00    0.00    4.08    0.00    0.00    0.00    0.00   96.94    0.00
06:19:59       2    0.99    0.00    0.99    0.00    0.00    0.99    0.00   97.03    0.00
06:19:59       3    1.01    0.00   10.10    0.00    0.00    1.01    0.00   86.87    1.01
06:19:59       4    0.99    0.00    4.95    0.00    0.00    0.00    0.00   91.09    2.97
06:19:59       5    0.00    0.00    1.98    0.00    0.00    0.99    0.00   97.03    0.00
06:19:59       6    0.00    0.00    2.00    0.00    0.00    0.00    0.00   97.00    1.00
06:19:59       7    0.00    0.00    0.00    0.00    0.00    0.00    0.00  101.01    0.00

06:19:59     CPU    %usr   %nice    %sys %iowait    %irq   %soft  %steal  %guest   %idle
06:20:00     all    0.38    0.00    3.51    0.13    0.00    0.50    0.00   94.11    1.38
06:20:00       0    0.00    0.00    2.00    0.00    0.00    1.00    0.00   98.00    0.00
06:20:00       1    1.00    0.00    3.00    0.00    0.00    1.00    0.00   94.00    1.00
06:20:00       2    0.00    0.00    1.01    0.00    0.00    1.01    0.00   98.99    0.00
06:20:00       3    0.99    0.00    7.92    0.00    0.00    0.00    0.00   89.11    1.98
06:20:00       4    1.02    0.00    4.08    0.00    0.00    0.00    0.00   91.84    3.06
06:20:00       5    0.00    0.00    0.00    0.00    0.00    0.00    0.00  100.00    0.00
06:20:00       6    0.00    0.00    6.12    1.02    0.00    0.00    0.00   90.82    3.06
06:20:00       7    1.00    0.00    3.00    0.00    0.00    1.00    0.00   93.00    2.00

06:20:00     CPU    %usr   %nice    %sys %iowait    %irq   %soft  %steal  %guest   %idle
06:20:01     all    0.75    0.00    4.15    0.38    0.00    1.01    0.00   91.58    2.14
06:20:01       0    2.02    0.00    3.03    0.00    0.00    4.04    0.00   90.91    0.00
06:20:01       1    0.00    0.00    1.00    0.00    0.00    1.00    0.00   98.00    0.00
06:20:01       2    0.99    0.00    3.96    0.00    0.00    1.98    0.00   92.08    0.99
06:20:01       3    0.00    0.00    0.00    0.00    0.00    0.00    0.00   98.99    1.01
06:20:01       4    0.00    0.00    4.08    0.00    0.00    0.00    0.00   94.90    1.02
06:20:01       5    1.02    0.00    4.08    1.02    0.00    1.02    0.00   89.80    3.06
06:20:01       6    2.00    0.00    7.00    0.00    0.00    1.00    0.00   87.00    3.00
06:20:01       7    1.01    0.00    8.08    1.01    0.00    0.00    0.00   81.82    8.08

06:20:01     CPU    %usr   %nice    %sys %iowait    %irq   %soft  %steal  %guest   %idle
06:20:02     all    0.38    0.00    6.23    0.38    0.00    0.89    0.00   85.88    6.23
06:20:02       0    0.00    0.00    0.00    0.00    0.00    1.01    0.00   98.99    0.00
06:20:02       1    0.00    0.00    0.99    0.00    0.00    1.98    0.00   97.03    0.00
06:20:02       2    0.00    0.00   14.29    0.00    0.00    3.06    0.00   74.49    8.16
06:20:02       3    0.00    0.00    0.00    0.00    0.00    1.00    0.00   99.00    0.00
06:20:02       4    0.00    0.00    6.06    3.03    0.00    0.00    0.00   77.78   13.13
06:20:02       5    2.04    0.00   24.49    1.02    0.00    0.00    0.00   58.16   14.29
06:20:02       6    1.04    0.00    6.25    0.00    0.00    1.04    0.00   77.08   14.58
06:20:02       7    0.00    0.00    0.99    0.00    0.00    0.00    0.00   99.01    0.00

06:20:02     CPU    %usr   %nice    %sys %iowait    %irq   %soft  %steal  %guest   %idle
06:20:03     all    1.25    0.00    5.49    8.60    0.00    2.37    0.00   68.33   13.97
06:20:03       0    0.00    0.00    1.98    0.00    0.00    7.92    0.00   87.13    2.97
06:20:03       1    1.00    0.00    0.00    0.00    0.00    1.00    0.00   98.00    0.00
06:20:03       2    3.03    0.00    7.07   12.12    0.00    4.04    0.00   50.51   23.23
06:20:03       3    0.00    0.00    0.00    0.00    0.00    0.99    0.00   99.01    0.00
06:20:03       4    3.03    0.00   11.11    8.08    0.00    1.01    0.00   46.46   30.30
06:20:03       5    2.97    0.00   13.86   41.58    0.00    2.97    0.00   22.77   15.84
06:20:03       6    1.02    0.00    9.18    6.12    0.00    0.00    0.00   42.86   40.82
06:20:03       7    0.00    0.00    0.00    0.00    0.00    0.00    0.00  100.00    0.00

06:20:03     CPU    %usr   %nice    %sys %iowait    %irq   %soft  %steal  %guest   %idle
06:20:04     all    1.02    0.00    5.08    9.91    0.00    2.54    0.00   72.81    8.64
06:20:04       0    4.17    0.00   10.42    1.04    0.00    8.33    0.00   41.67   34.38
06:20:04       1    0.00    0.00    1.00    0.00    0.00    2.00    0.00   98.00    0.00
06:20:04       2    0.00    0.00    0.00    0.00    0.00    4.04    0.00   95.96    0.00
06:20:04       3    0.00    0.00    0.00    0.00    0.00    1.01    0.00   98.99    0.00
06:20:04       4    1.06    0.00    8.51   21.28    0.00    2.13    0.00   50.00   17.02
06:20:04       5    2.00    0.00   13.00   51.00    0.00    2.00    0.00   32.00    0.00
06:20:04       6    1.96    0.00    6.86    6.86    0.00    0.98    0.00   63.73   19.61
06:20:04       7    0.00    0.00    1.00    0.00    0.00    0.00    0.00   99.00    0.00

06:20:04     CPU    %usr   %nice    %sys %iowait    %irq   %soft  %steal  %guest   %idle
06:20:05     all    1.29    0.00    6.07   10.85    0.00    2.33    0.00   64.60   14.86
06:20:05       0    3.23    0.00   13.98    6.45    0.00    7.53    0.00   35.48   33.33
06:20:05       1    0.00    0.00    2.04    3.06    0.00    1.02    0.00   90.82    3.06
06:20:05       2    1.00    0.00    2.00    0.00    0.00    5.00    0.00   86.00    6.00
06:20:05       3    0.00    0.00    1.98    1.98    0.00    1.98    0.00   89.11    4.95
06:20:05       4    2.22    0.00   11.11   30.00    0.00    2.22    0.00   34.44   20.00
06:20:05       5    1.01    0.00    8.08   39.39    0.00    0.00    0.00   50.51    1.01
06:20:05       6    2.15    0.00    9.68    4.30    0.00    1.08    0.00   44.09   38.71
06:20:05       7    1.01    0.00    1.01    3.03    0.00    0.00    0.00   80.81   14.14

06:20:05     CPU    %usr   %nice    %sys %iowait    %irq   %soft  %steal  %guest   %idle
06:20:06     all    2.28    0.00    6.58   15.19    0.00    2.41    0.00   47.22   26.33
06:20:06       0    5.15    0.00   12.37    7.22    0.00    8.25    0.00   25.77   41.24
06:20:06       1    3.12    0.00    4.17   34.38    0.00    1.04    0.00   44.79   12.50
06:20:06       2    2.06    0.00    7.22   19.59    0.00    6.19    0.00   54.64   10.31
06:20:06       3    3.00    0.00    8.00    5.00    0.00    2.00    0.00   35.00   47.00
06:20:06       4    2.02    0.00    9.09   20.20    0.00    0.00    0.00   45.45   23.23
06:20:06       5    1.04    0.00    3.12    4.17    0.00    1.04    0.00   61.46   29.17
06:20:06       6    2.91    0.00    5.83    0.00    0.00    0.00    0.00   67.96   23.30
06:20:06       7    0.98    0.00    3.92   30.39    0.00    0.00    0.00   40.20   24.51

06:20:06     CPU    %usr   %nice    %sys %iowait    %irq   %soft  %steal  %guest   %idle
06:20:07     all    1.39    0.00    4.69    2.92    0.00    2.66    0.00   77.19   11.15
06:20:07       0    1.04    0.00    1.04    0.00    0.00    6.25    0.00   84.38    7.29
06:20:07       1    1.00    0.00    1.00    0.00    0.00    1.00    0.00   93.00    4.00
06:20:07       2    3.00    0.00   12.00    3.00    0.00    4.00    0.00   57.00   21.00
06:20:07       3    3.06    0.00    8.16    7.14    0.00    4.08    0.00   61.22   16.33
06:20:07       4    1.01    0.00    4.04    5.05    0.00    2.02    0.00   77.78   10.10
06:20:07       5    0.00    0.00    0.00    0.00    0.00    0.00    0.00  100.00    0.00
06:20:07       6    0.00    0.00    9.47    8.42    0.00    3.16    0.00   55.79   23.16
06:20:07       7    0.00    0.00    2.00    1.00    0.00    0.00    0.00   90.00    7.00

06:20:07     CPU    %usr   %nice    %sys %iowait    %irq   %soft  %steal  %guest   %idle
06:20:08     all    2.04    0.00    6.13    0.13    0.00    1.79    0.00   78.80   11.11
06:20:08       0    3.00    0.00    8.00    0.00    0.00    6.00    0.00   73.00   10.00
06:20:08       1    1.00    0.00    2.00    0.00    0.00    1.00    0.00   91.00    5.00
06:20:08       2    0.00    0.00    5.21    0.00    0.00    2.08    0.00   84.38    8.33
06:20:08       3    4.12    0.00    8.25    0.00    0.00    4.12    0.00   58.76   24.74
06:20:08       4    3.06    0.00    7.14    1.02    0.00    1.02    0.00   71.43   16.33
06:20:08       5    3.06    0.00    6.12    0.00    0.00    1.02    0.00   79.59   10.20
06:20:08       6    4.12    0.00   11.34    0.00    0.00    0.00    0.00   70.10   14.43
06:20:08       7    0.00    0.00    1.00    0.00    0.00    0.00    0.00  100.00    0.00

06:20:08     CPU    %usr   %nice    %sys %iowait    %irq   %soft  %steal  %guest   %idle
06:20:09     all    2.15    0.00    5.56    0.63    0.00    1.77    0.00   73.74   16.16
06:20:09       0    5.15    0.00   12.37    0.00    0.00    8.25    0.00   41.24   32.99
06:20:09       1    3.09    0.00    9.28    2.06    0.00    1.03    0.00   49.48   35.05
06:20:09       2    0.00    0.00    1.00    0.00    0.00    3.00    0.00   96.00    0.00
06:20:09       3    0.00    0.00    1.00    0.00    0.00    1.00    0.00   98.00    0.00
06:20:09       4    0.00    0.00    1.00    0.00    0.00    0.00    0.00   99.00    0.00
06:20:09       5    1.01    0.00    1.01    0.00    0.00    1.01    0.00   91.92    5.05
06:20:09       6    1.98    0.00    9.90    2.97    0.00    0.00    0.00   55.45   29.70
06:20:09       7    7.14    0.00    8.16    0.00    0.00    1.02    0.00   56.12   27.55
