Linux 3.2.0-39-generic (loadgen167) 	02/08/2013 	_x86_64_	(8 CPU)

06:19:43     CPU    %usr   %nice    %sys %iowait    %irq   %soft  %steal  %guest   %idle
06:19:44     all    1.13    0.00    1.01    0.38    0.00    0.00    0.00    0.25   97.23
06:19:44       0    0.00    0.00    0.00    3.03    0.00    0.00    0.00    1.01   96.97
06:19:44       1    0.00    0.00    1.00    0.00    0.00    0.00    0.00    1.00   98.00
06:19:44       2    3.06    0.00    3.06    0.00    0.00    0.00    0.00    0.00   93.88
06:19:44       3    4.00    0.00    2.00    0.00    0.00    0.00    0.00    1.00   93.00
06:19:44       4    1.02    0.00    1.02    0.00    0.00    0.00    0.00    0.00   97.96
06:19:44       5    1.00    0.00    0.00    0.00    0.00    0.00    0.00    0.00   99.00
06:19:44       6    0.00    0.00    0.00    0.00    0.00    0.00    0.00    0.00  100.00
06:19:44       7    0.00    0.00    0.00    0.00    0.00    0.00    0.00    0.00  100.00

06:19:44     CPU    %usr   %nice    %sys %iowait    %irq   %soft  %steal  %guest   %idle
06:19:45     all    1.01    0.00    1.13    0.13    0.00    0.00    0.00    0.25   97.48
06:19:45       0    0.99    0.00    0.99    0.00    0.00    0.00    0.00    0.00   98.02
06:19:45       1    0.00    0.00    0.00    0.00    0.00    0.00    0.00    1.02   98.98
06:19:45       2    0.99    0.00    0.99    0.99    0.00    0.00    0.00    0.00   97.03
06:19:45       3    7.07    0.00    5.05    0.00    0.00    0.00    0.00    0.00   87.88
06:19:45       4    0.00    0.00    4.04    0.00    0.00    0.00    0.00    0.00   95.96
06:19:45       5    1.01    0.00    0.00    0.00    0.00    0.00    0.00    0.00   98.99
06:19:45       6    0.00    0.00    0.00    0.00    0.00    0.00    0.00    0.00  100.00
06:19:45       7    0.00    0.00    0.00    0.00    0.00    0.00    0.00    0.00  100.00

06:19:45     CPU    %usr   %nice    %sys %iowait    %irq   %soft  %steal  %guest   %idle
06:19:46     all    1.63    0.00    1.38    0.38    0.00    0.00    0.00    0.38   96.23
06:19:46       0    1.00    0.00    0.00    2.00    0.00    0.00    0.00    0.00   97.00
06:19:46       1    0.00    0.00    1.00    0.00    0.00    0.00    0.00    1.00   98.00
06:19:46       2    6.12    0.00    4.08    0.00    0.00    0.00    0.00    0.00   89.80
06:19:46       3    6.12    0.00    2.04    0.00    0.00    0.00    0.00    0.00   91.84
06:19:46       4    0.00    0.00    2.02    0.00    0.00    0.00    0.00    1.01   96.97
06:19:46       5    0.00    0.00    0.00    0.00    0.00    0.00    0.00    0.00  100.00
06:19:46       6    0.00    0.00    0.00    0.00    0.00    0.00    0.00    1.01  100.00
06:19:46       7    0.00    0.00    0.00    0.00    0.00    0.00    0.00    0.99   99.01

06:19:46     CPU    %usr   %nice    %sys %iowait    %irq   %soft  %steal  %guest   %idle
06:19:47     all    1.26    0.00    1.01    0.00    0.00    0.13    0.00    0.25   97.36
06:19:47       0    0.00    0.00    0.00    0.00    0.00    0.00    0.00    0.00  100.00
06:19:47       1    0.00    0.00    0.00    0.00    0.00    0.00    0.00    0.00  100.00
06:19:47       2    6.00    0.00    3.00    0.00    0.00    0.00    0.00    0.00   91.00
06:19:47       3    3.03    0.00    1.01    0.00    0.00    0.00    0.00    0.00   95.96
06:19:47       4    2.00    0.00    3.00    0.00    0.00    0.00    0.00    0.00   95.00
06:19:47       5    0.00    0.00    0.00    0.00    0.00    0.00    0.00    0.00  100.00
06:19:47       6    0.00    0.00    1.00    0.00    0.00    0.00    0.00    1.00   98.00
06:19:47       7    0.00    0.00    0.00    0.00    0.00    0.00    0.00    0.00  100.00

06:19:47     CPU    %usr   %nice    %sys %iowait    %irq   %soft  %steal  %guest   %idle
06:19:48     all    1.13    0.00    1.13    0.13    0.00    0.00    0.00    0.25   97.35
06:19:48       0    0.00    0.00    1.00    0.00    0.00    0.00    0.00    0.00   99.00
06:19:48       1    0.00    0.00    0.00    0.00    0.00    0.00    0.00    0.00  100.00
06:19:48       2    5.05    0.00    2.02    1.01    0.00    0.00    0.00    0.00   91.92
06:19:48       3    1.02    0.00    0.00    0.00    0.00    0.00    0.00    0.00   98.98
06:19:48       4    0.00    0.00    4.00    0.00    0.00    0.00    0.00    1.00   95.00
06:19:48       5    3.03    0.00    1.01    0.00    0.00    0.00    0.00    0.00   95.96
06:19:48       6    0.99    0.00    0.99    0.00    0.00    0.00    0.00    0.00   98.02
06:19:48       7    0.00    0.00    1.00    0.00    0.00    0.00    0.00    0.00   99.00

06:19:48     CPU    %usr   %nice    %sys %iowait    %irq   %soft  %steal  %guest   %idle
06:19:49     all    1.13    0.00    1.01    0.00    0.00    0.00    0.00    0.13   97.73
06:19:49       0    0.00    0.00    0.00    0.00    0.00    0.00    0.00    0.00  100.00
06:19:49       1    0.00    0.00    1.01    0.00    0.00    0.00    0.00    0.00   98.99
06:19:49       2    0.00    0.00    2.00    0.00    0.00    0.00    0.00    1.00   98.00
06:19:49       3    8.00    0.00    4.00    0.00    0.00    0.00    0.00    0.00   88.00
06:19:49       4    1.02    0.00    1.02    0.00    0.00    0.00    0.00    0.00   97.96
06:19:49       5    0.00    0.00    0.00    0.00    0.00    0.00    0.00    0.00  100.00
06:19:49       6    0.00    0.00    1.01    0.00    0.00    0.00    0.00    0.00   98.99
06:19:49       7    0.00    0.00    0.00    0.00    0.00    0.00    0.00    0.00  100.00

06:19:49     CPU    %usr   %nice    %sys %iowait    %irq   %soft  %steal  %guest   %idle
06:19:50     all    1.13    0.00    1.38    0.38    0.00    0.00    0.00    0.25   96.86
06:19:50       0    0.00    0.00    0.00    1.01    0.00    0.00    0.00    0.00   98.99
06:19:50       1    0.00    0.00    0.00    0.00    0.00    0.00    0.00    0.00  100.00
06:19:50       2    8.00    0.00    4.00    1.00    0.00    0.00    0.00    0.00   87.00
06:19:50       3    1.01    0.00    1.01    0.00    0.00    0.00    0.00    0.00   97.98
06:19:50       4    0.00    0.00    1.98    0.99    0.00    0.00    0.00    1.98   96.04
06:19:50       5    0.00    0.00    0.00    0.00    0.00    0.00    0.00    0.00  100.00
06:19:50       6    0.00    0.00    1.98    0.99    0.00    0.00    0.00    0.99   96.04
06:19:50       7    0.00    0.00    0.00    0.00    0.00    0.00    0.00    0.00  100.00

06:19:50     CPU    %usr   %nice    %sys %iowait    %irq   %soft  %steal  %guest   %idle
06:19:51     all    1.76    0.00    1.64    0.25    0.00    0.00    0.00    0.13   96.23
06:19:51       0    0.00    0.00    2.00    0.00    0.00    0.00    0.00    1.00   97.00
06:19:51       1    1.01    0.00    1.01    0.00    0.00    0.00    0.00    0.00   97.98
06:19:51       2    6.19    0.00    5.15    0.00    0.00    0.00    0.00    0.00   88.66
06:19:51       3    6.00    0.00    2.00    0.00    0.00    0.00    0.00    0.00   92.00
06:19:51       4    1.02    0.00    1.02    2.04    0.00    0.00    0.00    0.00   95.92
06:19:51       5    0.99    0.00    0.99    0.00    0.00    0.00    0.00    0.00   98.02
06:19:51       6    0.00    0.00    0.00    0.00    0.00    0.00    0.00    1.01   98.99
06:19:51       7    0.00    0.00    0.99    0.00    0.00    0.00    0.00    0.00   99.01

06:19:51     CPU    %usr   %nice    %sys %iowait    %irq   %soft  %steal  %guest   %idle
06:19:52     all    1.13    0.00    1.26    0.00    0.00    0.13    0.00    0.25   97.24
06:19:52       0    0.00    0.00    1.00    0.00    0.00    0.00    0.00    0.00   99.00
06:19:52       1    0.00    0.00    1.01    0.00    0.00    0.00    0.00    0.00   98.99
06:19:52       2    7.07    0.00    3.03    0.00    0.00    0.00    0.00    0.00   89.90
06:19:52       3    2.00    0.00    1.00    0.00    0.00    0.00    0.00    0.00   97.00
06:19:52       4    0.00    0.00    4.00    0.00    0.00    0.00    0.00    0.00   96.00
06:19:52       5    0.00    0.00    1.00    0.00    0.00    0.00    0.00    1.00   98.00
06:19:52       6    0.00    0.00    1.00    0.00    0.00    0.00    0.00    0.00   99.00
06:19:52       7    0.00    0.00    0.00    0.00    0.00    0.00    0.00    0.00  100.00

06:19:52     CPU    %usr   %nice    %sys %iowait    %irq   %soft  %steal  %guest   %idle
06:19:53     all    1.39    0.00    0.88    0.13    0.00    0.00    0.00    0.63   96.97
06:19:53       0    0.00    0.00    1.01    0.00    0.00    0.00    0.00    1.01   97.98
06:19:53       1    0.00    0.00    0.00    0.00    0.00    0.00    0.00    0.00  100.00
06:19:53       2    5.00    0.00    2.00    0.00    0.00    0.00    0.00    1.00   92.00
06:19:53       3    4.12    0.00    1.03    0.00    0.00    0.00    0.00    0.00   94.85
06:19:53       4    2.04    0.00    1.02    1.02    0.00    0.00    0.00    0.00   95.92
06:19:53       5    1.01    0.00    0.00    0.00    0.00    0.00    0.00    0.00   98.99
06:19:53       6    0.00    0.00    1.00    0.00    0.00    0.00    0.00    2.00   97.00
06:19:53       7    0.00    0.00    0.00    0.00    0.00    0.00    0.00    0.00  100.00

06:19:53     CPU    %usr   %nice    %sys %iowait    %irq   %soft  %steal  %guest   %idle
06:19:54     all    1.14    0.00    1.52    0.25    0.00    0.00    0.00    3.28   93.81
06:19:54       0    0.00    0.00    1.01    1.01    0.00    1.01    0.00    4.04   92.93
06:19:54       1    0.00    0.00    0.00    0.00    0.00    0.00    0.00    0.00  100.00
06:19:54       2    6.00    0.00    6.00    0.00    0.00    0.00    0.00    6.00   82.00
06:19:54       3    2.02    0.00    2.02    0.00    0.00    0.00    0.00    0.00   95.96
06:19:54       4    0.00    0.00    1.02    0.00    0.00    0.00    0.00    4.08   94.90
06:19:54       5    0.00    0.00    0.00    0.00    0.00    0.00    0.00    6.00   94.00
06:19:54       6    0.00    0.00    2.02    0.00    0.00    0.00    0.00    7.07   90.91
06:19:54       7    0.00    0.00    0.00    0.00    0.00    0.00    0.00    1.00   99.00

06:19:54     CPU    %usr   %nice    %sys %iowait    %irq   %soft  %steal  %guest   %idle
06:19:55     all    1.13    0.00    1.51    0.38    0.00    0.13    0.00    2.01   94.84
06:19:55       0    0.00    0.00    3.03    0.00    0.00    1.01    0.00    1.01   94.95
06:19:55       1    1.01    0.00    1.01    0.00    0.00    0.00    0.00    0.00   97.98
06:19:55       2    4.00    0.00    3.00    1.00    0.00    0.00    0.00    5.00   87.00
06:19:55       3    3.06    0.00    1.02    0.00    0.00    0.00    0.00    1.02   94.90
06:19:55       4    0.00    0.00    1.01    2.02    0.00    0.00    0.00    2.02   94.95
06:19:55       5    0.99    0.00    0.99    0.00    0.00    0.00    0.00    0.99   97.03
06:19:55       6    0.00    0.00    1.01    1.01    0.00    0.00    0.00    4.04   93.94
06:19:55       7    0.00    0.00    0.00    0.00    0.00    0.00    0.00    0.99   99.01

06:19:55     CPU    %usr   %nice    %sys %iowait    %irq   %soft  %steal  %guest   %idle
06:19:56     all    1.65    0.00    3.05    0.00    0.00    0.00    0.00   14.09   81.22
06:19:56       0    0.00    0.00    3.09    0.00    0.00    0.00    0.00   29.90   67.01
06:19:56       1    0.00    0.00    1.02    0.00    0.00    0.00    0.00   19.39   79.59
06:19:56       2    1.02    0.00    5.10    0.00    0.00    0.00    0.00    6.12   87.76
06:19:56       3    4.08    0.00    5.10    0.00    0.00    0.00    0.00   12.24   78.57
06:19:56       4    2.00    0.00    2.00    0.00    0.00    0.00    0.00   11.00   85.00
06:19:56       5    1.01    0.00    3.03    0.00    0.00    0.00    0.00    6.06   89.90
06:19:56       6    2.02    0.00    2.02    0.00    0.00    0.00    0.00   17.17   78.79
06:19:56       7    2.04    0.00    3.06    0.00    0.00    0.00    0.00   11.22   83.67

06:19:56     CPU    %usr   %nice    %sys %iowait    %irq   %soft  %steal  %guest   %idle
06:19:57     all    2.26    0.00    2.76    0.75    0.00    0.13    0.00   23.49   70.60
06:19:57       0    3.00    0.00    3.00    3.00    0.00    0.00    0.00   24.00   67.00
06:19:57       1    0.99    0.00    0.99    0.00    0.00    0.00    0.00   40.59   57.43
06:19:57       2    2.04    0.00    2.04    0.00    0.00    0.00    0.00   10.20   85.71
06:19:57       3    0.00    0.00    1.02    0.00    0.00    0.00    0.00    4.08   95.92
06:19:57       4    6.93    0.00    8.91    0.00    0.00    0.00    0.00    0.00   84.16
06:19:57       5    3.03    0.00    2.02    0.00    0.00    0.00    0.00   37.37   57.58
06:19:57       6    1.01    0.00    4.04    2.02    0.00    0.00    0.00    0.00   92.93
06:19:57       7    0.99    0.00    1.98    0.00    0.00    0.00    0.00   72.28   24.75

06:19:57     CPU    %usr   %nice    %sys %iowait    %irq   %soft  %steal  %guest   %idle
06:19:58     all    1.76    0.00    2.63    1.38    0.00    0.00    0.00   25.09   69.13
06:19:58       0    1.01    0.00    4.04    0.00    0.00    0.00    0.00   22.22   72.73
06:19:58       1    0.00    0.00    1.02    1.02    0.00    0.00    0.00   36.73   61.22
06:19:58       2    3.96    0.00    5.94    5.94    0.00    0.00    0.00   15.84   68.32
06:19:58       3    1.00    0.00    1.00    0.00    0.00    0.00    0.00    0.00   98.00
06:19:58       4    5.05    0.00    3.03    3.03    0.00    0.00    0.00   20.20   68.69
06:19:58       5    3.03    0.00    1.01    0.00    0.00    0.00    0.00   14.14   81.82
06:19:58       6    0.00    0.00    4.04    1.01    0.00    0.00    0.00   43.43   51.52
06:19:58       7    0.00    0.00    0.00    1.01    0.00    0.00    0.00   48.48   50.51

06:19:58     CPU    %usr   %nice    %sys %iowait    %irq   %soft  %steal  %guest   %idle
06:19:59     all    2.38    0.00    2.00    0.25    0.00    0.00    0.00   29.54   65.83
06:19:59       0    2.97    0.00    0.99    0.99    0.00    0.00    0.00   21.78   73.27
06:19:59       1    1.96    0.00    2.94    0.98    0.00    0.00    0.00   65.69   28.43
06:19:59       2    1.01    0.00    2.02    0.00    0.00    0.00    0.00   40.40   56.57
06:19:59       3    2.00    0.00    1.00    0.00    0.00    0.00    0.00   21.00   76.00
06:19:59       4    1.00    0.00    5.00    1.00    0.00    0.00    0.00    8.00   85.00
06:19:59       5    9.09    0.00    1.01    0.00    0.00    0.00    0.00    0.00   89.90
06:19:59       6    0.99    0.00    0.99    0.00    0.00    0.00    0.00   77.23   20.79
06:19:59       7    1.01    0.00    1.01    0.00    0.00    0.00    0.00    0.00   97.98

06:19:59     CPU    %usr   %nice    %sys %iowait    %irq   %soft  %steal  %guest   %idle
06:20:00     all    0.13    0.00    1.13    0.50    0.00    0.00    0.00   12.33   85.91
06:20:00       0    0.00    0.00    1.02    1.02    0.00    0.00    0.00    7.14   90.82
06:20:00       1    0.00    0.00    1.01    1.01    0.00    0.00    0.00   14.14   84.85
06:20:00       2    0.00    0.00    3.03    0.00    0.00    0.00    0.00   12.12   84.85
06:20:00       3    0.00    0.00    0.00    0.00    0.00    0.00    0.00    0.00  100.00
06:20:00       4    0.00    0.00    2.06    0.00    0.00    0.00    0.00   48.45   49.48
06:20:00       5    0.00    0.00    1.00    0.00    0.00    0.00    0.00    7.00   92.00
06:20:00       6    0.00    0.00    2.00    0.00    0.00    0.00    0.00   12.00   87.00
06:20:00       7    0.00    0.00    0.00    0.00    0.00    0.00    0.00    0.00  100.00

06:20:00     CPU    %usr   %nice    %sys %iowait    %irq   %soft  %steal  %guest   %idle
06:20:01     all    0.50    0.00    0.75    0.38    0.00    0.00    0.00   14.93   83.44
06:20:01       0    0.99    0.00    1.98    1.98    0.00    0.00    0.00    8.91   86.14
06:20:01       1    0.00    0.00    0.00    0.00    0.00    0.00    0.00    0.00  100.00
06:20:01       2    0.00    0.00    1.00    1.00    0.00    0.00    0.00   10.00   88.00
06:20:01       3    4.00    0.00    0.00    0.00    0.00    0.00    0.00    0.00   96.00
06:20:01       4    0.00    0.00    1.01    0.00    0.00    0.00    0.00   18.18   80.81
06:20:01       5    0.00    0.00    1.00    0.00    0.00    0.00    0.00   81.00   18.00
06:20:01       6    0.00    0.00    1.01    0.00    0.00    0.00    0.00    1.01   97.98
06:20:01       7    0.00    0.00    0.00    0.00    0.00    0.00    0.00    0.00  100.00

06:20:01     CPU    %usr   %nice    %sys %iowait    %irq   %soft  %steal  %guest   %idle
06:20:02     all    0.00    0.00    0.75    0.75    0.00    0.00    0.00   25.88   72.61
06:20:02       0    0.00    0.00    0.00    3.06    0.00    0.00    0.00   17.35   79.59
06:20:02       1    0.99    0.00    0.99    1.98    0.00    0.00    0.00   47.52   48.51
06:20:02       2    0.00    0.00    2.04    0.00    0.00    0.00    0.00    1.02   96.94
06:20:02       3    0.00    0.00    0.00    0.00    0.00    0.00    0.00   27.55   72.45
06:20:02       4    0.00    0.00    1.02    0.00    0.00    0.00    0.00   53.06   45.92
06:20:02       5    0.00    0.00    0.00    0.00    0.00    0.00    0.00   11.00   89.00
06:20:02       6    0.99    0.00    0.99    0.00    0.00    0.00    0.00   47.52   50.50
06:20:02       7    0.00    0.00    0.00    0.00    0.00    0.00    0.00    0.00  100.00

06:20:02     CPU    %usr   %nice    %sys %iowait    %irq   %soft  %steal  %guest   %idle
06:20:03     all    0.13    0.00    1.88    0.13    0.00    0.00    0.00   19.22   78.64
06:20:03       0    0.00    0.00    1.00    0.00    0.00    0.00    0.00    1.00   98.00
06:20:03       1    0.00    0.00    4.00    0.00    0.00    0.00    0.00   50.00   46.00
06:20:03       2    1.00    0.00    3.00    0.00    0.00    0.00    0.00    1.00   95.00
06:20:03       3    0.00    0.00    1.02    0.00    0.00    1.02    0.00   28.57   69.39
06:20:03       4    0.00    0.00    2.97    0.99    0.00    0.00    0.00   29.70   66.34
06:20:03       5    0.00    0.00    0.00    0.00    0.00    0.00    0.00    0.00  100.00
06:20:03       6    0.00    0.00    3.03    0.00    0.00    0.00    0.00   44.44   52.53
06:20:03       7    0.00    0.00    0.00    0.00    0.00    0.00    0.00    0.00  100.00

06:20:03     CPU    %usr   %nice    %sys %iowait    %irq   %soft  %steal  %guest   %idle
06:20:04     all    0.13    0.00    0.75    0.50    0.00    0.13    0.00   25.35   73.15
06:20:04       0    0.00    0.00    1.00    4.00    0.00    0.00    0.00    0.00   95.00
06:20:04       1    0.00    0.00    1.00    0.00    0.00    0.00    0.00   48.00   51.00
06:20:04       2    1.01    0.00    2.02    1.01    0.00    0.00    0.00    0.00   95.96
06:20:04       3    0.00    0.00    1.00    0.00    0.00    0.00    0.00   27.00   73.00
06:20:04       4    0.00    0.00    2.00    0.00    0.00    0.00    0.00   96.00    2.00
06:20:04       5    1.01    0.00    0.00    0.00    0.00    0.00    0.00    2.02   96.97
06:20:04       6    0.00    0.00    0.00    0.00    0.00    0.00    0.00   28.00   72.00
06:20:04       7    0.00    0.00    0.00    0.00    0.00    0.00    0.00    0.00  100.00

06:20:04     CPU    %usr   %nice    %sys %iowait    %irq   %soft  %steal  %guest   %idle
06:20:05     all    0.00    0.00    0.50    0.25    0.00    0.13    0.00    5.40   93.73
06:20:05       0    0.00    0.00    0.00    1.00    0.00    1.00    0.00    8.00   90.00
06:20:05       1    0.00    0.00    0.00    0.00    0.00    0.00    0.00    0.00  100.00
06:20:05       2    0.00    0.00    2.02    0.00    0.00    0.00    0.00   10.10   87.88
06:20:05       3    0.99    0.00    0.00    0.00    0.00    0.00    0.00    0.00   99.01
06:20:05       4    0.00    0.00    1.01    0.00    0.00    0.00    0.00   13.13   85.86
06:20:05       5    0.00    0.00    0.00    0.00    0.00    0.00    0.00    2.00   99.00
06:20:05       6    0.00    0.00    1.02    0.00    0.00    0.00    0.00   12.24   87.76
06:20:05       7    0.00    0.00    0.00    0.00    0.00    0.00    0.00    0.00  100.00

06:20:05     CPU    %usr   %nice    %sys %iowait    %irq   %soft  %steal  %guest   %idle
06:20:06     all    0.00    0.00    0.50    0.25    0.00    0.00    0.00    0.63   98.75
06:20:06       0    0.00    0.00    1.00    2.00    0.00    0.00    0.00    1.00   96.00
06:20:06       1    0.00    0.00    0.00    0.00    0.00    0.00    0.00    0.00  100.00
06:20:06       2    0.00    0.00    2.02    0.00    0.00    0.00    0.00    0.00   97.98
06:20:06       3    0.00    0.00    0.00    0.00    0.00    0.00    0.00    1.02  100.00
06:20:06       4    0.00    0.00    0.00    1.01    0.00    0.00    0.00    1.01   97.98
06:20:06       5    0.00    0.00    0.00    0.00    0.00    0.00    0.00    0.00  100.00
06:20:06       6    1.00    0.00    0.00    0.00    0.00    0.00    0.00    0.00   99.00
06:20:06       7    0.00    0.00    0.00    0.00    0.00    0.00    0.00    0.00  100.00

06:20:06     CPU    %usr   %nice    %sys %iowait    %irq   %soft  %steal  %guest   %idle
06:20:07     all    0.25    0.00    0.38    0.00    0.00    0.00    0.00    0.13   99.25
06:20:07       0    0.00    0.00    1.00    0.00    0.00    0.00    0.00    0.00   99.00
06:20:07       1    0.00    0.00    0.00    0.00    0.00    0.00    0.00    1.00  100.00
06:20:07       2    0.00    0.00    0.00    0.00    0.00    0.00    0.00    0.00  100.00
06:20:07       3    0.00    0.00    0.00    0.00    0.00    0.00    0.00    0.00  100.00
06:20:07       4    2.00    0.00    2.00    0.00    0.00    0.00    0.00    0.00   96.00
06:20:07       5    0.00    0.00    1.00    0.00    0.00    0.00    0.00    0.00   99.00
06:20:07       6    0.00    0.00    0.00    0.00    0.00    0.00    0.00    0.00  100.00
06:20:07       7    0.00    0.00    0.00    0.00    0.00    0.00    0.00    0.00  100.00

06:20:07     CPU    %usr   %nice    %sys %iowait    %irq   %soft  %steal  %guest   %idle
06:20:08     all    0.13    0.00    0.38    0.38    0.00    0.00    0.00    0.88   98.25
06:20:08       0    0.00    0.00    0.00    2.00    0.00    0.00    0.00    1.00   97.00
06:20:08       1    0.00    0.00    0.00    1.01    0.00    0.00    0.00    0.00   98.99
06:20:08       2    0.00    0.00    0.00    0.00    0.00    0.00    0.00    0.99   99.01
06:20:08       3    0.00    0.00    0.00    0.00    0.00    0.00    0.00    4.00   96.00
06:20:08       4    0.00    0.00    0.00    0.00    0.00    0.00    0.00    0.00  100.00
06:20:08       5    1.00    0.00    0.00    0.00    0.00    0.00    0.00    0.00   99.00
06:20:08       6    0.00    0.00    2.04    0.00    0.00    0.00    0.00    0.00   97.96
06:20:08       7    0.00    0.00    0.00    0.00    0.00    0.00    0.00    2.97   97.03

06:20:08     CPU    %usr   %nice    %sys %iowait    %irq   %soft  %steal  %guest   %idle
06:20:09     all    0.13    0.00    0.38    0.13    0.00    0.00    0.00    1.13   98.25
06:20:09       0    0.00    0.00    0.00    0.00    0.00    0.00    0.00    0.00  100.00
06:20:09       1    0.00    0.00    0.00    0.00    0.00    0.00    0.00    0.00  100.00
06:20:09       2    1.00    0.00    0.00    0.00    0.00    0.00    0.00    0.00   99.00
06:20:09       3    1.01    0.00    0.00    0.00    0.00    0.00    0.00    4.04   94.95
06:20:09       4    0.00    0.00    0.00    0.00    0.00    0.00    0.00    0.00  100.00
06:20:09       5    0.00    0.00    0.00    0.00    0.00    0.00    0.00    1.00   99.00
06:20:09       6    0.99    0.00    2.97    0.00    0.00    0.00    0.00    0.00   96.04
06:20:09       7    0.00    0.00    0.00    0.00    0.00    0.00    0.00    2.00   98.00

06:20:09     CPU    %usr   %nice    %sys %iowait    %irq   %soft  %steal  %guest   %idle
06:20:10     all    0.00    0.00    0.38    0.13    0.00    0.00    0.00    0.63   98.87
06:20:10       0    0.00    0.00    0.00    1.00    0.00    0.00    0.00    1.00   98.00
06:20:10       1    0.00    0.00    0.00    0.00    0.00    0.00    0.00    1.00   99.00
06:20:10       2    0.00    0.00    0.00    1.00    0.00    0.00    0.00    1.00   99.00
06:20:10       3    0.00    0.00    0.99    0.00    0.00    0.00    0.00    2.97   97.03
06:20:10       4    0.00    0.00    0.00    0.00    0.00    0.00    0.00    0.00  100.00
06:20:10       5    0.00    0.00    0.00    0.00    0.00    0.00    0.00    1.01  100.00
06:20:10       6    0.00    0.00    2.02    0.00    0.00    0.00    0.00    0.00   97.98
06:20:10       7    0.00    0.00    1.00    0.00    0.00    0.00    0.00    0.00   99.00

06:20:10     CPU    %usr   %nice    %sys %iowait    %irq   %soft  %steal  %guest   %idle
06:20:11     all    0.63    0.00    0.50    0.13    0.00    0.00    0.00    0.63   98.12
06:20:11       0    0.00    0.00    0.00    0.00    0.00    0.00    0.00    0.00  100.00
06:20:11       1    0.00    0.00    0.00    0.00    0.00    0.00    0.00    1.01   98.99
06:20:11       2    0.00    0.00    0.00    0.00    0.00    0.00    0.00    0.00  100.00
06:20:11       3    4.95    0.00    0.00    0.00    0.00    0.00    0.00    0.00   95.05
06:20:11       4    0.00    0.00    0.00    0.00    0.00    0.00    0.00    1.01  100.00
06:20:11       5    1.00    0.00    1.00    0.00    0.00    0.00    0.00    3.00   95.00
06:20:11       6    0.00    0.00    3.00    0.00    0.00    0.00    0.00    0.00   97.00
06:20:11       7    0.00    0.00    0.00    0.00    0.00    0.00    0.00    0.00  100.00

06:20:11     CPU    %usr   %nice    %sys %iowait    %irq   %soft  %steal  %guest   %idle
06:20:12     all    0.13    0.00    0.63    0.00    0.00    0.00    0.00    4.02   95.23
06:20:12       0    0.00    0.00    0.00    0.00    0.00    0.00    0.00    1.02   98.98
06:20:12       1    0.00    0.00    0.00    0.00    0.00    0.00    0.00    6.12   93.88
06:20:12       2    0.00    0.00    0.00    0.00    0.00    0.00    0.00    0.00  100.00
06:20:12       3    0.00    0.00    0.00    0.00    0.00    0.00    0.00    8.08   91.92
06:20:12       4    0.98    0.00    0.00    0.00    0.00    0.00    0.00    0.98   98.04
06:20:12       5    0.00    0.00    1.96    0.00    0.00    0.00    0.00    6.86   91.18
06:20:12       6    1.00    0.00    2.00    0.00    0.00    0.00    0.00    0.00   97.00
06:20:12       7    0.00    0.00    0.00    0.00    0.00    0.00    0.00    8.08   91.92

06:20:12     CPU    %usr   %nice    %sys %iowait    %irq   %soft  %steal  %guest   %idle
06:20:13     all    0.00    0.00    0.38    0.25    0.00    0.00    0.00    0.63   98.75
06:20:13       0    0.00    0.00    0.00    1.00    0.00    0.00    0.00    2.00   97.00
06:20:13       1    0.00    0.00    0.00    0.00    0.00    0.00    0.00    1.00   99.00
06:20:13       2    0.00    0.00    0.00    0.00    0.00    0.00    0.00    0.00  100.00
06:20:13       3    0.00    0.00    1.00    0.00    0.00    0.00    0.00    0.00   99.00
06:20:13       4    0.00    0.00    0.00    0.00    0.00    0.00    0.00    0.00  100.00
06:20:13       5    0.00    0.00    0.00    0.00    0.00    0.00    0.00    0.00  100.00
06:20:13       6    0.00    0.00    3.00    1.00    0.00    0.00    0.00    0.00   96.00
06:20:13       7    0.00    0.00    0.00    0.00    0.00    0.00    0.00    1.98   98.02

06:20:13     CPU    %usr   %nice    %sys %iowait    %irq   %soft  %steal  %guest   %idle
06:20:14     all    0.00    0.00    0.50    0.13    0.00    0.00    0.00    0.88   98.50
06:20:14       0    0.00    0.00    0.00    0.00    0.00    0.00    0.00    0.00  100.00
06:20:14       1    0.00    0.00    0.00    0.00    0.00    0.00    0.00    0.00  100.00
06:20:14       2    1.00    0.00    0.00    1.00    0.00    0.00    0.00    0.00   98.00
06:20:14       3    0.00    0.00    0.00    0.00    0.00    0.00    0.00    4.00   96.00
06:20:14       4    0.00    0.00    0.00    0.00    0.00    0.00    0.00    1.01  100.00
06:20:14       5    0.99    0.00    0.00    0.00    0.00    0.00    0.00    0.00   99.01
06:20:14       6    0.00    0.00    2.02    1.01    0.00    0.00    0.00    0.00   96.97
06:20:14       7    0.00    0.00    0.00    0.00    0.00    0.00    0.00    1.00   99.00

06:20:14     CPU    %usr   %nice    %sys %iowait    %irq   %soft  %steal  %guest   %idle
06:20:15     all    0.00    0.00    1.27    0.00    0.00    0.00    0.00   13.32   85.41
06:20:15       0    0.00    0.00    0.00    0.00    0.00    1.03    0.00    4.12   94.85
06:20:15       1    0.00    0.00    0.00    0.00    0.00    0.00    0.00    6.06   93.94
06:20:15       2    0.00    0.00    1.01    0.00    0.00    0.00    0.00    4.04   94.95
06:20:15       3    0.00    0.00    1.00    0.00    0.00    0.00    0.00    0.00   99.00
06:20:15       4    1.01    0.00    2.02    0.00    0.00    0.00    0.00   29.29   67.68
06:20:15       5    0.00    0.00    3.06    0.00    0.00    0.00    0.00   22.45   75.51
06:20:15       6    0.00    0.00    1.02    0.00    0.00    0.00    0.00   15.31   84.69
06:20:15       7    0.00    0.00    2.02    0.00    0.00    0.00    0.00   26.26   71.72

06:20:15     CPU    %usr   %nice    %sys %iowait    %irq   %soft  %steal  %guest   %idle
06:20:16     all    0.00    0.00    1.38    0.00    0.00    0.13    0.00   22.58   75.91
06:20:16       0    0.00    0.00    0.00    0.00    0.00    0.00    0.00    0.00  100.00
06:20:16       1    0.99    0.00    0.99    0.00    0.00    0.99    0.00   16.83   80.20
06:20:16       2    0.99    0.00    2.97    0.00    0.00    0.00    0.00    0.00   96.04
06:20:16       3    0.00    0.00    2.02    0.00    0.00    0.00    0.00   24.24   73.74
06:20:16       4    0.00    0.00    2.02    0.00    0.00    0.00    0.00   97.98    0.00
06:20:16       5    0.00    0.00    2.97    0.00    0.00    0.00    0.00   38.61   58.42
06:20:16       6    0.00    0.00    1.00    0.00    0.00    0.00    0.00    0.00   99.00
06:20:16       7    0.00    0.00    0.00    0.00    0.00    0.00    0.00    1.02   98.98

06:20:16     CPU    %usr   %nice    %sys %iowait    %irq   %soft  %steal  %guest   %idle
06:20:17     all    0.25    0.00    1.25    0.13    0.00    0.00    0.00   28.16   70.21
06:20:17       0    0.00    0.00    0.00    1.00    0.00    0.00    0.00   14.00   85.00
06:20:17       1    0.00    0.00    1.00    0.00    0.00    0.00    0.00   18.00   81.00
06:20:17       2    0.00    0.00    2.02    0.00    0.00    0.00    0.00    0.00   97.98
06:20:17       3    0.00    0.00    1.96    0.00    0.00    0.00    0.00   37.25   60.78
06:20:17       4    0.00    0.00    2.00    0.00    0.00    0.00    0.00   37.00   61.00
06:20:17       5    0.00    0.00    2.00    0.00    0.00    0.00    0.00   59.00   39.00
06:20:17       6    0.00    0.00    0.00    0.00    0.00    0.00    0.00    0.00  100.00
06:20:17       7    0.00    0.00    1.98    0.00    0.00    0.00    0.00   61.39   36.63

06:20:17     CPU    %usr   %nice    %sys %iowait    %irq   %soft  %steal  %guest   %idle
06:20:18     all    0.00    0.00    1.26    0.75    0.00    0.00    0.00   29.52   68.47
06:20:18       0    0.00    0.00    2.00    1.00    0.00    0.00    0.00   20.00   77.00
06:20:18       1    0.00    0.00    0.00    0.00    0.00    0.00    0.00   52.04   47.96
06:20:18       2    0.00    0.00    1.03    2.06    0.00    0.00    0.00    9.28   88.66
06:20:18       3    0.00    0.00    0.00    0.00    0.00    0.00    0.00    0.00  100.00
06:20:18       4    0.99    0.00    1.98    0.00    0.00    0.00    0.00   69.31   27.72
06:20:18       5    1.01    0.00    2.02    0.00    0.00    0.00    0.00   72.73   24.24
06:20:18       6    0.00    0.00    1.01    0.00    0.00    0.00    0.00    7.07   91.92
06:20:18       7    0.00    0.00    1.00    2.00    0.00    0.00    0.00    4.00   93.00

06:20:18     CPU    %usr   %nice    %sys %iowait    %irq   %soft  %steal  %guest   %idle
06:20:19     all    0.00    0.00    1.01    0.63    0.00    0.00    0.00   22.24   76.26
06:20:19       0    0.00    0.00    0.00    2.02    0.00    0.00    0.00   18.18   79.80
06:20:19       1    0.00    0.00    0.98    0.98    0.00    0.00    0.00    2.94   95.10
06:20:19       2    0.00    0.00    3.03    0.00    0.00    0.00    0.00   13.13   83.84
06:20:19       3    0.00    0.00    0.00    0.00    0.00    0.00    0.00   15.15   84.85
06:20:19       4    0.00    0.00    0.00    1.00    0.00    0.00    0.00   58.00   42.00
06:20:19       5    0.00    0.00    1.00    0.00    0.00    0.00    0.00   56.00   44.00
06:20:19       6    1.00    0.00    3.00    1.00    0.00    0.00    0.00   16.00   79.00
06:20:19       7    0.00    0.00    1.00    0.00    0.00    0.00    0.00    0.00   99.00

06:20:19     CPU    %usr   %nice    %sys %iowait    %irq   %soft  %steal  %guest   %idle
06:20:20     all    0.13    0.00    1.63    0.25    0.00    0.00    0.00   22.24   75.75
06:20:20       0    0.00    0.00    2.04    1.02    0.00    0.00    0.00   17.35   79.59
06:20:20       1    0.00    0.00    0.00    1.00    0.00    0.00    0.00    5.00   94.00
06:20:20       2    0.00    0.00    4.95    0.00    0.00    0.00    0.00   45.54   49.50
06:20:20       3    0.00    0.00    0.00    0.00    0.00    0.00    0.00   41.41   58.59
06:20:20       4    0.98    0.00    3.92    0.00    0.00    0.00    0.00   22.55   72.55
06:20:20       5    0.00    0.00    0.00    0.00    0.00    0.00    0.00    0.00  100.00
06:20:20       6    0.00    0.00    1.03    1.03    0.00    0.00    0.00   46.39   52.58
06:20:20       7    0.00    0.00    0.00    0.00    0.00    0.00    0.00    0.00  100.00

06:20:20     CPU    %usr   %nice    %sys %iowait    %irq   %soft  %steal  %guest   %idle
06:20:21     all    0.51    0.00    1.26    0.76    0.00    0.00    0.00   12.88   84.60
06:20:21       0    0.00    0.00    2.02    4.04    0.00    0.00    0.00    3.03   90.91
06:20:21       1    0.00    0.00    2.02    0.00    0.00    0.00    0.00   22.22   75.76
06:20:21       2    0.00    0.00    3.06    0.00    0.00    0.00    0.00    3.06   93.88
06:20:21       3    2.04    0.00    1.02    0.00    0.00    0.00    0.00   27.55   69.39
06:20:21       4    0.00    0.00    0.00    1.03    0.00    0.00    0.00   26.80   72.16
06:20:21       5    1.00    0.00    0.00    0.00    0.00    0.00    0.00    0.00   99.00
06:20:21       6    0.99    0.00    0.99    0.99    0.00    0.00    0.00   20.79   76.24
06:20:21       7    0.00    0.00    1.00    0.00    0.00    0.00    0.00    0.00   99.00

06:20:21     CPU    %usr   %nice    %sys %iowait    %irq   %soft  %steal  %guest   %idle
06:20:22     all    0.13    0.00    0.38    0.13    0.00    0.00    0.00    0.38   99.00
06:20:22       0    0.00    0.00    0.00    2.00    0.00    0.00    0.00    0.00   98.00
06:20:22       1    0.00    0.00    0.99    0.00    0.00    0.00    0.00    0.00   99.01
06:20:22       2    1.00    0.00    0.00    0.00    0.00    0.00    0.00    1.00   98.00
06:20:22       3    0.00    0.00    0.00    0.00    0.00    0.00    0.00    0.00  100.00
06:20:22       4    0.99    0.00    2.97    0.00    0.00    0.00    0.00    0.00   96.04
06:20:22       5    0.00    0.00    0.00    0.00    0.00    0.00    0.00    0.00  100.00
06:20:22       6    0.00    0.00    0.00    0.00    0.00    0.00    0.00    1.01   98.99
06:20:22       7    0.00    0.00    0.00    0.00    0.00    0.00    0.00    0.00  100.00

06:20:22     CPU    %usr   %nice    %sys %iowait    %irq   %soft  %steal  %guest   %idle
06:20:23     all    0.13    0.00    0.38    0.00    0.00    0.00    0.00    0.75   98.75
06:20:23       0    0.99    0.00    0.00    0.00    0.00    0.00    0.00    0.99   98.02
06:20:23       1    0.00    0.00    0.00    0.00    0.00    0.00    0.00    0.00  100.00
06:20:23       2    0.00    0.00    0.00    0.00    0.00    0.00    0.00    3.03   96.97
06:20:23       3    0.00    0.00    0.00    0.00    0.00    0.00    0.00    0.00  100.00
06:20:23       4    1.00    0.00    2.00    0.00    0.00    0.00    0.00    0.00   97.00
06:20:23       5    0.00    0.00    0.00    0.00    0.00    0.00    0.00    0.00  100.00
06:20:23       6    0.00    0.00    0.00    0.00    0.00    0.00    0.00    0.99   99.01
06:20:23       7    0.99    0.00    0.99    0.00    0.00    0.00    0.00    0.00   98.02

06:20:23     CPU    %usr   %nice    %sys %iowait    %irq   %soft  %steal  %guest   %idle
06:20:24     all    0.00    0.00    0.25    0.00    0.00    0.00    0.00    0.38   99.37
06:20:24       0    0.00    0.00    0.00    0.00    0.00    0.00    0.00    0.00  100.00
06:20:24       1    0.00    0.00    0.00    0.00    0.00    0.00    0.00    0.00  100.00
06:20:24       2    0.00    0.00    0.00    0.00    0.00    0.00    0.00    2.00   99.00
06:20:24       3    0.00    0.00    0.00    0.00    0.00    0.00    0.00    0.00  100.00
06:20:24       4    0.00    0.00    1.02    0.00    0.00    0.00    0.00    0.00   98.98
06:20:24       5    0.00    0.00    0.00    0.00    0.00    0.00    0.00    0.00  100.00
06:20:24       6    0.00    0.00    0.00    0.00    0.00    0.00    0.00    0.00  100.00
06:20:24       7    0.00    0.00    0.00    0.00    0.00    0.00    0.00    0.00  100.00

06:20:24     CPU    %usr   %nice    %sys %iowait    %irq   %soft  %steal  %guest   %idle
06:20:25     all    0.12    0.00    0.38    0.62    0.00    0.00    0.00    0.38   98.50
06:20:25       0    0.00    0.00    0.00    2.02    0.00    0.00    0.00    0.00   97.98
06:20:25       1    0.00    0.00    0.00    0.00    0.00    0.00    0.00    0.00  100.00
06:20:25       2    0.99    0.00    0.00    0.99    0.00    0.00    0.00    0.00   98.02
06:20:25       3    0.00    0.00    0.00    0.00    0.00    0.00    0.00    1.00   99.00
06:20:25       4    0.00    0.00    3.00    1.00    0.00    0.00    0.00    1.00   95.00
06:20:25       5    0.00    0.00    0.99    0.00    0.00    0.00    0.00    0.00   99.01
06:20:25       6    0.00    0.00    0.00    0.00    0.00    0.00    0.00    2.00   99.00
06:20:25       7    0.00    0.00    0.00    0.00    0.00    0.00    0.00    0.00  100.00

06:20:25     CPU    %usr   %nice    %sys %iowait    %irq   %soft  %steal  %guest   %idle
06:20:26     all    0.00    0.00    0.25    0.75    0.00    0.00    0.00    0.75   98.24
06:20:26       0    0.00    0.00    0.00    4.04    0.00    0.00    0.00    1.01   95.96
06:20:26       1    0.00    0.00    0.00    1.98    0.00    0.00    0.00    0.99   97.03
06:20:26       2    0.00    0.00    0.00    0.00    0.00    0.00    0.00    0.00  100.00
06:20:26       3    0.00    0.00    0.00    0.00    0.00    0.00    0.00    0.00  100.00
06:20:26       4    0.00    0.00    2.02    1.01    0.00    0.00    0.00    0.00   96.97
06:20:26       5    0.00    0.00    0.00    0.00    0.00    0.00    0.00    2.02   97.98
06:20:26       6    1.00    0.00    0.00    0.00    0.00    0.00    0.00    2.00   97.00
06:20:26       7    0.00    0.00    0.00    0.00    0.00    0.00    0.00    1.01  100.00

06:20:26     CPU    %usr   %nice    %sys %iowait    %irq   %soft  %steal  %guest   %idle
06:20:27     all    0.13    0.00    0.38    0.13    0.00    0.13    0.00    2.26   96.98
06:20:27       0    0.00    0.00    0.00    0.00    0.00    0.00    0.00    0.00  100.00
06:20:27       1    0.00    0.00    0.00    0.00    0.00    0.00    0.00    3.03   96.97
06:20:27       2    0.00    0.00    0.00    0.00    0.00    0.00    0.00    1.00   99.00
06:20:27       3    0.00    0.00    0.00    0.00    0.00    0.00    0.00    4.04   95.96
06:20:27       4    1.01    0.00    2.02    0.00    0.00    0.00    0.00    0.00   96.97
06:20:27       5    0.00    0.00    0.00    0.00    0.00    0.00    0.00    4.04   95.96
06:20:27       6    0.00    0.00    0.00    0.00    0.00    0.00    0.00    2.02   98.99
06:20:27       7    0.00    0.00    0.00    0.00    0.00    0.00    0.00    5.05   94.95

06:20:27     CPU    %usr   %nice    %sys %iowait    %irq   %soft  %steal  %guest   %idle
06:20:28     all    0.13    0.00    0.50    0.00    0.00    0.00    0.00    0.38   99.00
06:20:28       0    1.00    0.00    0.00    0.00    0.00    0.00    0.00    0.00   99.00
06:20:28       1    0.00    0.00    0.00    0.00    0.00    0.00    0.00    1.00   99.00
06:20:28       2    0.00    0.00    0.00    0.00    0.00    0.00    0.00    0.00  100.00
06:20:28       3    0.00    0.00    1.00    0.00    0.00    0.00    0.00    0.00   99.00
06:20:28       4    0.00    0.00    2.97    0.99    0.00    0.00    0.00    0.00   96.04
06:20:28       5    0.00    0.00    0.00    0.00    0.00    0.00    0.00    1.00   99.00
06:20:28       6    0.99    0.00    0.99    0.00    0.00    0.00    0.00    0.00   98.02
06:20:28       7    0.00    0.00    0.00    0.00    0.00    0.00    0.00    0.00  100.00

06:20:28     CPU    %usr   %nice    %sys %iowait    %irq   %soft  %steal  %guest   %idle
06:20:29     all    0.13    0.00    0.25    0.00    0.00    0.00    0.00    0.25   99.37
06:20:29       0    0.00    0.00    0.00    0.00    0.00    0.00    0.00    1.00   99.00
06:20:29       1    0.00    0.00    0.00    0.00    0.00    0.00    0.00    0.00  100.00
06:20:29       2    0.00    0.00    0.00    0.00    0.00    0.00    0.00    0.00  100.00
06:20:29       3    0.00    0.00    0.00    0.00    0.00    0.00    0.00    1.00   99.00
06:20:29       4    2.00    0.00    2.00    0.00    0.00    0.00    0.00    0.00   96.00
06:20:29       5    0.00    0.00    0.00    0.00    0.00    0.00    0.00    0.00  100.00
06:20:29       6    0.00    0.00    0.00    0.00    0.00    0.00    0.00    0.00  100.00
06:20:29       7    0.00    0.00    0.00    0.00    0.00    0.00    0.00    0.00  100.00
