Linux 3.2.0-39-generic (loadgen168) 	02/08/2013 	_x86_64_	(8 CPU)

06:19:54     CPU    %usr   %nice    %sys %iowait    %irq   %soft  %steal  %guest   %idle
06:19:55     all    1.64    0.00    1.52    0.00    0.00    0.00    0.00    0.25   96.59
06:19:55       0    0.00    0.00    2.08    0.00    0.00    0.00    0.00    0.00   97.92
06:19:55       1    0.00    0.00    2.00    0.00    0.00    0.00    0.00    0.00   98.00
06:19:55       2    4.12    0.00    2.06    0.00    0.00    0.00    0.00    0.00   93.81
06:19:55       3    8.08    0.00    4.04    0.00    0.00    0.00    0.00    0.00   87.88
06:19:55       4    0.00    0.00    1.01    0.00    0.00    0.00    0.00    1.01   97.98
06:19:55       5    1.01    0.00    0.00    0.00    0.00    0.00    0.00    0.00   98.99
06:19:55       6    0.99    0.00    0.00    0.00    0.00    0.00    0.00    0.00   99.01
06:19:55       7    0.00    0.00    0.00    0.00    0.00    0.00    0.00    0.00  100.00

06:19:55     CPU    %usr   %nice    %sys %iowait    %irq   %soft  %steal  %guest   %idle
06:19:56     all    1.00    0.00    1.38    0.00    0.00    0.00    0.00    0.38   97.24
06:19:56       0    0.00    0.00    2.02    0.00    0.00    0.00    0.00    0.00   97.98
06:19:56       1    0.00    0.00    0.00    0.00    0.00    0.00    0.00    0.00  100.00
06:19:56       2    4.00    0.00    2.00    0.00    0.00    0.00    0.00    0.00   94.00
06:19:56       3    4.00    0.00    4.00    0.00    0.00    0.00    0.00    0.00   92.00
06:19:56       4    0.00    0.00    2.00    0.00    0.00    0.00    0.00    1.00   97.00
06:19:56       5    0.00    0.00    1.00    0.00    0.00    0.00    0.00    0.00   99.00
06:19:56       6    0.00    0.00    0.00    0.00    0.00    0.00    0.00    2.00   99.00
06:19:56       7    0.00    0.00    0.00    0.00    0.00    0.00    0.00    0.00  100.00

06:19:56     CPU    %usr   %nice    %sys %iowait    %irq   %soft  %steal  %guest   %idle
06:19:57     all    1.01    0.00    1.26    0.00    0.00    0.00    0.00    0.13   97.61
06:19:57       0    0.00    0.00    5.00    0.00    0.00    0.00    0.00    1.00   95.00
06:19:57       1    0.00    0.00    0.00    0.00    0.00    0.00    0.00    0.00  100.00
06:19:57       2    3.03    0.00    3.03    0.00    0.00    0.00    0.00    0.00   93.94
06:19:57       3    5.00    0.00    2.00    0.00    0.00    0.00    0.00    0.00   93.00
06:19:57       4    0.00    0.00    0.00    0.00    0.00    0.00    0.00    0.00  100.00
06:19:57       5    0.00    0.00    0.00    0.00    0.00    0.00    0.00    0.00  100.00
06:19:57       6    0.00    0.00    0.00    0.00    0.00    0.00    0.00    1.00   99.00
06:19:57       7    0.00    0.00    0.00    0.00    0.00    0.00    0.00    0.00  100.00

06:19:57     CPU    %usr   %nice    %sys %iowait    %irq   %soft  %steal  %guest   %idle
06:19:58     all    1.00    0.00    1.13    0.00    0.00    0.13    0.00    0.38   97.37
06:19:58       0    0.99    0.00    2.97    0.00    0.00    0.00    0.00    0.00   96.04
06:19:58       1    0.00    0.00    0.00    0.00    0.00    0.00    0.00    0.00  100.00
06:19:58       2    4.00    0.00    2.00    0.00    0.00    1.00    0.00    0.00   93.00
06:19:58       3    4.04    0.00    2.02    0.00    0.00    0.00    0.00    0.00   93.94
06:19:58       4    0.00    0.00    1.00    0.00    0.00    0.00    0.00    1.00   98.00
06:19:58       5    0.00    0.00    0.00    0.00    0.00    0.00    0.00    0.00  100.00
06:19:58       6    0.00    0.00    0.00    0.00    0.00    0.00    0.00    1.98   98.02
06:19:58       7    0.00    0.00    0.00    0.00    0.00    0.00    0.00    0.00  100.00

06:19:58     CPU    %usr   %nice    %sys %iowait    %irq   %soft  %steal  %guest   %idle
06:19:59     all    1.64    0.00    1.38    0.00    0.00    0.00    0.00    0.13   96.86
06:19:59       0    0.00    0.00    2.04    0.00    0.00    0.00    0.00    1.02   96.94
06:19:59       1    0.00    0.00    0.00    0.00    0.00    0.00    0.00    0.00  100.00
06:19:59       2    6.00    0.00    3.00    0.00    0.00    0.00    0.00    0.00   91.00
06:19:59       3    5.94    0.00    4.95    0.00    0.00    0.00    0.00    0.00   89.11
06:19:59       4    0.00    0.00    1.01    0.00    0.00    0.00    0.00    0.00   98.99
06:19:59       5    0.00    0.00    0.00    0.00    0.00    0.00    0.00    0.00  100.00
06:19:59       6    0.00    0.00    0.00    0.00    0.00    0.00    0.00    0.00  100.00
06:19:59       7    0.00    0.00    0.00    0.00    0.00    0.00    0.00    0.00  100.00

06:19:59     CPU    %usr   %nice    %sys %iowait    %irq   %soft  %steal  %guest   %idle
06:20:00     all    1.38    0.00    0.88    0.00    0.00    0.00    0.00    0.25   97.49
06:20:00       0    0.00    0.00    0.00    0.00    0.00    0.00    0.00    0.00  100.00
06:20:00       1    0.00    0.00    1.01    0.00    0.00    0.00    0.00    0.00   98.99
06:20:00       2    0.99    0.00    0.00    0.00    0.00    0.00    0.00    0.99   98.02
06:20:00       3   10.10    0.00    3.03    0.00    0.00    0.00    0.00    0.00   86.87
06:20:00       4    0.00    0.00    3.00    0.00    0.00    0.00    0.00    0.00   97.00
06:20:00       5    1.01    0.00    0.00    0.00    0.00    0.00    0.00    0.00   98.99
06:20:00       6    0.00    0.00    1.00    0.00    0.00    0.00    0.00    0.00   99.00
06:20:00       7    0.00    0.00    0.00    0.00    0.00    0.00    0.00    0.00  100.00

06:20:00     CPU    %usr   %nice    %sys %iowait    %irq   %soft  %steal  %guest   %idle
06:20:01     all    1.39    0.00    1.26    0.00    0.00    0.00    0.00    0.00   97.36
06:20:01       0    0.00    0.00    1.00    0.00    0.00    0.00    0.00    0.00   99.00
06:20:01       1    0.00    0.00    0.00    0.00    0.00    0.00    0.00    0.00  100.00
06:20:01       2    6.06    0.00    4.04    0.00    0.00    0.00    0.00    0.00   89.90
06:20:01       3    2.02    0.00    1.01    0.00    0.00    0.00    0.00    0.00   96.97
06:20:01       4    0.00    0.00    3.03    0.00    0.00    0.00    0.00    0.00   96.97
06:20:01       5    2.02    0.00    1.01    0.00    0.00    0.00    0.00    0.00   96.97
06:20:01       6    0.00    0.00    0.00    0.00    0.00    0.00    0.00    1.00   99.00
06:20:01       7    0.00    0.00    0.00    0.00    0.00    0.00    0.00    0.00  100.00

06:20:01     CPU    %usr   %nice    %sys %iowait    %irq   %soft  %steal  %guest   %idle
06:20:02     all    1.01    0.00    1.26    0.00    0.00    0.00    0.00    0.75   96.98
06:20:02       0    0.00    0.00    0.00    0.00    0.00    0.00    0.00    2.04   98.98
06:20:02       1    0.00    0.00    0.00    0.00    0.00    0.00    0.00    0.00  100.00
06:20:02       2    0.99    0.00    0.99    0.00    0.00    0.00    0.00    1.98   96.04
06:20:02       3    7.00    0.00    5.00    0.00    0.00    0.00    0.00    0.00   88.00
06:20:02       4    0.00    0.00    4.04    0.00    0.00    0.00    0.00    1.01   94.95
06:20:02       5    1.00    0.00    0.00    0.00    0.00    0.00    0.00    0.00   99.00
06:20:02       6    0.00    0.00    0.00    0.00    0.00    0.00    0.00    1.01   98.99
06:20:02       7    1.00    0.00    0.00    0.00    0.00    0.00    0.00    0.00   99.00

06:20:02     CPU    %usr   %nice    %sys %iowait    %irq   %soft  %steal  %guest   %idle
06:20:03     all    1.39    0.00    0.76    0.00    0.00    0.00    0.00    0.00   97.86
06:20:03       0    0.00    0.00    0.00    0.00    0.00    0.00    0.00    0.00  100.00
06:20:03       1    1.01    0.00    0.00    0.00    0.00    0.00    0.00    0.00   98.99
06:20:03       2    2.02    0.00    1.01    0.00    0.00    0.00    0.00    0.00   96.97
06:20:03       3    7.07    0.00    3.03    0.00    0.00    0.00    0.00    0.00   89.90
06:20:03       4    0.00    0.00    2.02    0.00    0.00    0.00    0.00    0.00   97.98
06:20:03       5    0.00    0.00    0.00    0.00    0.00    0.00    0.00    0.00  100.00
06:20:03       6    0.00    0.00    0.00    0.00    0.00    0.00    0.00    0.00  100.00
06:20:03       7    0.00    0.00    1.00    0.00    0.00    0.00    0.00    0.00   99.00

06:20:03     CPU    %usr   %nice    %sys %iowait    %irq   %soft  %steal  %guest   %idle
06:20:04     all    0.75    0.00    2.01    0.00    0.00    0.00    0.00    1.64   95.60
06:20:04       0    1.00    0.00    1.00    0.00    0.00    0.00    0.00    2.00   96.00
06:20:04       1    0.00    0.00    1.01    0.00    0.00    0.00    0.00    0.00   98.99
06:20:04       2    2.02    0.00    3.03    0.00    0.00    0.00    0.00    1.01   93.94
06:20:04       3    4.00    0.00    5.00    0.00    0.00    0.00    0.00    1.00   90.00
06:20:04       4    1.00    0.00    1.00    0.00    0.00    0.00    0.00    2.00   96.00
06:20:04       5    0.99    0.00    0.99    0.00    0.00    0.00    0.00    3.96   94.06
06:20:04       6    0.00    0.00    3.03    0.00    0.00    0.00    0.00    2.02   94.95
06:20:04       7    0.00    0.00    0.00    0.00    0.00    0.00    0.00    0.00  100.00

06:20:04     CPU    %usr   %nice    %sys %iowait    %irq   %soft  %steal  %guest   %idle
06:20:05     all    1.52    0.00    2.02    0.13    0.00    0.00    0.00    2.53   93.81
06:20:05       0    1.02    0.00    1.02    0.00    0.00    0.00    0.00    2.04   95.92
06:20:05       1    0.00    0.00    0.00    0.00    0.00    0.00    0.00    0.00  100.00
06:20:05       2    3.06    0.00    3.06    0.00    0.00    0.00    0.00    3.06   90.82
06:20:05       3    7.00    0.00    7.00    0.00    0.00    0.00    0.00    1.00   85.00
06:20:05       4    0.00    0.00    3.03    0.00    0.00    0.00    0.00    5.05   92.93
06:20:05       5    1.01    0.00    2.02    0.00    0.00    0.00    0.00    1.01   95.96
06:20:05       6    0.00    0.00    1.01    0.00    0.00    0.00    0.00    7.07   91.92
06:20:05       7    0.00    0.00    0.00    0.00    0.00    0.00    0.00    1.01  100.00

06:20:05     CPU    %usr   %nice    %sys %iowait    %irq   %soft  %steal  %guest   %idle
06:20:06     all    1.77    0.00    2.15    0.00    0.00    0.13    0.00    1.39   94.57
06:20:06       0    0.00    0.00    1.02    0.00    0.00    1.02    0.00    2.04   95.92
06:20:06       1    0.00    0.00    0.00    0.00    0.00    0.00    0.00    0.00  100.00
06:20:06       2    6.86    0.00    4.90    0.00    0.00    0.98    0.00    3.92   83.33
06:20:06       3    3.00    0.00    3.00    0.00    0.00    0.00    0.00    1.00   93.00
06:20:06       4    1.01    0.00    2.02    0.00    0.00    0.00    0.00    3.03   93.94
06:20:06       5    2.02    0.00    1.01    0.00    0.00    0.00    0.00    0.00   96.97
06:20:06       6    0.00    0.00    2.04    0.00    0.00    0.00    0.00    1.02   96.94
06:20:06       7    2.02    0.00    2.02    0.00    0.00    0.00    0.00    0.00   95.96

06:20:06     CPU    %usr   %nice    %sys %iowait    %irq   %soft  %steal  %guest   %idle
06:20:07     all    3.53    0.00    2.02    0.00    0.00    0.13    0.00   15.64   78.69
06:20:07       0    0.00    0.00    2.04    0.00    0.00    1.02    0.00   20.41   76.53
06:20:07       1    1.00    0.00    1.00    0.00    0.00    0.00    0.00   14.00   84.00
06:20:07       2    1.02    0.00    2.04    0.00    0.00    0.00    0.00   39.80   57.14
06:20:07       3    4.95    0.00    2.97    0.00    0.00    0.00    0.00    8.91   83.17
06:20:07       4    0.00    0.00    2.08    0.00    0.00    0.00    0.00   18.75   79.17
06:20:07       5   17.82    0.00    1.98    0.00    0.00    0.00    0.00    0.00   80.20
06:20:07       6    0.00    0.00    3.88    0.00    0.00    0.00    0.00   24.27   71.84
06:20:07       7    2.02    0.00    2.02    0.00    0.00    0.00    0.00    0.00   95.96

06:20:07     CPU    %usr   %nice    %sys %iowait    %irq   %soft  %steal  %guest   %idle
06:20:08     all    1.26    0.00    0.88    0.00    0.00    0.00    0.00   25.69   72.17
06:20:08       0    0.00    0.00    0.00    0.00    0.00    0.00    0.00    6.19   93.81
06:20:08       1    2.00    0.00    1.00    0.00    0.00    0.00    0.00   65.00   32.00
06:20:08       2    0.00    0.00    0.99    0.00    0.00    0.00    0.00   47.52   51.49
06:20:08       3    0.00    0.00    2.04    0.00    0.00    0.00    0.00    1.02   96.94
06:20:08       4    4.08    0.00    0.00    0.00    0.00    0.00    0.00   58.16   37.76
06:20:08       5    3.03    0.00    1.01    0.00    0.00    0.00    0.00    0.00   95.96
06:20:08       6    0.00    0.00    0.00    0.00    0.00    0.00    0.00   27.55   72.45
06:20:08       7    0.00    0.00    0.00    0.00    0.00    0.00    0.00    0.00  100.00

06:20:08     CPU    %usr   %nice    %sys %iowait    %irq   %soft  %steal  %guest   %idle
06:20:09     all    1.26    0.00    1.26    3.15    0.00    0.00    0.00   25.22   69.10
06:20:09       0    1.02    0.00    2.04    4.08    0.00    0.00    0.00   13.27   79.59
06:20:09       1    0.00    0.00    0.00    0.00    0.00    0.00    0.00   37.11   62.89
06:20:09       2    2.04    0.00    1.02    6.12    0.00    0.00    0.00   10.20   80.61
06:20:09       3    1.00    0.00    1.00   10.00    0.00    0.00    0.00   28.00   60.00
06:20:09       4    3.96    0.00    3.96    1.98    0.00    0.00    0.00   26.73   63.37
06:20:09       5    3.00    0.00    1.00    0.00    0.00    0.00    0.00   31.00   65.00
06:20:09       6    0.00    0.00    1.01    3.03    0.00    0.00    0.00   29.29   66.67
06:20:09       7    0.00    0.00    0.00    0.00    0.00    0.00    0.00   25.00   75.00

06:20:09     CPU    %usr   %nice    %sys %iowait    %irq   %soft  %steal  %guest   %idle
06:20:10     all    1.51    0.00    2.14    1.39    0.00    0.00    0.00   29.97   64.99
06:20:10       0    1.00    0.00    4.00    2.00    0.00    0.00    0.00   13.00   80.00
06:20:10       1    0.00    0.00    0.99    0.00    0.00    0.00    0.00   85.15   13.86
06:20:10       2    1.01    0.00    3.03    6.06    0.00    0.00    0.00   15.15   74.75
06:20:10       3    1.02    0.00    2.04    2.04    0.00    0.00    0.00    0.00   94.90
06:20:10       4    3.09    0.00    5.15    0.00    0.00    0.00    0.00    0.00   91.75
06:20:10       5    0.00    0.00    0.00    0.00    0.00    0.00    0.00   46.46   53.54
06:20:10       6    3.00    0.00    1.00    1.00    0.00    0.00    0.00   62.00   33.00
06:20:10       7    3.03    0.00    1.01    0.00    0.00    0.00    0.00   16.16   79.80

06:20:10     CPU    %usr   %nice    %sys %iowait    %irq   %soft  %steal  %guest   %idle
06:20:11     all    1.63    0.00    1.25    0.00    0.00    0.00    0.00   13.93   83.19
06:20:11       0    1.01    0.00    0.00    0.00    0.00    0.00    0.00    4.04   94.95
06:20:11       1    4.08    0.00    1.02    0.00    0.00    0.00    0.00   20.41   74.49
06:20:11       2    0.99    0.00    0.99    0.00    0.00    0.00    0.00   60.40   37.62
06:20:11       3    0.99    0.00    0.99    0.00    0.00    0.00    0.00    0.00   98.02
06:20:11       4    0.00    0.00    2.02    0.00    0.00    0.00    0.00    1.01   96.97
06:20:11       5    4.00    0.00    3.00    0.00    0.00    0.00    0.00    0.00   93.00
06:20:11       6    0.00    0.00    0.00    0.00    0.00    0.00    0.00   21.21   78.79
06:20:11       7    1.98    0.00    1.98    0.00    0.00    0.00    0.00    3.96   92.08

06:20:11     CPU    %usr   %nice    %sys %iowait    %irq   %soft  %steal  %guest   %idle
06:20:12     all    1.13    0.00    1.13    0.00    0.00    0.00    0.00   17.46   80.28
06:20:12       0    0.00    0.00    2.04    0.00    0.00    0.00    0.00    0.00   97.96
06:20:12       1    1.01    0.00    1.01    0.00    0.00    0.00    0.00    0.00   97.98
06:20:12       2    0.00    0.00    1.00    0.00    0.00    0.00    0.00   70.00   29.00
06:20:12       3    3.03    0.00    1.01    0.00    0.00    0.00    0.00    2.02   93.94
06:20:12       4    1.00    0.00    0.00    0.00    0.00    0.00    0.00   16.00   83.00
06:20:12       5    3.00    0.00    1.00    0.00    0.00    0.00    0.00    8.00   88.00
06:20:12       6    0.00    0.00    0.99    0.00    0.00    0.00    0.00   32.67   66.34
06:20:12       7    2.97    0.00    1.98    0.00    0.00    0.00    0.00    9.90   85.15

06:20:12     CPU    %usr   %nice    %sys %iowait    %irq   %soft  %steal  %guest   %idle
06:20:13     all    1.01    0.00    1.13    0.00    0.00    0.00    0.00   26.57   71.28
06:20:13       0    0.00    0.00    0.00    0.00    0.00    0.00    0.00    1.01   98.99
06:20:13       1    2.02    0.00    1.01    0.00    0.00    0.00    0.00   36.36   60.61
06:20:13       2    1.01    0.00    4.04    0.00    0.00    0.00    0.00    0.00   94.95
06:20:13       3    3.03    0.00    2.02    0.00    0.00    0.00    0.00   20.20   74.75
06:20:13       4    0.00    0.00    0.00    0.00    0.00    0.00    0.00   14.14   85.86
06:20:13       5    0.00    0.00    0.00    0.00    0.00    0.00    0.00    2.04   98.98
06:20:13       6    0.00    0.00    1.00    0.00    0.00    0.00    0.00   75.00   24.00
06:20:13       7    1.01    0.00    0.00    0.00    0.00    0.00    0.00   64.65   34.34

06:20:13     CPU    %usr   %nice    %sys %iowait    %irq   %soft  %steal  %guest   %idle
06:20:14     all    0.88    0.00    1.39    0.38    0.00    0.00    0.00   23.08   74.27
06:20:14       0    1.02    0.00    1.02    2.04    0.00    0.00    0.00    0.00   95.92
06:20:14       1    0.00    0.00    0.00    0.00    0.00    0.00    0.00   61.22   38.78
06:20:14       2    4.95    0.00    3.96    0.99    0.00    0.00    0.00    0.00   90.10
06:20:14       3    0.00    0.00    1.01    0.00    0.00    0.00    0.00   20.20   78.79
06:20:14       4    0.00    0.00    1.01    0.00    0.00    0.00    0.00   50.51   48.48
06:20:14       5    0.00    0.00    1.00    0.00    0.00    0.00    0.00   18.00   81.00
06:20:14       6    1.00    0.00    3.00    1.00    0.00    0.00    0.00    0.00   95.00
06:20:14       7    0.00    0.00    1.02    0.00    0.00    0.00    0.00   35.71   64.29

06:20:14     CPU    %usr   %nice    %sys %iowait    %irq   %soft  %steal  %guest   %idle
06:20:15     all    2.01    0.00    1.63    0.00    0.00    0.00    0.00   11.31   85.05
06:20:15       0    0.00    0.00    1.02    0.00    0.00    0.00    0.00   12.24   87.76
06:20:15       1    0.00    0.00    1.00    0.00    0.00    0.00    0.00   20.00   79.00
06:20:15       2   10.10    0.00    4.04    0.00    0.00    0.00    0.00    0.00   85.86
06:20:15       3    1.00    0.00    1.00    0.00    0.00    0.00    0.00   40.00   58.00
06:20:15       4    0.00    0.00    1.00    0.00    0.00    0.00    0.00   15.00   84.00
06:20:15       5    3.03    0.00    2.02    0.00    0.00    0.00    0.00    0.00   94.95
06:20:15       6    1.00    0.00    2.00    0.00    0.00    0.00    0.00    1.00   96.00
06:20:15       7    0.98    0.00    0.98    0.00    0.00    0.00    0.00    2.94   95.10

06:20:15     CPU    %usr   %nice    %sys %iowait    %irq   %soft  %steal  %guest   %idle
06:20:16     all    1.01    0.00    1.51    0.63    0.00    0.00    0.00    4.91   91.94
06:20:16       0    0.99    0.00    2.97    0.00    0.00    0.00    0.00    3.96   92.08
06:20:16       1    0.00    0.00    2.02    3.03    0.00    0.00    0.00   15.15   79.80
06:20:16       2    2.02    0.00    2.02    1.01    0.00    0.00    0.00    2.02   92.93
06:20:16       3    2.00    0.00    1.00    0.00    0.00    0.00    0.00    4.00   93.00
06:20:16       4    2.02    0.00    1.01    0.00    0.00    0.00    0.00    6.06   90.91
06:20:16       5    0.00    0.00    1.01    0.00    0.00    0.00    0.00    0.00   98.99
06:20:16       6    3.03    0.00    3.03    0.00    0.00    0.00    0.00    0.00   93.94
06:20:16       7    0.00    0.00    0.00    0.00    0.00    0.00    0.00    7.14   92.86

06:20:16     CPU    %usr   %nice    %sys %iowait    %irq   %soft  %steal  %guest   %idle
06:20:17     all    1.25    0.00    1.13    0.00    0.00    0.00    0.00    0.75   96.86
06:20:17       0    1.01    0.00    0.00    0.00    0.00    0.00    0.00    0.00   98.99
06:20:17       1    0.00    0.00    1.00    0.00    0.00    0.00    0.00    1.00   98.00
06:20:17       2    7.07    0.00    3.03    0.00    0.00    0.00    0.00    0.00   89.90
06:20:17       3    1.02    0.00    1.02    0.00    0.00    0.00    0.00    0.00   97.96
06:20:17       4    0.00    0.00    2.97    0.00    0.00    0.00    0.00    1.98   95.05
06:20:17       5    0.00    0.00    0.00    0.00    0.00    0.00    0.00    0.00  100.00
06:20:17       6    1.00    0.00    0.00    0.00    0.00    0.00    0.00    2.00   97.00
06:20:17       7    0.00    0.00    0.00    0.00    0.00    0.00    0.00    1.00  100.00

06:20:17     CPU    %usr   %nice    %sys %iowait    %irq   %soft  %steal  %guest   %idle
06:20:18     all    1.14    0.00    0.88    0.00    0.00    0.13    0.00    0.63   97.22
06:20:18       0    0.00    0.00    0.00    0.00    0.00    0.00    0.00    1.02  100.00
06:20:18       1    0.00    0.00    0.00    0.00    0.00    0.00    0.00    0.00  100.00
06:20:18       2    5.10    0.00    2.04    0.00    0.00    0.00    0.00    0.00   92.86
06:20:18       3    1.98    0.00    2.97    0.00    0.00    0.00    0.00    3.96   91.09
06:20:18       4    0.00    0.00    3.03    0.00    0.00    0.00    0.00    1.01   95.96
06:20:18       5    0.00    0.00    0.00    0.00    0.00    0.00    0.00    0.00  100.00
06:20:18       6    0.00    0.00    0.00    0.00    0.00    0.00    0.00    0.00  100.00
06:20:18       7    1.00    0.00    0.00    0.00    0.00    0.00    0.00    0.00   99.00

06:20:18     CPU    %usr   %nice    %sys %iowait    %irq   %soft  %steal  %guest   %idle
06:20:19     all    0.76    0.00    0.88    0.00    0.00    0.00    0.00    0.13   98.23
06:20:19       0    0.99    0.00    0.99    0.00    0.00    0.00    0.00    0.00   98.02
06:20:19       1    0.00    0.00    0.00    0.00    0.00    0.00    0.00    0.00  100.00
06:20:19       2    3.06    0.00    1.02    0.00    0.00    0.00    0.00    0.00   95.92
06:20:19       3    2.00    0.00    1.00    0.00    0.00    0.00    0.00    0.00   97.00
06:20:19       4    1.00    0.00    3.00    0.00    0.00    0.00    0.00    0.00   96.00
06:20:19       5    2.02    0.00    1.01    0.00    0.00    0.00    0.00    0.00   96.97
06:20:19       6    0.00    0.00    0.00    0.00    0.00    0.00    0.00    0.00  100.00
06:20:19       7    0.00    0.00    0.00    0.00    0.00    0.00    0.00    0.00  100.00

06:20:19     CPU    %usr   %nice    %sys %iowait    %irq   %soft  %steal  %guest   %idle
06:20:20     all    0.13    0.00    0.63    0.13    0.00    0.00    0.00    0.88   98.24
06:20:20       0    0.00    0.00    0.00    0.00    0.00    0.00    0.00    1.01   98.99
06:20:20       1    0.00    0.00    0.00    1.01    0.00    0.00    0.00    3.03   95.96
06:20:20       2    0.00    0.00    1.00    0.00    0.00    0.00    0.00    0.00   99.00
06:20:20       3    1.01    0.00    0.00    0.00    0.00    0.00    0.00    0.00   98.99
06:20:20       4    1.00    0.00    3.00    0.00    0.00    0.00    0.00    0.00   96.00
06:20:20       5    1.00    0.00    1.00    0.00    0.00    0.00    0.00    1.00   97.00
06:20:20       6    0.00    0.00    0.00    0.00    0.00    0.00    0.00    1.01   98.99
06:20:20       7    0.00    0.00    0.00    0.00    0.00    0.00    0.00    0.00  100.00

06:20:20     CPU    %usr   %nice    %sys %iowait    %irq   %soft  %steal  %guest   %idle
06:20:21     all    0.38    0.00    0.25    0.50    0.00    0.00    0.00    1.13   97.74
06:20:21       0    0.00    0.00    0.00    3.00    0.00    0.00    0.00    0.00   97.00
06:20:21       1    0.00    0.00    0.00    1.00    0.00    0.00    0.00    2.00   97.00
06:20:21       2    0.00    0.00    0.00    0.00    0.00    0.00    0.00    3.96   96.04
06:20:21       3    0.00    0.00    0.00    0.00    0.00    0.00    0.00    1.00   99.00
06:20:21       4    0.00    0.00    2.02    0.00    0.00    0.00    0.00    1.01   97.98
06:20:21       5    3.00    0.00    0.00    0.00    0.00    0.00    0.00    1.00   96.00
06:20:21       6    0.00    0.00    0.00    0.00    0.00    0.00    0.00    0.00  100.00
06:20:21       7    0.00    0.00    0.00    0.00    0.00    0.00    0.00    1.03  100.00

06:20:21     CPU    %usr   %nice    %sys %iowait    %irq   %soft  %steal  %guest   %idle
06:20:22     all    0.25    0.00    0.50    0.00    0.00    0.00    0.00    0.13   99.12
06:20:22       0    0.00    0.00    1.01    1.01    0.00    0.00    0.00    0.00   97.98
06:20:22       1    0.00    0.00    0.00    0.00    0.00    0.00    0.00    0.00  100.00
06:20:22       2    0.00    0.00    0.00    0.00    0.00    0.00    0.00    0.00  100.00
06:20:22       3    0.00    0.00    0.00    0.00    0.00    0.00    0.00    1.01  100.00
06:20:22       4    0.00    0.00    0.00    0.00    0.00    0.00    0.00    1.00   99.00
06:20:22       5    0.00    0.00    0.00    0.00    0.00    0.00    0.00    0.00  100.00
06:20:22       6    0.00    0.00    2.00    0.00    0.00    0.00    0.00    0.00   98.00
06:20:22       7    0.00    0.00    0.00    0.00    0.00    0.00    0.00    0.00  100.00

06:20:22     CPU    %usr   %nice    %sys %iowait    %irq   %soft  %steal  %guest   %idle
06:20:23     all    0.00    0.00    1.14    0.13    0.00    0.00    0.00   14.39   84.34
06:20:23       0    1.01    0.00    2.02    0.00    0.00    0.00    0.00    1.01   95.96
06:20:23       1    0.00    0.00    1.01    0.00    0.00    0.00    0.00   22.22   76.77
06:20:23       2    0.00    0.00    1.00    0.00    0.00    0.00    0.00    1.00   98.00
06:20:23       3    0.99    0.00    0.00    0.00    0.00    0.00    0.00   18.81   80.20
06:20:23       4    1.00    0.00    1.00    0.00    0.00    0.00    0.00   15.00   83.00
06:20:23       5    0.00    0.00    0.00    0.00    0.00    0.00    0.00   14.74   85.26
06:20:23       6    0.00    0.00    0.00    0.00    0.00    0.00    0.00    1.01   98.99
06:20:23       7    1.01    0.00    4.04    0.00    0.00    0.00    0.00   38.38   56.57

06:20:23     CPU    %usr   %nice    %sys %iowait    %irq   %soft  %steal  %guest   %idle
06:20:24     all    0.13    0.00    1.01    0.25    0.00    0.00    0.00   22.25   76.36
06:20:24       0    0.00    0.00    1.01    0.00    0.00    0.00    0.00   49.49   49.49
06:20:24       1    1.01    0.00    0.00    0.00    0.00    0.00    0.00    9.09   89.90
06:20:24       2    0.00    0.00    2.04    1.02    0.00    0.00    0.00    0.00   96.94
06:20:24       3    0.00    0.00    1.03    0.00    0.00    0.00    0.00   31.96   67.01
06:20:24       4    0.00    0.00    1.00    0.00    0.00    0.00    0.00    1.00   99.00
06:20:24       5    0.00    0.00    1.01    0.00    0.00    0.00    0.00   43.43   55.56
06:20:24       6    0.00    0.00    0.00    0.00    0.00    0.00    0.00    0.00  100.00
06:20:24       7    0.00    0.00    2.00    0.00    0.00    0.00    0.00   45.00   53.00

06:20:24     CPU    %usr   %nice    %sys %iowait    %irq   %soft  %steal  %guest   %idle
06:20:25     all    0.13    0.00    1.64    0.38    0.00    0.00    0.00   27.20   70.65
06:20:25       0    0.00    0.00    2.02    0.00    0.00    0.00    0.00   56.57   41.41
06:20:25       1    0.00    0.00    1.01    0.00    0.00    0.00    0.00   22.22   77.78
06:20:25       2    1.01    0.00    1.01    2.02    0.00    0.00    0.00    2.02   93.94
06:20:25       3    0.00    0.00    7.92    0.00    0.00    0.00    0.00   69.31   22.77
06:20:25       4    1.01    0.00    0.00    1.01    0.00    0.00    0.00    0.00   97.98
06:20:25       5    0.00    0.00    1.00    0.00    0.00    0.00    0.00   65.00   34.00
06:20:25       6    0.00    0.00    0.00    0.00    0.00    0.00    0.00    0.00  100.00
06:20:25       7    0.00    0.00    0.00    0.00    0.00    0.00    0.00    0.00  100.00

06:20:25     CPU    %usr   %nice    %sys %iowait    %irq   %soft  %steal  %guest   %idle
06:20:26     all    0.25    0.00    0.50    1.01    0.00    0.13    0.00   26.38   71.73
06:20:26       0    0.00    0.00    0.00    3.03    0.00    0.00    0.00   33.33   63.64
06:20:26       1    1.00    0.00    2.00    0.00    0.00    0.00    0.00   80.00   17.00
06:20:26       2    0.00    0.00    0.98    0.98    0.00    0.98    0.00    0.98   96.08
06:20:26       3    0.00    0.00    0.00    0.00    0.00    0.00    0.00   27.00   73.00
06:20:26       4    0.00    0.00    2.02    3.03    0.00    0.00    0.00    2.02   92.93
06:20:26       5    0.00    0.00    0.00    0.00    0.00    0.00    0.00   53.00   47.00
06:20:26       6    1.98    0.00    0.99    1.98    0.00    0.00    0.00    0.00   95.05
06:20:26       7    0.00    0.00    0.00    0.00    0.00    0.00    0.00   15.15   85.86

06:20:26     CPU    %usr   %nice    %sys %iowait    %irq   %soft  %steal  %guest   %idle
06:20:27     all    0.00    0.00    0.38    0.63    0.00    0.00    0.00    6.27   92.73
06:20:27       0    0.00    0.00    0.00    3.03    0.00    0.00    0.00    8.08   88.89
06:20:27       1    0.00    0.00    0.00    0.00    0.00    0.00    0.00   12.00   89.00
06:20:27       2    1.01    0.00    0.00    1.01    0.00    0.00    0.00    8.08   89.90
06:20:27       3    0.00    0.00    0.00    0.00    0.00    0.00    0.00    0.00  100.00
06:20:27       4    0.00    0.00    0.00    0.00    0.00    0.00    0.00    4.04   95.96
06:20:27       5    0.00    0.00    0.00    0.00    0.00    0.00    0.00    0.00  100.00
06:20:27       6    0.00    0.00    1.03    0.00    0.00    0.00    0.00    0.00   98.97
06:20:27       7    1.00    0.00    0.00    1.00    0.00    0.00    0.00   15.00   83.00

06:20:27     CPU    %usr   %nice    %sys %iowait    %irq   %soft  %steal  %guest   %idle
06:20:28     all    0.13    0.00    0.38    0.63    0.00    0.00    0.00    9.24   89.62
06:20:28       0    1.00    0.00    2.00    2.00    0.00    1.00    0.00    1.00   93.00
06:20:28       1    1.00    0.00    0.00    1.00    0.00    0.00    0.00    0.00   98.00
06:20:28       2    0.00    0.00    0.00    0.00    0.00    0.00    0.00    5.05   94.95
06:20:28       3    0.00    0.00    0.00    0.00    0.00    0.00    0.00    0.00  100.00
06:20:28       4    0.00    0.00    0.00    2.02    0.00    0.00    0.00   18.18   79.80
06:20:28       5    0.00    0.00    0.00    0.00    0.00    0.00    0.00    1.00   99.00
06:20:28       6    0.00    0.00    2.00    0.00    0.00    0.00    0.00   33.00   65.00
06:20:28       7    0.00    0.00    0.00    0.00    0.00    0.00    0.00   18.00   83.00

06:20:28     CPU    %usr   %nice    %sys %iowait    %irq   %soft  %steal  %guest   %idle
06:20:29     all    0.00    0.00    0.88    0.63    0.00    0.13    0.00   20.88   77.48
06:20:29       0    0.00    0.00    0.00    2.06    0.00    0.00    0.00   31.96   67.01
06:20:29       1    0.00    0.00    0.00    0.00    0.00    0.00    0.00    0.00  100.00
06:20:29       2    0.00    0.00    3.00    1.00    0.00    0.00    0.00   26.00   70.00
06:20:29       3    0.00    0.00    0.00    0.00    0.00    0.00    0.00    0.00  100.00
06:20:29       4    0.00    0.00    2.00    1.00    0.00    0.00    0.00   44.00   53.00
06:20:29       5    0.00    0.00    0.00    0.00    0.00    0.00    0.00    0.00  100.00
06:20:29       6    0.00    0.00    1.00    2.00    0.00    0.00    0.00   32.00   65.00
06:20:29       7    1.00    0.00    1.00    0.00    0.00    0.00    0.00   33.00   65.00

06:20:29     CPU    %usr   %nice    %sys %iowait    %irq   %soft  %steal  %guest   %idle
06:20:30     all    0.13    0.00    0.13    0.25    0.00    0.00    0.00    0.38   99.12
06:20:30       0    1.00    0.00    0.00    0.00    0.00    0.00    0.00    1.00   98.00
06:20:30       1    0.00    0.00    0.00    0.00    0.00    0.00    0.00    0.00  100.00
06:20:30       2    0.00    0.00    0.00    1.02    0.00    0.00    0.00    0.00   98.98
06:20:30       3    0.00    0.00    0.00    0.00    0.00    0.00    0.00    0.00  100.00
06:20:30       4    1.02    0.00    0.00    0.00    0.00    0.00    0.00    0.00   98.98
06:20:30       5    0.00    0.00    0.00    0.00    0.00    0.00    0.00    0.00  100.00
06:20:30       6    0.00    0.00    1.01    0.00    0.00    0.00    0.00    1.01   97.98
06:20:30       7    0.00    0.00    0.00    0.00    0.00    0.00    0.00    0.00  100.00

06:20:30     CPU    %usr   %nice    %sys %iowait    %irq   %soft  %steal  %guest   %idle
06:20:31     all    0.50    0.00    0.38    0.13    0.00    0.00    0.00    1.50   97.49
06:20:31       0    0.00    0.00    1.02    0.00    0.00    0.00    0.00    1.02   97.96
06:20:31       1    0.00    0.00    0.00    0.00    0.00    0.00    0.00    0.00  100.00
06:20:31       2    0.00    0.00    0.00    0.00    0.00    0.00    0.00    2.97   97.03
06:20:31       3    0.00    0.00    0.00    0.00    0.00    0.00    0.00    0.00  100.00
06:20:31       4    0.00    0.00    0.00    1.01    0.00    0.00    0.00    4.04   95.96
06:20:31       5    4.00    0.00    0.00    0.00    0.00    0.00    0.00    0.00   96.00
06:20:31       6    0.00    0.00    1.02    0.00    0.00    0.00    0.00    4.08   94.90
06:20:31       7    0.00    0.00    0.00    0.00    0.00    0.00    0.00    0.00  100.00

06:20:31     CPU    %usr   %nice    %sys %iowait    %irq   %soft  %steal  %guest   %idle
06:20:32     all    0.13    0.00    1.38    0.25    0.00    0.25    0.00    5.13   92.87
06:20:32       0    0.00    0.00    3.96    0.99    0.00    0.00    0.00   11.88   84.16
06:20:32       1    0.00    0.00    0.00    0.00    0.00    0.00    0.00    0.00  100.00
06:20:32       2    0.99    0.00    1.98    0.99    0.00    1.98    0.00    7.92   86.14
06:20:32       3    0.00    0.00    0.00    0.00    0.00    0.00    0.00    0.00  100.00
06:20:32       4    0.99    0.00    3.96    0.00    0.00    0.00    0.00    5.94   89.11
06:20:32       5    0.00    0.00    0.00    0.00    0.00    0.00    0.00    0.00  100.00
06:20:32       6    0.00    0.00    2.00    0.00    0.00    0.00    0.00   16.00   82.00
06:20:32       7    0.00    0.00    0.00    0.00    0.00    0.00    0.00    0.00  100.00

06:20:32     CPU    %usr   %nice    %sys %iowait    %irq   %soft  %steal  %guest   %idle
06:20:33     all    0.13    0.00    0.38    0.00    0.00    0.00    0.00    0.00   99.50
06:20:33       0    1.01    0.00    0.00    0.00    0.00    0.00    0.00    0.00   98.99
06:20:33       1    0.00    0.00    0.00    0.00    0.00    0.00    0.00    0.00  100.00
06:20:33       2    0.00    0.00    0.00    0.00    0.00    0.00    0.00    0.00  100.00
06:20:33       3    0.00    0.00    0.00    0.00    0.00    0.00    0.00    0.00  100.00
06:20:33       4    0.00    0.00    2.02    0.00    0.00    0.00    0.00    0.00   97.98
06:20:33       5    0.00    0.00    0.00    0.00    0.00    0.00    0.00    0.00  100.00
06:20:33       6    0.00    0.00    1.01    0.00    0.00    0.00    0.00    0.00   98.99
06:20:33       7    0.00    0.00    0.00    0.00    0.00    0.00    0.00    0.00  100.00

06:20:33     CPU    %usr   %nice    %sys %iowait    %irq   %soft  %steal  %guest   %idle
06:20:34     all    0.00    0.00    0.38    0.25    0.00    0.00    0.00    0.13   99.25
06:20:34       0    0.99    0.00    0.99    1.98    0.00    0.00    0.00    0.00   96.04
06:20:34       1    0.00    0.00    0.00    0.00    0.00    0.00    0.00    0.00  100.00
06:20:34       2    0.00    0.00    1.00    0.00    0.00    0.00    0.00    0.00   99.00
06:20:34       3    0.00    0.00    0.00    0.00    0.00    0.00    0.00    0.00  100.00
06:20:34       4    0.00    0.00    0.00    0.00    0.00    0.00    0.00    1.00   99.00
06:20:34       5    0.00    0.00    0.00    0.00    0.00    0.00    0.00    0.00  100.00
06:20:34       6    0.00    0.00    2.04    0.00    0.00    0.00    0.00    0.00   97.96
06:20:34       7    0.00    0.00    0.00    0.00    0.00    0.00    0.00    0.00  100.00

06:20:34     CPU    %usr   %nice    %sys %iowait    %irq   %soft  %steal  %guest   %idle
06:20:35     all    0.00    0.00    0.50    0.13    0.00    0.00    0.00    0.75   98.62
06:20:35       0    0.00    0.00    0.00    1.02    0.00    0.00    0.00    1.02   98.98
06:20:35       1    0.00    0.00    0.00    0.00    0.00    0.00    0.00    0.00  100.00
06:20:35       2    0.00    0.00    2.00    0.00    0.00    0.00    0.00    1.00   97.00
06:20:35       3    0.00    0.00    0.00    0.00    0.00    0.00    0.00    0.00  100.00
06:20:35       4    0.00    0.00    2.00    0.00    0.00    0.00    0.00    1.00   97.00
06:20:35       5    0.00    0.00    0.00    0.00    0.00    0.00    0.00    0.00  100.00
06:20:35       6    0.00    0.00    0.00    0.00    0.00    0.00    0.00    2.04   97.96
06:20:35       7    0.00    0.00    0.00    0.00    0.00    0.00    0.00    0.00  100.00

06:20:35     CPU    %usr   %nice    %sys %iowait    %irq   %soft  %steal  %guest   %idle
06:20:36     all    0.13    0.00    0.38    0.38    0.00    0.00    0.00    0.25   98.87
06:20:36       0    0.99    0.00    0.00    0.99    0.00    0.00    0.00    0.99   97.03
06:20:36       1    0.00    0.00    0.00    0.00    0.00    0.00    0.00    0.00  100.00
06:20:36       2    0.00    0.00    0.00    1.00    0.00    0.00    0.00    1.00   98.00
06:20:36       3    0.00    0.00    0.00    0.00    0.00    0.00    0.00    0.00  100.00
06:20:36       4    0.00    0.00    0.00    0.00    0.00    0.00    0.00    1.01   98.99
06:20:36       5    0.00    0.00    0.00    0.00    0.00    0.00    0.00    0.00  100.00
06:20:36       6    1.00    0.00    2.00    1.00    0.00    0.00    0.00    0.00   96.00
06:20:36       7    0.00    0.00    0.00    0.00    0.00    0.00    0.00    0.00  100.00

06:20:36     CPU    %usr   %nice    %sys %iowait    %irq   %soft  %steal  %guest   %idle
06:20:37     all    0.00    0.00    0.50    0.25    0.00    0.00    0.00    0.38   98.87
06:20:37       0    0.00    0.00    3.03    1.01    0.00    0.00    0.00    2.02   94.95
06:20:37       1    0.00    0.00    0.00    0.00    0.00    0.00    0.00    0.00  100.00
06:20:37       2    0.00    0.00    0.00    0.00    0.00    0.00    0.00    0.00  100.00
06:20:37       3    0.00    0.00    0.00    0.00    0.00    0.00    0.00    0.00  100.00
06:20:37       4    0.00    0.00    0.00    1.00    0.00    0.00    0.00    0.00   99.00
06:20:37       5    0.00    0.00    0.00    0.00    0.00    0.00    0.00    0.00  100.00
06:20:37       6    0.00    0.00    1.00    0.00    0.00    0.00    0.00    0.00   99.00
06:20:37       7    0.00    0.00    0.00    0.00    0.00    0.00    0.00    0.00  100.00

06:20:37     CPU    %usr   %nice    %sys %iowait    %irq   %soft  %steal  %guest   %idle
06:20:38     all    0.13    0.00    0.25    0.25    0.00    0.00    0.00    2.39   96.98
06:20:38       0    1.00    0.00    0.00    1.00    0.00    0.00    0.00    4.00   94.00
06:20:38       1    0.00    0.00    0.00    0.00    0.00    0.00    0.00    0.00  100.00
06:20:38       2    0.00    0.00    0.00    1.01    0.00    0.00    0.00    3.03   95.96
06:20:38       3    0.00    0.00    0.00    0.00    0.00    0.00    0.00    0.00  100.00
06:20:38       4    1.01    0.00    0.00  4338350803.03    0.00    0.00    0.00    9.09   90.91
06:20:38       5    0.00    0.00    0.00    0.00    0.00    0.00    0.00    0.00  100.00
06:20:38       6    0.00    0.00    1.01    1.01    0.00    0.00    0.00    3.03   94.95
06:20:38       7    0.00    0.00    0.00    0.00    0.00    0.00    0.00    0.00  100.00

06:20:38     CPU    %usr   %nice    %sys %iowait    %irq   %soft  %steal  %guest   %idle
06:20:39     all    0.13    0.00    0.38    0.25    0.00    0.00    0.00    0.38   98.87
06:20:39       0    0.00    0.00    0.00    2.02    0.00    0.00    0.00    2.02   96.97
06:20:39       1    0.00    0.00    0.00    0.00    0.00    0.00    0.00    0.00  100.00
06:20:39       2    0.99    0.00    0.99    0.00    0.00    0.00    0.00    0.00   98.02
06:20:39       3    0.00    0.00    0.00    0.00    0.00    0.00    0.00    0.00  100.00
06:20:39       4    0.00    0.00    0.00    0.00    0.00    0.00    0.00    1.01  100.00
06:20:39       5    0.00    0.00    0.00    0.00    0.00    0.00    0.00    0.00  100.00
06:20:39       6    2.00    0.00    2.00    0.00    0.00    0.00    0.00    0.00   96.00
06:20:39       7    0.00    0.00    0.00    0.00    0.00    0.00    0.00    0.00  100.00

06:20:39     CPU    %usr   %nice    %sys %iowait    %irq   %soft  %steal  %guest   %idle
06:20:40     all    0.13    0.00    0.38    0.25    0.00    0.00    0.00    0.13   99.12
06:20:40       0    1.01    0.00    2.02    1.01    0.00    0.00    0.00    0.00   95.96
06:20:40       1    0.00    0.00    0.00    0.00    0.00    0.00    0.00    0.00  100.00
06:20:40       2    0.00    0.00    1.00    0.00    0.00    0.00    0.00    1.00   99.00
06:20:40       3    0.00    0.00    0.00    0.00    0.00    0.00    0.00    0.00  100.00
06:20:40       4    0.00    0.00    0.00    0.00    0.00    0.00    0.00    0.00  100.00
06:20:40       5    0.00    0.00    0.00    0.00    0.00    0.00    0.00    0.00  100.00
06:20:40       6    0.00    0.00    0.00    0.00    0.00    0.00    0.00    1.02  100.00
06:20:40       7    0.00    0.00    0.00    0.00    0.00    0.00    0.00    0.00  100.00

06:20:40     CPU    %usr   %nice    %sys %iowait    %irq   %soft  %steal  %guest   %idle
