Linux 3.2.0-39-generic (loadgen164) 	02/08/2013 	_x86_64_	(8 CPU)

06:19:23     CPU    %usr   %nice    %sys %iowait    %irq   %soft  %steal  %guest   %idle
06:19:24     all    2.15    0.00    6.97    6.34    0.00    3.68    0.00   67.81   13.05
06:19:24       0    0.00    0.00    0.99    0.00    0.00    9.90    0.00   88.12    0.99
06:19:24       1    0.00    0.00    0.99    0.99    0.00    2.97    0.00   93.07    1.98
06:19:24       2    5.15    0.00   11.34    7.22    0.00    4.12    0.00   57.73   14.43
06:19:24       3    2.06    0.00    9.28    8.25    0.00    2.06    0.00   55.67   22.68
06:19:24       4    6.12    0.00   12.24    6.12    0.00    8.16    0.00   53.06   14.29
06:19:24       5    1.04    0.00    5.21   14.58    0.00    1.04    0.00   61.46   16.67
06:19:24       6    0.00    0.00    4.04    0.00    0.00    0.00    0.00   93.94    2.02
06:19:24       7    2.04    0.00   12.24   14.29    0.00    1.02    0.00   38.78   31.63

06:19:24     CPU    %usr   %nice    %sys %iowait    %irq   %soft  %steal  %guest   %idle
06:19:25     all    1.91    0.00    9.15    9.28    0.00    2.92    0.00   69.50    7.24
06:19:25       0    4.00    0.00    9.00   10.00    0.00    6.00    0.00   66.00    5.00
06:19:25       1    1.04    0.00    5.21    3.12    0.00    4.17    0.00   83.33    3.12
06:19:25       2    3.00    0.00   10.00   11.00    0.00    4.00    0.00   66.00    6.00
06:19:25       3    0.99    0.00    7.92    5.94    0.00    0.99    0.00   75.25    8.91
06:19:25       4    1.00    0.00    2.00    2.00    0.00    4.00    0.00   89.00    2.00
06:19:25       5    3.06    0.00   17.35   23.47    0.00    1.02    0.00   46.94    8.16
06:19:25       6    1.02    0.00   10.20    8.16    0.00    1.02    0.00   69.39   10.20
06:19:25       7    3.06    0.00   12.24   11.22    0.00    2.04    0.00   56.12   15.31

06:19:25     CPU    %usr   %nice    %sys %iowait    %irq   %soft  %steal  %guest   %idle
06:19:26     all    2.81    0.00    7.42   18.93    0.00    3.58    0.00   58.06    9.21
06:19:26       0    9.38    0.00   10.42   23.96    0.00    8.33    0.00   38.54    9.38
06:19:26       1    1.05    0.00    6.32   13.68    0.00    6.32    0.00   61.05   11.58
06:19:26       2    3.19    0.00    7.45   12.77    0.00    5.32    0.00   65.96    5.32
06:19:26       3    2.02    0.00    3.03   19.19    0.00    1.01    0.00   66.67    8.08
06:19:26       4    5.15    0.00   12.37   24.74    0.00    8.25    0.00   41.24    8.25
06:19:26       5    0.00    0.00    5.05   19.19    0.00    1.01    0.00   65.66   10.10
06:19:26       6    1.92    0.00    8.65   25.00    0.00    0.00    0.00   56.73    7.69
06:19:26       7    0.00    0.00    6.12   12.24    0.00    0.00    0.00   69.39   12.24

06:19:26     CPU    %usr   %nice    %sys %iowait    %irq   %soft  %steal  %guest   %idle
06:19:27     all    3.16    0.00    8.61   24.18    0.00    3.67    0.00   50.38   10.00
06:19:27       0    3.19    0.00    9.57   23.40    0.00    8.51    0.00   45.74    9.57
06:19:27       1    5.05    0.00    9.09   30.30    0.00    4.04    0.00   45.45    6.06
06:19:27       2    1.04    0.00   12.50   23.96    0.00    6.25    0.00   48.96    7.29
06:19:27       3    0.99    0.00    6.93   16.83    0.00    1.98    0.00   63.37    9.90
06:19:27       4    6.19    0.00    9.28   36.08    0.00    8.25    0.00   37.11    3.09
06:19:27       5    3.88    0.00    7.77    8.74    0.00    0.00    0.00   58.25   21.36
06:19:27       6    1.02    0.00    6.12   29.59    0.00    1.02    0.00   55.10    7.14
06:19:27       7    3.00    0.00    7.00   25.00    0.00    0.00    0.00   50.00   15.00

06:19:27     CPU    %usr   %nice    %sys %iowait    %irq   %soft  %steal  %guest   %idle
06:19:28     all    2.30    0.00    7.65   12.63    0.00    3.44    0.00   69.52    4.46
06:19:28       0    4.00    0.00   13.00    9.00    0.00   10.00    0.00   58.00    6.00
06:19:28       1    2.08    0.00    9.38    8.33    0.00    3.12    0.00   70.83    6.25
06:19:28       2    2.00    0.00    8.00   15.00    0.00    6.00    0.00   64.00    5.00
06:19:28       3    1.00    0.00    2.00    4.00    0.00    1.00    0.00   91.00    1.00
06:19:28       4    5.15    0.00    9.28   10.31    0.00    4.12    0.00   61.86    9.28
06:19:28       5    2.02    0.00    7.07   27.27    0.00    0.00    0.00   60.61    3.03
06:19:28       6    1.03    0.00    6.19   17.53    0.00    2.06    0.00   70.10    3.09
06:19:28       7    1.02    0.00    7.14    9.18    0.00    1.02    0.00   77.55    4.08

06:19:28     CPU    %usr   %nice    %sys %iowait    %irq   %soft  %steal  %guest   %idle
06:19:29     all    2.63    0.00    7.39   12.28    0.00    3.63    0.00   71.43    2.63
06:19:29       0    9.00    0.00   19.00   34.00    0.00   14.00    0.00   24.00    0.00
06:19:29       1    1.01    0.00    5.05    2.02    0.00    4.04    0.00   87.88    0.00
06:19:29       2    4.17    0.00   12.50   20.83    0.00    5.21    0.00   54.17    3.12
06:19:29       3    0.00    0.00    0.00    1.01    0.00    0.00    0.00   98.99    0.00
06:19:29       4    6.86    0.00    9.80   14.71    0.00    5.88    0.00   53.92    8.82
06:19:29       5    1.00    0.00   10.00   25.00    0.00    1.00    0.00   57.00    6.00
06:19:29       6    0.99    0.00    0.99    0.00    0.00    0.00    0.00   97.03    0.99
06:19:29       7    0.00    0.00    1.01    2.02    0.00    0.00    0.00   97.98    0.00

06:19:29     CPU    %usr   %nice    %sys %iowait    %irq   %soft  %steal  %guest   %idle
06:19:30     all    2.01    0.00    7.27    6.89    0.00    3.88    0.00   78.45    1.50
06:19:30       0    1.00    0.00   14.00   12.00    0.00   14.00    0.00   57.00    2.00
06:19:30       1    6.86    0.00   14.71   18.63    0.00    4.90    0.00   50.98    3.92
06:19:30       2    1.01    0.00    4.04    0.00    0.00    4.04    0.00   90.91    0.00
06:19:30       3    0.00    0.00    1.00    0.00    0.00    1.00    0.00   98.00    0.00
06:19:30       4    4.00    0.00   18.00   16.00    0.00    6.00    0.00   53.00    3.00
06:19:30       5    3.00    0.00    6.00    8.00    0.00    1.00    0.00   77.00    5.00
06:19:30       6    0.00    0.00    0.00    0.00    0.00    0.00    0.00  100.00    0.00
06:19:30       7    0.00    0.00    0.00    0.00    0.00    0.00    0.00  100.00    0.00

06:19:30     CPU    %usr   %nice    %sys %iowait    %irq   %soft  %steal  %guest   %idle
06:19:31     all    2.16    0.00    4.70    3.55    0.00    3.30    0.00   77.03    9.26
06:19:31       0    1.00    0.00    8.00    8.00    0.00    8.00    0.00   74.00    1.00
06:19:31       1    3.09    0.00    8.25    2.06    0.00    4.12    0.00   63.92   18.56
06:19:31       2    7.29    0.00    8.33    6.25    0.00    8.33    0.00   53.12   16.67
06:19:31       3    1.00    0.00    0.00    0.00    0.00    1.00    0.00   98.00    0.00
06:19:31       4    1.06    0.00    8.51    7.45    0.00    4.26    0.00   61.70   17.02
06:19:31       5    3.06    0.00    5.10    5.10    0.00    1.02    0.00   66.33   19.39
06:19:31       6    0.00    0.00    1.00    0.00    0.00    0.00    0.00   99.00    0.00
06:19:31       7    0.00    0.00    0.00    0.00    0.00    0.00    0.00  100.00    0.00

06:19:31     CPU    %usr   %nice    %sys %iowait    %irq   %soft  %steal  %guest   %idle
06:19:32     all    1.52    0.00    6.44    0.38    0.00    2.40    0.00   79.80    9.47
06:19:32       0    1.01    0.00    2.02    0.00    0.00    7.07    0.00   89.90    0.00
06:19:32       1    3.06    0.00    9.18    0.00    0.00    3.06    0.00   70.41   14.29
06:19:32       2    4.90    0.00   17.65    0.98    0.00    3.92    0.00   50.00   22.55
06:19:32       3    0.00    0.00    0.00    0.00    0.00    0.00    0.00  100.00    0.00
06:19:32       4    3.12    0.00   13.54    2.08    0.00    2.08    0.00   57.29   21.88
06:19:32       5    0.00    0.00    8.25    1.03    0.00    1.03    0.00   70.10   19.59
06:19:32       6    0.00    0.00    0.00    0.00    0.00    0.00    0.00  100.00    0.00
06:19:32       7    0.00    0.00    0.00    0.00    0.00    0.00    0.00  100.00    0.00

06:19:32     CPU    %usr   %nice    %sys %iowait    %irq   %soft  %steal  %guest   %idle
06:19:33     all    1.14    0.00    4.05    0.13    0.00    2.02    0.00   79.01   13.65
06:19:33       0    0.99    0.00    0.99    0.00    0.00    4.95    0.00   93.07    0.00
06:19:33       1    4.21    0.00    9.47    0.00    0.00    3.16    0.00   50.53   32.63
06:19:33       2    2.08    0.00   11.46    0.00    0.00    4.17    0.00   53.12   29.17
06:19:33       3    0.00    0.00    0.00    0.00    0.00    1.00    0.00  100.00    0.00
06:19:33       4    2.08    0.00    5.21    0.00    0.00    2.08    0.00   63.54   27.08
06:19:33       5    0.98    0.00    6.86    0.00    0.00    0.98    0.00   69.61   21.57
06:19:33       6    0.00    0.00    0.00    0.00    0.00    0.00    0.00  100.00    0.00
06:19:33       7    0.00    0.00    0.00    0.00    0.00    0.00    0.00  100.00    0.00

06:19:33     CPU    %usr   %nice    %sys %iowait    %irq   %soft  %steal  %guest   %idle
06:19:34     all    1.52    0.00    5.56    0.38    0.00    1.39    0.00   78.51   12.64
06:19:34       0    0.00    0.00    1.00    0.00    0.00    3.00    0.00   96.00    0.00
06:19:34       1    5.21    0.00    9.38    0.00    0.00    2.08    0.00   57.29   26.04
06:19:34       2    2.04    0.00   10.20    2.04    0.00    4.08    0.00   56.12   25.51
06:19:34       3    0.00    0.00    0.00    0.00    0.00    0.00    0.00  100.00    0.00
06:19:34       4    3.12    0.00   12.50    1.04    0.00    2.08    0.00   52.08   29.17
06:19:34       5    1.96    0.00   11.76    0.00    0.00    0.98    0.00   63.73   21.57
06:19:34       6    0.00    0.00    0.00    0.00    0.00    0.00    0.00  100.00    0.00
06:19:34       7    0.00    0.00    0.00    0.00    0.00    0.00    0.00  100.00    0.00

06:19:34     CPU    %usr   %nice    %sys %iowait    %irq   %soft  %steal  %guest   %idle
06:19:35     all    1.02    0.00    4.97    0.25    0.00    1.91    0.00   78.73   13.12
06:19:35       0    0.00    0.00    0.00    0.00    0.00    4.00    0.00   96.00    0.00
06:19:35       1    3.12    0.00   12.50    0.00    0.00    4.17    0.00   51.04   29.17
06:19:35       2    2.04    0.00    9.18    1.02    0.00    3.06    0.00   53.06   31.63
06:19:35       3    1.00    0.00    0.00    0.00    0.00    2.00    0.00   97.00    0.00
06:19:35       4    1.03    0.00    8.25    1.03    0.00    2.06    0.00   65.98   21.65
06:19:35       5    1.06    0.00   10.64    0.00    0.00    0.00    0.00   63.83   24.47
06:19:35       6    0.00    0.00    0.00    0.00    0.00    0.00    0.00  100.00    0.00
06:19:35       7    0.00    0.00    0.00    0.00    0.00    0.00    0.00  100.00    0.00

06:19:35     CPU    %usr   %nice    %sys %iowait    %irq   %soft  %steal  %guest   %idle
06:19:36     all    1.01    0.00    5.31    0.13    0.00    2.02    0.00   75.35   16.18
06:19:36       0    1.00    0.00    0.00    0.00    0.00    7.00    0.00   91.00    1.00
06:19:36       1    1.06    0.00   12.77    1.06    0.00    2.13    0.00   50.00   32.98
06:19:36       2    3.03    0.00   10.10    0.00    0.00    4.04    0.00   46.46   36.36
06:19:36       3    0.00    0.00    0.99    0.00    0.00    1.98    0.00   97.03    0.00
06:19:36       4    1.01    0.00   13.13    0.00    0.00    1.01    0.00   56.57   28.28
06:19:36       5    1.01    0.00    6.06    0.00    0.00    1.01    0.00   59.60   32.32
06:19:36       6    0.00    0.00    0.00    0.00    0.00    0.00    0.00  100.00    0.00
06:19:36       7    0.99    0.00    0.99    0.00    0.00    0.00    0.00   98.02    0.00

06:19:36     CPU    %usr   %nice    %sys %iowait    %irq   %soft  %steal  %guest   %idle
06:19:37     all    1.53    0.00    4.96    0.38    0.00    2.80    0.00   76.84   13.49
06:19:37       0    3.09    0.00    9.28    0.00    0.00    5.15    0.00   55.67   26.80
06:19:37       1    1.98    0.00    1.98    0.00    0.00    7.92    0.00   88.12    0.00
06:19:37       2    3.12    0.00    6.25    0.00    0.00    5.21    0.00   61.46   23.96
06:19:37       3    1.01    0.00    2.02    0.00    0.00    0.00    0.00   96.97    0.00
06:19:37       4    3.16    0.00   12.63    1.05    0.00    1.05    0.00   57.89   24.21
06:19:37       5    1.04    0.00    7.29    0.00    0.00    1.04    0.00   54.17   36.46
06:19:37       6    0.00    0.00    0.00    0.00    0.00    0.00    0.00  100.00    0.00
06:19:37       7    0.00    0.00    0.00    0.00    0.00    0.00    0.00  101.01    0.00

06:19:37     CPU    %usr   %nice    %sys %iowait    %irq   %soft  %steal  %guest   %idle
06:19:38     all    1.77    0.00    5.70   12.17    0.00    2.53    0.00   71.36    6.46
06:19:38       0    4.85    0.00   12.62   21.36    0.00   10.68    0.00   38.83   11.65
06:19:38       1    0.00    0.00    2.02    0.00    0.00    0.00    0.00   98.99    0.00
06:19:38       2    4.12    0.00    9.28   24.74    0.00    5.15    0.00   42.27   14.43
06:19:38       3    0.00    0.00    0.00    0.00    0.00    2.00    0.00   98.00    0.00
06:19:38       4    3.23    0.00   12.90   24.73    0.00    2.15    0.00   44.09   12.90
06:19:38       5    1.03    0.00    7.22   26.80    0.00    0.00    0.00   54.64   10.31
06:19:38       6    0.00    0.00    1.00    0.00    0.00    0.00    0.00  100.00    0.00
06:19:38       7    0.99    0.00    0.99    2.97    0.00    0.00    0.00   93.07    1.98

06:19:38     CPU    %usr   %nice    %sys %iowait    %irq   %soft  %steal  %guest   %idle
06:19:39     all    1.41    0.00    5.89   16.77    0.00    2.69    0.00   59.92   13.32
06:19:39       0    2.06    0.00   10.31   20.62    0.00    7.22    0.00   41.24   18.56
06:19:39       1    3.06    0.00    7.14   26.53    0.00    4.08    0.00   40.82   18.37
06:19:39       2    2.13    0.00   11.70   31.91    0.00    4.26    0.00   38.30   11.70
06:19:39       3    1.02    0.00    4.08   21.43    0.00    2.04    0.00   55.10   16.33
06:19:39       4    2.06    0.00   10.31   18.56    0.00    6.19    0.00   50.52   12.37
06:19:39       5    0.99    0.00    0.99    9.90    0.00    0.00    0.00   74.26   13.86
06:19:39       6    3.03    0.00    2.02    4.04    0.00    0.00    0.00   73.74   17.17
06:19:39       7    0.00    0.00    0.00    2.00    0.00    0.00    0.00   98.00    0.00

06:19:39     CPU    %usr   %nice    %sys %iowait    %irq   %soft  %steal  %guest   %idle
06:19:40     all    2.68    0.00    7.27   17.98    0.00    2.81    0.00   43.62   25.64
06:19:40       0    6.45    0.00   11.83   24.73    0.00    7.53    0.00   23.66   25.81
06:19:40       1    2.00    0.00    8.00    5.00    0.00    1.00    0.00   33.00   51.00
06:19:40       2    2.04    0.00   12.24   16.33    0.00    5.10    0.00   38.78   25.51
06:19:40       3    1.06    0.00    4.26   37.23    0.00    1.06    0.00   34.04   22.34
06:19:40       4    4.30    0.00   10.75   27.96    0.00    4.30    0.00   32.26   20.43
06:19:40       5    2.02    0.00    5.05    0.00    0.00    0.00    0.00   48.48   44.44
06:19:40       6    0.98    0.00    7.84   35.29    0.00    0.00    0.00   42.16   13.73
06:19:40       7    0.00    0.00    0.00    0.00    0.00    0.00    0.00   97.98    2.02

06:19:40     CPU    %usr   %nice    %sys %iowait    %irq   %soft  %steal  %guest   %idle
06:19:41     all    2.91    0.00    7.97    8.35    0.00    4.18    0.00   63.92   12.66
06:19:41       0    7.07    0.00   13.13   11.11    0.00   14.14    0.00   42.42   12.12
06:19:41       1    2.02    0.00    8.08    0.00    0.00    2.02    0.00   70.71   17.17
06:19:41       2    4.26    0.00    8.51   13.83    0.00   11.70    0.00   54.26    7.45
06:19:41       3    3.88    0.00    3.88    0.00    0.00    2.91    0.00   73.79   15.53
06:19:41       4    5.10    0.00    8.16    8.16    0.00    3.06    0.00   60.20   15.31
06:19:41       5    0.00    0.00    5.00    7.00    0.00    0.00    0.00   67.00   21.00
06:19:41       6    2.97    0.00   10.89   24.75    0.00    0.99    0.00   58.42    1.98
06:19:41       7    1.01    0.00    6.06    1.01    0.00    1.01    0.00   80.81   10.10

06:19:41     CPU    %usr   %nice    %sys %iowait    %irq   %soft  %steal  %guest   %idle
06:19:42     all    2.60    0.00    8.70    9.48    0.00    5.06    0.00   60.52   13.64
06:19:42       0    4.21    0.00   17.89   12.63    0.00   18.95    0.00   30.53   15.79
06:19:42       1    1.08    0.00    5.38    3.23    0.00    4.30    0.00   67.74   18.28
06:19:42       2    7.22    0.00   14.43   11.34    0.00   12.37    0.00   35.05   19.59
06:19:42       3    2.13    0.00    9.57    2.13    0.00    2.13    0.00   56.38   27.66
06:19:42       4    1.03    0.00    3.09   12.37    0.00    2.06    0.00   78.35    3.09
06:19:42       5    1.03    0.00    8.25   14.43    0.00    1.03    0.00   68.04    7.22
06:19:42       6    1.94    0.00    4.85    8.74    0.00    0.97    0.00   81.55    1.94
06:19:42       7    0.00    0.00    6.45    9.68    0.00    0.00    0.00   67.74   16.13

06:19:42     CPU    %usr   %nice    %sys %iowait    %irq   %soft  %steal  %guest   %idle
06:19:43     all    1.93    0.00    6.18   14.03    0.00    3.35    0.00   57.01   17.50
06:19:43       0    8.16    0.00   15.31   39.80    0.00   13.27    0.00   16.33    7.14
06:19:43       1    1.02    0.00    1.02    0.00    0.00    1.02    0.00   88.78    8.16
06:19:43       2    1.05    0.00    7.37   11.58    0.00    4.21    0.00   48.42   27.37
06:19:43       3    4.04    0.00    7.07    1.01    0.00    4.04    0.00   23.23   60.61
06:19:43       4    1.02    0.00    7.14    3.06    0.00    2.04    0.00   67.35   19.39
06:19:43       5    0.00    0.00    4.21   29.47    0.00    0.00    0.00   63.16    3.16
06:19:43       6    1.00    0.00    2.00    5.00    0.00    1.00    0.00   89.00    2.00
06:19:43       7    1.06    0.00    4.26   24.47    0.00    0.00    0.00   57.45   12.77

06:19:43     CPU    %usr   %nice    %sys %iowait    %irq   %soft  %steal  %guest   %idle
06:19:44     all    1.80    0.00    6.93   13.74    0.00    2.44    0.00   62.90   12.20
06:19:44       0    8.25    0.00   15.46   26.80    0.00    9.28    0.00   35.05    5.15
06:19:44       1    1.00    0.00    2.00    4.00    0.00    2.00    0.00   87.00    4.00
06:19:44       2    1.04    0.00    6.25    2.08    0.00    4.17    0.00   64.58   21.88
06:19:44       3    0.00    0.00    5.21    4.17    0.00    2.08    0.00   61.46   27.08
06:19:44       4    2.13    0.00    9.57    4.26    0.00    1.06    0.00   54.26   28.72
06:19:44       5    1.04    0.00    8.33   31.25    0.00    0.00    0.00   54.17    5.21
06:19:44       6    1.01    0.00    1.01    5.05    0.00    0.00    0.00   91.92    1.01
06:19:44       7    0.96    0.00    8.65   31.73    0.00    0.96    0.00   51.92    5.77

06:19:44     CPU    %usr   %nice    %sys %iowait    %irq   %soft  %steal  %guest   %idle
06:19:45     all    1.53    0.00    5.88   11.89    0.00    2.43    0.00   70.97    7.29
06:19:45       0    2.08    0.00   14.58   19.79    0.00    6.25    0.00   52.08    5.21
06:19:45       1    0.00    0.00    1.04    8.33    0.00    3.12    0.00   85.42    2.08
06:19:45       2    3.12    0.00   11.46    7.29    0.00    6.25    0.00   54.17   17.71
06:19:45       3    0.00    0.00    1.00    4.00    0.00    2.00    0.00   86.00    7.00
06:19:45       4    3.12    0.00   11.46   12.50    0.00    4.17    0.00   51.04   17.71
06:19:45       5    1.02    0.00    3.06   26.53    0.00    0.00    0.00   66.33    3.06
06:19:45       6    0.00    0.00    0.00    0.00    0.00    0.00    0.00   97.96    2.04
06:19:45       7    0.00    0.00    4.00   15.00    0.00    0.00    0.00   76.00    5.00

06:19:45     CPU    %usr   %nice    %sys %iowait    %irq   %soft  %steal  %guest   %idle
06:19:46     all    1.27    0.00    4.84   16.82    0.00    2.80    0.00   69.04    5.22
06:19:46       0    0.98    0.00    3.92    2.94    0.00    8.82    0.00   75.49    7.84
06:19:46       1    0.00    0.00    0.00    0.00    0.00    2.00    0.00   98.00    0.00
06:19:46       2    0.97    0.00    3.88    3.88    0.00    1.94    0.00   81.55    7.77
06:19:46       3    4.08    0.00    7.14   45.92    0.00    3.06    0.00   39.80    0.00
06:19:46       4    2.08    0.00   13.54   26.04    0.00    4.17    0.00   40.62   13.54
06:19:46       5    1.03    0.00    4.12   23.71    0.00    1.03    0.00   69.07    1.03
06:19:46       6    1.04    0.00    4.17   13.54    0.00    0.00    0.00   70.83   10.42
06:19:46       7    1.05    0.00    3.16   22.11    0.00    0.00    0.00   73.68    0.00

06:19:46     CPU    %usr   %nice    %sys %iowait    %irq   %soft  %steal  %guest   %idle
06:19:47     all    1.27    0.00    5.22   20.51    0.00    2.80    0.00   65.73    4.46
06:19:47       0    1.01    0.00    3.03    8.08    0.00    9.09    0.00   67.68   11.11
06:19:47       1    0.99    0.00    1.98    0.99    0.00    0.99    0.00   95.05    0.00
06:19:47       2    0.00    0.00    3.16   10.53    0.00    5.26    0.00   71.58    9.47
06:19:47       3    2.08    0.00    9.38   54.17    0.00    3.12    0.00   31.25    0.00
06:19:47       4    4.00    0.00   12.00   32.00    0.00    2.00    0.00   38.00   12.00
06:19:47       5    2.08    0.00    7.29   30.21    0.00    0.00    0.00   60.42    0.00
06:19:47       6    2.02    0.00    4.04   24.24    0.00    1.01    0.00   65.66    3.03
06:19:47       7    0.00    0.00    1.01    6.06    0.00    0.00    0.00   93.94    0.00

06:19:47     CPU    %usr   %nice    %sys %iowait    %irq   %soft  %steal  %guest   %idle
06:19:48     all    1.14    0.00    5.84   11.04    0.00    1.90    0.00   63.32   16.75
06:19:48       0    4.35    0.00   13.04   15.22    0.00    5.43    0.00   26.09   35.87
06:19:48       1    0.00    0.00    1.00    0.00    0.00    3.00    0.00   97.00    0.00
06:19:48       2    1.98    0.00   13.86    5.94    0.00    4.95    0.00   34.65   38.61
06:19:48       3    2.04    0.00    8.16   44.90    0.00    2.04    0.00   15.31   27.55
06:19:48       4    0.00    0.00    2.02    0.00    0.00    1.01    0.00   94.95    2.02
06:19:48       5    0.00    0.00    2.04   18.37    0.00    0.00    0.00   78.57    2.04
06:19:48       6    1.04    0.00    6.25    4.17    0.00    0.00    0.00   60.42   28.12
06:19:48       7    0.99    0.00    0.99    0.00    0.00    0.00    0.00   98.02    0.00

06:19:48     CPU    %usr   %nice    %sys %iowait    %irq   %soft  %steal  %guest   %idle
06:19:49     all    1.39    0.00    4.54    0.76    0.00    2.65    0.00   67.97   22.70
06:19:49       0    6.25    0.00   11.46    1.04    0.00    9.38    0.00   30.21   41.67
06:19:49       1    1.00    0.00    0.00    0.00    0.00    2.00    0.00   97.00    0.00
06:19:49       2    2.06    0.00    8.25    0.00    0.00    6.19    0.00   44.33   39.18
06:19:49       3    2.02    0.00    6.06    4.04    0.00    1.01    0.00   20.20   66.67
06:19:49       4    0.00    0.00    1.00    0.00    0.00    1.00    0.00   98.00    0.00
06:19:49       5    0.00    0.00    0.00    0.00    0.00    0.00    0.00  100.00    0.00
06:19:49       6    0.97    0.00   10.68    0.00    0.00    0.97    0.00   50.49   36.89
06:19:49       7    0.00    0.00    0.00    0.00    0.00    0.00    0.00  100.00    0.00

06:19:49     CPU    %usr   %nice    %sys %iowait    %irq   %soft  %steal  %guest   %idle
06:19:50     all    2.01    0.00    7.91    5.65    0.00    2.64    0.00   71.73   10.05
06:19:50       0    5.94    0.00   22.77    1.98    0.00    8.91    0.00   32.67   27.72
06:19:50       1    4.90    0.00   14.71    9.80    0.00    3.92    0.00   47.06   19.61
06:19:50       2    0.00    0.00    1.01    0.00    0.00    7.07    0.00   88.89    3.03
06:19:50       3    2.08    0.00   10.42   27.08    0.00    1.04    0.00   50.00    9.38
06:19:50       4    0.00    0.00    0.00    0.00    0.00    2.00    0.00   99.00    0.00
06:19:50       5    1.00    0.00    0.00    0.00    0.00    0.00    0.00   99.00    0.00
06:19:50       6    2.04    0.00   13.27    8.16    0.00    0.00    0.00   57.14   19.39
06:19:50       7    0.00    0.00    0.00    0.00    0.00    0.00    0.00  100.00    0.00

06:19:50     CPU    %usr   %nice    %sys %iowait    %irq   %soft  %steal  %guest   %idle
06:19:51     all    1.14    0.00    6.57   11.50    0.00    2.78    0.00   70.04    7.96
06:19:51       0    4.12    0.00   17.53   11.34    0.00    9.28    0.00   31.96   25.77
06:19:51       1    3.92    0.00   12.75   31.37    0.00    2.94    0.00   39.22    9.80
06:19:51       2    0.00    0.00    0.00    0.00    0.00    5.05    0.00   94.95    0.00
06:19:51       3    1.09    0.00   10.87   38.04    0.00    2.17    0.00   40.22    7.61
06:19:51       4    1.00    0.00    0.00    0.00    0.00    0.00    0.00   99.00    0.00
06:19:51       5    0.00    0.00    0.00    0.00    0.00    0.00    0.00  100.00    0.00
06:19:51       6    0.00    0.00   11.22   12.24    0.00    1.02    0.00   54.08   21.43
06:19:51       7    0.00    0.00    0.00    0.00    0.00    0.00    0.00  101.01    0.00

06:19:51     CPU    %usr   %nice    %sys %iowait    %irq   %soft  %steal  %guest   %idle
06:19:52     all    1.40    0.00    4.20   11.21    0.00    2.17    0.00   71.21    9.81
06:19:52       0    5.38    0.00   11.83   12.90    0.00    8.60    0.00   25.81   35.48
06:19:52       1    1.05    0.00    8.42   43.16    0.00    2.11    0.00   45.26    0.00
06:19:52       2    0.00    0.00    0.00    0.00    0.00    3.00    0.00   97.00    0.00
06:19:52       3    1.02    0.00    8.16   22.45    0.00    2.04    0.00   45.92   20.41
06:19:52       4    0.00    0.00    0.00    0.00    0.00    2.00    0.00   99.00    0.00
06:19:52       5    0.00    0.00    0.00    0.00    0.00    0.00    0.00  100.00    0.00
06:19:52       6    1.98    0.00    6.93   13.86    0.00    0.00    0.00   52.48   24.75
06:19:52       7    0.00    0.00    0.00    0.00    0.00    0.00    0.00  100.00    0.00

06:19:52     CPU    %usr   %nice    %sys %iowait    %irq   %soft  %steal  %guest   %idle
06:19:53     all    1.36    0.00    4.58   18.34    0.00    1.73    0.00   65.30    8.67
06:19:53       0    5.05    0.00    9.09   39.39    0.00    5.05    0.00   27.27   14.14
06:19:53       1    3.88    0.00    7.77   50.49    0.00    2.91    0.00   32.04    2.91
06:19:53       2    0.00    0.00    0.00    0.00    0.00    5.00    0.00   95.00    0.00
06:19:53       3    2.00    0.00   11.00   43.00    0.00    0.00    0.00   30.00   14.00
06:19:53       4    0.00    0.00    0.00    0.00    0.00    1.01    0.00   98.99    0.00
06:19:53       5    0.00    0.00    0.00    0.00    0.00    0.00    0.00  100.00    0.00
06:19:53       6    2.94    0.00    6.86   12.75    0.00    0.00    0.00   41.18   36.27
06:19:53       7    0.00    0.00    0.00    0.00    0.00    0.00    0.00  100.00    0.00

06:19:53     CPU    %usr   %nice    %sys %iowait    %irq   %soft  %steal  %guest   %idle
06:19:54     all    1.02    0.00    7.28    9.71    0.00    2.30    0.00   67.69   12.01
06:19:54       0    2.11    0.00   15.79    4.21    0.00    6.32    0.00   45.26   26.32
06:19:54       1    0.99    0.00    6.93    6.93    0.00    0.99    0.00   70.30   13.86
06:19:54       2    0.00    0.00    1.01    0.00    0.00    2.02    0.00   96.97    0.00
06:19:54       3    0.00    0.00   10.00   12.00    0.00    3.00    0.00   61.00   14.00
06:19:54       4    1.04    0.00    7.29    2.08    0.00    3.12    0.00   65.62   20.83
06:19:54       5    0.00    0.00    0.99    0.00    0.00    0.99    0.00   98.02    0.00
06:19:54       6    2.08    0.00   11.46   34.38    0.00    2.08    0.00   48.96    1.04
06:19:54       7    1.03    0.00    7.22   18.56    0.00    0.00    0.00   52.58   20.62

06:19:54     CPU    %usr   %nice    %sys %iowait    %irq   %soft  %steal  %guest   %idle
06:19:55     all    2.64    0.00    6.03   11.93    0.00    2.76    0.00   66.58   10.05
06:19:55       0    9.00    0.00   14.00   14.00    0.00    7.00    0.00   43.00   13.00
06:19:55       1    0.97    0.00    4.85    4.85    0.00    3.88    0.00   70.87   14.56
06:19:55       2    2.97    0.00    8.91    9.90    0.00    7.92    0.00   55.45   14.85
06:19:55       3    1.03    0.00    4.12   15.46    0.00    1.03    0.00   74.23    4.12
06:19:55       4    3.00    0.00    7.00    4.00    0.00    2.00    0.00   69.00   15.00
06:19:55       5    1.01    0.00    2.02    8.08    0.00    0.00    0.00   74.75   14.14
06:19:55       6    2.02    0.00    3.03   11.11    0.00    0.00    0.00   79.80    4.04
06:19:55       7    1.00    0.00    4.00   29.00    0.00    0.00    0.00   64.00    2.00

06:19:55     CPU    %usr   %nice    %sys %iowait    %irq   %soft  %steal  %guest   %idle
06:19:56     all    2.05    0.00    6.80    8.47    0.00    2.31    0.00   73.04    7.32
06:19:56       0    8.42    0.00   12.63    7.37    0.00    8.42    0.00   41.05   22.11
06:19:56       1    3.09    0.00   12.37   20.62    0.00    2.06    0.00   46.39   15.46
06:19:56       2    4.12    0.00   12.37   18.56    0.00    4.12    0.00   52.58    8.25
06:19:56       3    3.23    0.00   12.90   21.51    0.00    2.15    0.00   49.46   10.75
06:19:56       4    0.00    0.00    1.00    0.00    0.00    2.00    0.00   98.00    0.00
06:19:56       5    0.99    0.00    0.99    0.00    0.00    0.00    0.00   98.02    0.00
06:19:56       6    0.00    0.00    0.00    0.00    0.00    0.00    0.00  100.00    0.00
06:19:56       7    0.00    0.00    2.08    1.04    0.00    0.00    0.00   93.75    3.12

06:19:56     CPU    %usr   %nice    %sys %iowait    %irq   %soft  %steal  %guest   %idle
06:19:57     all    2.68    0.00    7.15   12.52    0.00    2.81    0.00   63.60   11.24
06:19:57       0    3.09    0.00   12.37    6.19    0.00   10.31    0.00   55.67   12.37
06:19:57       1    2.06    0.00    8.25   25.77    0.00    3.09    0.00   57.73    3.09
06:19:57       2    4.12    0.00    9.28   29.90    0.00    6.19    0.00   48.45    2.06
06:19:57       3    4.21    0.00    9.47    6.32    0.00    2.11    0.00   52.63   25.26
06:19:57       4    3.03    0.00    2.02    0.00    0.00    1.01    0.00   70.71   23.23
06:19:57       5    2.04    0.00    7.14   18.37    0.00    0.00    0.00   72.45    0.00
06:19:57       6    2.06    0.00    4.12    0.00    0.00    0.00    0.00   70.10   23.71
06:19:57       7    0.99    0.00    3.96   13.86    0.00    0.00    0.00   81.19    0.00

06:19:57     CPU    %usr   %nice    %sys %iowait    %irq   %soft  %steal  %guest   %idle
06:19:58     all    2.99    0.00    7.28   15.47    0.00    2.60    0.00   43.43   28.22
06:19:58       0    6.25    0.00   15.62    1.04    0.00   12.50    0.00   20.83   43.75
06:19:58       1    3.12    0.00    6.25   16.67    0.00    2.08    0.00   40.62   31.25
06:19:58       2    4.00    0.00   10.00   24.00    0.00    4.00    0.00   50.00    8.00
06:19:58       3    4.26    0.00    7.45   19.15    0.00    0.00    0.00   50.00   19.15
06:19:58       4    2.04    0.00    7.14    0.00    0.00    2.04    0.00   51.02   37.76
06:19:58       5    3.09    0.00    3.09   28.87    0.00    0.00    0.00   37.11   27.84
06:19:58       6    1.03    0.00    3.09    0.00    0.00    0.00    0.00   55.67   40.21
06:19:58       7    1.04    0.00    8.33   33.33    0.00    0.00    0.00   39.58   17.71

06:19:58     CPU    %usr   %nice    %sys %iowait    %irq   %soft  %steal  %guest   %idle
06:19:59     all    3.06    0.00    9.68    5.61    0.00    2.55    0.00   72.23    6.88
06:19:59       0    5.43    0.00   13.04    7.61    0.00    6.52    0.00   47.83   19.57
06:19:59       1    2.06    0.00    8.25   17.53    0.00    3.09    0.00   69.07    0.00
06:19:59       2    2.06    0.00    9.28    2.06    0.00    4.12    0.00   75.26    7.22
06:19:59       3    3.03    0.00    5.05    1.01    0.00    3.03    0.00   87.88    0.00
06:19:59       4    4.17    0.00   17.71   10.42    0.00    3.12    0.00   53.12   11.46
06:19:59       5    0.00    0.00    3.00    0.00    0.00    0.00    0.00   97.00    0.00
06:19:59       6    5.00    0.00   19.00    4.00    0.00    1.00    0.00   54.00   17.00
06:19:59       7    1.00    0.00    2.00    2.00    0.00    0.00    0.00   95.00    0.00

06:19:59     CPU    %usr   %nice    %sys %iowait    %irq   %soft  %steal  %guest   %idle
06:20:00     all    4.08    0.00   10.32    9.30    0.00    2.80    0.00   68.28    5.22
06:20:00       0    3.96    0.00   12.87    5.94    0.00    6.93    0.00   62.38    7.92
06:20:00       1    7.92    0.00   13.86   24.75    0.00    5.94    0.00   45.54    1.98
06:20:00       2    2.02    0.00    2.02    0.00    0.00    4.04    0.00   87.88    4.04
06:20:00       3    3.09    0.00    6.19    5.15    0.00    2.06    0.00   77.32    6.19
06:20:00       4    1.04    0.00   13.54    6.25    0.00    2.08    0.00   70.83    6.25
06:20:00       5    2.04    0.00   11.22   12.24    0.00    1.02    0.00   69.39    4.08
06:20:00       6   10.42    0.00   17.71   13.54    0.00    1.04    0.00   50.00    7.29
06:20:00       7    2.02    0.00    5.05    7.07    0.00    1.01    0.00   81.82    3.03

06:20:00     CPU    %usr   %nice    %sys %iowait    %irq   %soft  %steal  %guest   %idle
06:20:01     all    3.42    0.00    7.85   14.18    0.00    2.28    0.00   68.86    3.42
06:20:01       0    1.00    0.00    0.00    0.00    0.00    5.00    0.00   94.00    0.00
06:20:01       1    0.00    0.00    1.01    0.00    0.00    2.02    0.00   96.97    0.00
06:20:01       2    4.12    0.00   12.37   21.65    0.00    5.15    0.00   48.45    8.25
06:20:01       3    4.04    0.00   14.14   21.21    0.00    2.02    0.00   56.57    2.02
06:20:01       4    6.19    0.00   14.43   32.99    0.00    1.03    0.00   42.27    3.09
06:20:01       5    7.22    0.00   11.34   18.56    0.00    0.00    0.00   54.64    8.25
06:20:01       6    0.00    0.00    0.99    0.00    0.00    0.00    0.00   99.01    0.00
06:20:01       7    5.10    0.00    9.18   21.43    0.00    1.02    0.00   57.14    6.12

06:20:01     CPU    %usr   %nice    %sys %iowait    %irq   %soft  %steal  %guest   %idle
06:20:02     all    2.77    0.00    6.92   11.19    0.00    2.77    0.00   71.32    5.03
06:20:02       0    4.12    0.00   12.37   11.34    0.00   11.34    0.00   51.55    9.28
06:20:02       1    0.97    0.00    1.94    2.91    0.00    3.88    0.00   89.32    0.97
06:20:02       2    3.06    0.00   14.29   18.37    0.00    5.10    0.00   47.96   11.22
06:20:02       3    3.00    0.00    5.00   12.00    0.00    2.00    0.00   74.00    4.00
06:20:02       4    5.88    0.00   10.78   17.65    0.00    0.98    0.00   55.88    8.82
06:20:02       5    3.00    0.00    5.00   19.00    0.00    0.00    0.00   66.00    7.00
06:20:02       6    1.00    0.00    0.00    0.00    0.00    0.00    0.00   99.00    0.00
06:20:02       7    3.09    0.00    5.15    7.22    0.00    0.00    0.00   84.54    0.00

06:20:02     CPU    %usr   %nice    %sys %iowait    %irq   %soft  %steal  %guest   %idle
06:20:03     all    2.41    0.00    7.24   16.01    0.00    2.54    0.00   70.01    1.78
06:20:03       0    3.09    0.00   15.46   26.80    0.00    8.25    0.00   44.33    2.06
06:20:03       1    2.11    0.00   11.58   26.32    0.00    2.11    0.00   54.74    3.16
06:20:03       2    6.00    0.00   16.00   31.00    0.00    6.00    0.00   37.00    4.00
06:20:03       3    1.00    0.00    3.00   11.00    0.00    2.00    0.00   81.00    2.00
06:20:03       4    0.00    0.00    0.00    0.00    0.00    1.01    0.00   98.99    0.00
06:20:03       5    0.99    0.00    0.00    0.00    0.00    0.00    0.00   99.01    0.00
06:20:03       6    3.09    0.00    4.12   13.40    0.00    1.03    0.00   77.32    1.03
06:20:03       7    2.06    0.00    7.22   20.62    0.00    0.00    0.00   65.98    4.12

06:20:03     CPU    %usr   %nice    %sys %iowait    %irq   %soft  %steal  %guest   %idle
06:20:04     all    3.18    0.00    6.86   19.95    0.00    3.81    0.00   62.26    3.94
06:20:04       0    2.97    0.00    4.95    5.94    0.00   12.87    0.00   72.28    0.99
06:20:04       1    1.05    0.00   14.74   36.84    0.00    4.21    0.00   36.84    6.32
06:20:04       2    7.22    0.00   12.37   37.11    0.00    4.12    0.00   37.11    2.06
06:20:04       3    1.00    0.00    3.00   14.00    0.00    2.00    0.00   80.00    0.00
06:20:04       4    1.01    0.00    1.01    0.00    0.00    3.03    0.00   94.95    0.00
06:20:04       5    4.04    0.00    5.05    4.04    0.00    1.01    0.00   74.75   11.11
06:20:04       6    6.06    0.00   10.10   45.45    0.00    2.02    0.00   33.33    3.03
06:20:04       7    2.06    0.00    4.12   18.56    0.00    0.00    0.00   68.04    7.22

06:20:04     CPU    %usr   %nice    %sys %iowait    %irq   %soft  %steal  %guest   %idle
06:20:05     all    3.21    0.00    7.71   11.57    0.00    3.08    0.00   68.89    5.53
06:20:05       0    6.45    0.00   15.05   16.13    0.00   11.83    0.00   47.31    3.23
06:20:05       1    0.00    0.00    1.00    0.00    0.00    2.00    0.00   97.00    0.00
06:20:05       2    7.29    0.00   10.42   20.83    0.00    5.21    0.00   48.96    7.29
06:20:05       3    0.00    0.00    0.00    1.00    0.00    1.00    0.00   99.00    0.00
06:20:05       4    2.02    0.00    8.08    6.06    0.00    5.05    0.00   64.65   14.14
06:20:05       5    0.00    0.00    0.00    0.00    0.00    0.00    0.00  100.00    0.00
06:20:05       6    5.10    0.00   14.29   10.20    0.00    1.02    0.00   57.14   12.24
06:20:05       7    4.30    0.00   15.05   40.86    0.00    0.00    0.00   32.26    7.53

06:20:05     CPU    %usr   %nice    %sys %iowait    %irq   %soft  %steal  %guest   %idle
06:20:06     all    2.66    0.00    7.59    7.47    0.00    3.42    0.00   67.97   10.89
06:20:06       0    4.17    0.00   12.50    9.38    0.00   13.54    0.00   41.67   18.75
06:20:06       1    1.96    0.00    4.90    0.00    0.00    2.94    0.00   83.33    6.86
06:20:06       2    5.10    0.00   12.24    8.16    0.00    5.10    0.00   56.12   13.27
06:20:06       3    0.00    0.00    1.00    0.00    0.00    1.00    0.00   98.00    0.00
06:20:06       4    3.06    0.00   11.22   11.22    0.00    2.04    0.00   63.27    9.18
06:20:06       5    1.01    0.00    1.01    0.00    0.00    0.00    0.00   92.93    5.05
06:20:06       6    2.06    0.00    9.28   14.43    0.00    2.06    0.00   59.79   12.37
06:20:06       7    5.05    0.00    9.09   16.16    0.00    0.00    0.00   47.47   22.22

06:20:06     CPU    %usr   %nice    %sys %iowait    %irq   %soft  %steal  %guest   %idle
06:20:07     all    3.15    0.00    7.81    7.30    0.00    2.90    0.00   67.13   11.71
06:20:07       0    5.05    0.00   12.12   10.10    0.00   12.12    0.00   51.52    9.09
06:20:07       1    0.00    0.00    0.00    0.00    0.00    3.03    0.00   96.97    0.00
06:20:07       2    7.14    0.00   20.41   26.53    0.00    5.10    0.00   28.57   12.24
06:20:07       3    0.00    0.00    0.00    0.00    0.00    0.00    0.00  100.00    0.00
06:20:07       4    0.00    0.00    2.02    0.00    0.00    1.01    0.00   93.94    3.03
06:20:07       5    0.99    0.00    8.91    4.95    0.00    0.00    0.00   51.49   33.66
06:20:07       6    4.00    0.00    9.00    5.00    0.00    0.00    0.00   69.00   13.00
06:20:07       7    8.25    0.00   10.31   11.34    0.00    1.03    0.00   46.39   22.68
