Linux 3.2.0-40-generic (loadgen162) 	02/08/2013 	_x86_64_	(8 CPU)

06:19:34     CPU    %usr   %nice    %sys %iowait    %irq   %soft  %steal  %guest   %idle
06:19:35     all    1.53    0.00    5.62    0.00    0.00    2.30    0.00   31.93   58.62
06:19:35       0    0.00    0.00    3.12    0.00    0.00    0.00    0.00   34.38   62.50
06:19:35       1    3.03    0.00    7.07    0.00    0.00    5.05    0.00   40.40   44.44
06:19:35       2    0.00    0.00    5.10    0.00    0.00    1.02    0.00   18.37   75.51
06:19:35       3    5.15    0.00    9.28    0.00    0.00    5.15    0.00   29.90   50.52
06:19:35       4    0.00    0.00    4.17    0.00    0.00    2.08    0.00    8.33   85.42
06:19:35       5    2.04    0.00    7.14    0.00    0.00    1.02    0.00   43.88   45.92
06:19:35       6    0.00    0.00    4.08    0.00    0.00    1.02    0.00   16.33   78.57
06:19:35       7    1.01    0.00    7.07    0.00    0.00    3.03    0.00   63.64   25.25

06:19:35     CPU    %usr   %nice    %sys %iowait    %irq   %soft  %steal  %guest   %idle
06:19:36     all    2.81    0.00    6.64    0.00    0.00    2.43    0.00   33.84   54.28
06:19:36       0    3.03    0.00    5.05    0.00    0.00    0.00    0.00   43.43   48.48
06:19:36       1    3.00    0.00    6.00    0.00    0.00    5.00    0.00   37.00   49.00
06:19:36       2    3.03    0.00    4.04    0.00    0.00    1.01    0.00   34.34   57.58
06:19:36       3    3.12    0.00   13.54    0.00    0.00    5.21    0.00   19.79   58.33
06:19:36       4    2.15    0.00    4.30    0.00    0.00    0.00    0.00   30.11   63.44
06:19:36       5    0.99    0.00    5.94    0.00    0.00    1.98    0.00   39.60   51.49
06:19:36       6    3.09    0.00    4.12    0.00    0.00    2.06    0.00   29.90   60.82
06:19:36       7    2.94    0.00   10.78    0.00    0.00    3.92    0.00   35.29   47.06

06:19:36     CPU    %usr   %nice    %sys %iowait    %irq   %soft  %steal  %guest   %idle
06:19:37     all    1.40    0.00    6.48    5.21    0.00    2.29    0.00   71.92   12.71
06:19:37       0    1.00    0.00    4.00    0.00    0.00    0.00    0.00   91.00    4.00
06:19:37       1    3.16    0.00   11.58   13.68    0.00    5.26    0.00   50.53   15.79
06:19:37       2    0.00    0.00    2.02    0.00    0.00    0.00    0.00   91.92    6.06
06:19:37       3    4.26    0.00   13.83   28.72    0.00    4.26    0.00   37.23   11.70
06:19:37       4    1.01    0.00    8.08    0.00    0.00    3.03    0.00   72.73   15.15
06:19:37       5    1.02    0.00    1.02    0.00    0.00    1.02    0.00   83.67   13.27
06:19:37       6    2.02    0.00    8.08    0.00    0.00    1.01    0.00   62.63   26.26
06:19:37       7    1.98    0.00    1.98    0.00    0.00    2.97    0.00   82.18   10.89

06:19:37     CPU    %usr   %nice    %sys %iowait    %irq   %soft  %steal  %guest   %idle
06:19:38     all    1.51    0.00    5.53   14.20    0.00    2.14    0.00   62.06   14.57
06:19:38       0    0.00    0.00    1.00    0.00    0.00    0.00    0.00   94.00    6.00
06:19:38       1    1.98    0.00    8.91   35.64    0.00    2.97    0.00   46.53    3.96
06:19:38       2    1.01    0.00    0.00    1.01    0.00    2.02    0.00   79.80   16.16
06:19:38       3    4.00    0.00   13.00    1.00    0.00    4.00    0.00   36.00   42.00
06:19:38       4    0.00    0.00    0.00   17.00    0.00    2.00    0.00   81.00    0.00
06:19:38       5    1.98    0.00    8.91    0.99    0.00    1.98    0.00   49.50   36.63
06:19:38       6    0.00    0.00    5.05   17.17    0.00    1.01    0.00   71.72    5.05
06:19:38       7    2.06    0.00    8.25   42.27    0.00    3.09    0.00   39.18    5.15

06:19:38     CPU    %usr   %nice    %sys %iowait    %irq   %soft  %steal  %guest   %idle
06:19:39     all    1.13    0.00    7.52    7.89    0.00    2.63    0.00   65.41   15.41
06:19:39       0    0.99    0.00    1.98    0.00    0.00    0.99    0.00   96.04    0.00
06:19:39       1    3.03    0.00   15.15    5.05    0.00    4.04    0.00   35.35   37.37
06:19:39       2    0.00    0.00    1.00    0.00    0.00    1.00    0.00   98.00    0.00
06:19:39       3    0.00    0.00    2.00    0.00    0.00    5.00    0.00   93.00    0.00
06:19:39       4    0.00    0.00    3.03    0.00    0.00    1.01    0.00   96.97    0.00
06:19:39       5    3.09    0.00   12.37    6.19    0.00    1.03    0.00   32.99   44.33
06:19:39       6    3.96    0.00    9.90   29.70    0.00    2.97    0.00   25.74   27.72
06:19:39       7    0.00    0.00   13.00   23.00    0.00    6.00    0.00   44.00   14.00

06:19:39     CPU    %usr   %nice    %sys %iowait    %irq   %soft  %steal  %guest   %idle
06:19:40     all    1.01    0.00    6.78    0.00    0.00    2.89    0.00   72.36   16.96
06:19:40       0    0.00    0.00    3.00    0.00    0.00    0.00    0.00   97.00    0.00
06:19:40       1    2.00    0.00   11.00    0.00    0.00    4.00    0.00   59.00   24.00
06:19:40       2    0.99    0.00    1.98    0.00    0.00    1.98    0.00   95.05    0.00
06:19:40       3    0.00    0.00    5.00    0.00    0.00    6.00    0.00   89.00    0.00
06:19:40       4    1.00    0.00    3.00    0.00    0.00    1.00    0.00   95.00    0.00
06:19:40       5    2.00    0.00   13.00    0.00    0.00    0.00    0.00   46.00   39.00
06:19:40       6    1.04    0.00   10.42    0.00    0.00    5.21    0.00   29.17   54.17
06:19:40       7    1.96    0.00    8.82    0.00    0.00    4.90    0.00   63.73   20.59

06:19:40     CPU    %usr   %nice    %sys %iowait    %irq   %soft  %steal  %guest   %idle
06:19:41     all    1.14    0.00    5.56    0.00    0.00    2.40    0.00   77.78   13.13
06:19:41       0    0.00    0.00    3.03    0.00    0.00    0.00    0.00   97.98    0.00
06:19:41       1    2.17    0.00   14.13    0.00    0.00    5.43    0.00   45.65   32.61
06:19:41       2    0.00    0.00    2.00    0.00    0.00    0.00    0.00   98.00    0.00
06:19:41       3    0.00    0.00    3.03    0.00    0.00    4.04    0.00   92.93    0.00
06:19:41       4    0.00    0.00    2.00    0.00    0.00    1.00    0.00   98.00    0.00
06:19:41       5    2.02    0.00    4.04    0.00    0.00    2.02    0.00   77.78   14.14
06:19:41       6    2.00    0.00    7.00    0.00    0.00    3.00    0.00   54.00   34.00
06:19:41       7    3.96    0.00    8.91    0.00    0.00    3.96    0.00   57.43   25.74

06:19:41     CPU    %usr   %nice    %sys %iowait    %irq   %soft  %steal  %guest   %idle
06:19:42     all    1.01    0.00    5.93    0.00    0.00    2.65    0.00   78.54   11.87
06:19:42       0    0.00    0.00    4.00    0.00    0.00    0.00    0.00   96.00    0.00
06:19:42       1    5.15    0.00   11.34    0.00    0.00    4.12    0.00   55.67   23.71
06:19:42       2    0.00    0.00    3.03    0.00    0.00    0.00    0.00   97.98    0.00
06:19:42       3    0.00    0.00    3.00    0.00    0.00    7.00    0.00   90.00    0.00
06:19:42       4    0.00    0.00    2.00    0.00    0.00    1.00    0.00   97.00    0.00
06:19:42       5    2.04    0.00    6.12    0.00    0.00    2.04    0.00   66.33   23.47
06:19:42       6    0.00    0.00    8.08    0.00    0.00    2.02    0.00   67.68   22.22
06:19:42       7    0.00    0.00   10.20    0.00    0.00    5.10    0.00   59.18   25.51

06:19:42     CPU    %usr   %nice    %sys %iowait    %irq   %soft  %steal  %guest   %idle
06:19:43     all    1.27    0.00    6.09    0.25    0.00    3.05    0.00   78.81   10.53
06:19:43       0    0.99    0.00    1.98    0.00    0.00    0.00    0.00   97.03    0.00
06:19:43       1    4.12    0.00   12.37    0.00    0.00    4.12    0.00   60.82   18.56
06:19:43       2    0.00    0.00    0.00    0.00    0.00    4.00    0.00   96.00    0.00
06:19:43       3    0.00    0.00    3.00    0.00    0.00    3.00    0.00   94.00    0.00
06:19:43       4    0.99    0.00    0.99    0.00    0.00    0.99    0.00   97.03    0.00
06:19:43       5    1.04    0.00   11.46    0.00    0.00    2.08    0.00   67.71   17.71
06:19:43       6    3.12    0.00    9.38    1.04    0.00    4.17    0.00   54.17   28.12
06:19:43       7    3.09    0.00   11.34    0.00    0.00    7.22    0.00   58.76   19.59

06:19:43     CPU    %usr   %nice    %sys %iowait    %irq   %soft  %steal  %guest   %idle
06:19:44     all    1.50    0.00    5.26    0.00    0.00    2.50    0.00   79.97   10.76
06:19:44       0    0.00    0.00    0.00    0.00    0.00    0.00    0.00  100.00    0.00
06:19:44       1    4.00    0.00    8.00    0.00    0.00    4.00    0.00   66.00   18.00
06:19:44       2    0.00    0.00    1.98    0.00    0.00    0.99    0.00   96.04    0.99
06:19:44       3    0.00    0.00    4.00    0.00    0.00    3.00    0.00   87.00    6.00
06:19:44       4    0.00    0.00    1.01    0.00    0.00    0.00    0.00   93.94    5.05
06:19:44       5    0.98    0.00   11.76    0.00    0.00    1.96    0.00   71.57   13.73
06:19:44       6    2.08    0.00    5.21    0.00    0.00    2.08    0.00   66.67   23.96
06:19:44       7    2.94    0.00    8.82    0.00    0.00    6.86    0.00   59.80   21.57

06:19:44     CPU    %usr   %nice    %sys %iowait    %irq   %soft  %steal  %guest   %idle
06:19:45     all    1.51    0.00    5.52    0.13    0.00    2.51    0.00   72.15   18.19
06:19:45       0    2.02    0.00    5.05    0.00    0.00    0.00    0.00   78.79   14.14
06:19:45       1    1.00    0.00    3.00    0.00    0.00    3.00    0.00   85.00    8.00
06:19:45       2    2.06    0.00    8.25    1.03    0.00    2.06    0.00   58.76   27.84
06:19:45       3    1.92    0.00    5.77    0.00    0.00    5.77    0.00   75.00   11.54
06:19:45       4    1.02    0.00    6.12    0.00    0.00    1.02    0.00   74.49   17.35
06:19:45       5    4.04    0.00    8.08    0.00    0.00    2.02    0.00   51.52   34.34
06:19:45       6    0.00    0.00    6.00    0.00    0.00    2.00    0.00   72.00   20.00
06:19:45       7    1.98    0.00    2.97    0.00    0.00    2.97    0.00   80.20   11.88

06:19:45     CPU    %usr   %nice    %sys %iowait    %irq   %soft  %steal  %guest   %idle
06:19:46     all    2.03    0.00    5.32    0.00    0.00    2.53    0.00   64.05   26.08
06:19:46       0    3.00    0.00    6.00    0.00    0.00    0.00    0.00   62.00   29.00
06:19:46       1    2.08    0.00    9.38    0.00    0.00    6.25    0.00   43.75   38.54
06:19:46       2    2.02    0.00    4.04    0.00    0.00    0.00    0.00   72.73   21.21
06:19:46       3    3.12    0.00    3.12    0.00    0.00    5.21    0.00   63.54   25.00
06:19:46       4    0.00    0.00    2.02    0.00    0.00    3.03    0.00   67.68   27.27
06:19:46       5    3.00    0.00    4.00    0.00    0.00    2.00    0.00   71.00   20.00
06:19:46       6    2.02    0.00    6.06    0.00    0.00    2.02    0.00   58.59   31.31
06:19:46       7    1.00    0.00    7.00    0.00    0.00    3.00    0.00   72.00   17.00

06:19:46     CPU    %usr   %nice    %sys %iowait    %irq   %soft  %steal  %guest   %idle
06:19:47     all    1.41    0.00    6.02    0.00    0.00    1.79    0.00   42.51   48.27
06:19:47       0    0.00    0.00    2.11    0.00    0.00    0.00    0.00   56.84   41.05
06:19:47       1    2.04    0.00   11.22    0.00    0.00    2.04    0.00   30.61   54.08
06:19:47       2    1.01    0.00    3.03    0.00    0.00    1.01    0.00   37.37   57.58
06:19:47       3    4.12    0.00   10.31    0.00    0.00    4.12    0.00   24.74   56.70
06:19:47       4    1.04    0.00    4.17    0.00    0.00    0.00    0.00   43.75   51.04
06:19:47       5    1.03    0.00    8.25    0.00    0.00    1.03    0.00   44.33   45.36
06:19:47       6    0.00    0.00    5.15    0.00    0.00    1.03    0.00   43.30   50.52
06:19:47       7    1.00    0.00    4.00    0.00    0.00    3.00    0.00   61.00   31.00

06:19:47     CPU    %usr   %nice    %sys %iowait    %irq   %soft  %steal  %guest   %idle
06:19:48     all    1.79    0.00    6.39    0.00    0.00    2.43    0.00   40.36   49.04
06:19:48       0    1.98    0.00    4.95    0.00    0.00    0.99    0.00   62.38   29.70
06:19:48       1    2.08    0.00    6.25    0.00    0.00    4.17    0.00   43.75   43.75
06:19:48       2    2.02    0.00    6.06    0.00    0.00    1.01    0.00   22.22   68.69
06:19:48       3    4.08    0.00   11.22    0.00    0.00    6.12    0.00   28.57   50.00
06:19:48       4    0.00    0.00    4.08    0.00    0.00    1.02    0.00   42.86   53.06
06:19:48       5    2.00    0.00    6.00    0.00    0.00    2.00    0.00   58.00   32.00
06:19:48       6    2.06    0.00    6.19    0.00    0.00    1.03    0.00   19.59   71.13
06:19:48       7    2.04    0.00    7.14    0.00    0.00    5.10    0.00   42.86   42.86

06:19:48     CPU    %usr   %nice    %sys %iowait    %irq   %soft  %steal  %guest   %idle
06:19:49     all    2.26    0.00    5.66    0.25    0.00    2.64    0.00   35.72   53.46
06:19:49       0    0.99    0.00    5.94    0.00    0.00    0.00    0.00   59.41   33.66
06:19:49       1    4.00    0.00    9.00    0.00    0.00    3.00    0.00   11.00   73.00
06:19:49       2    1.01    0.00    6.06    0.00    0.00    3.03    0.00   49.49   40.40
06:19:49       3    3.09    0.00    5.15    0.00    0.00    6.19    0.00   22.68   62.89
06:19:49       4    2.00    0.00    6.00    0.00    0.00    1.00    0.00   47.00   44.00
06:19:49       5    2.00    0.00    5.00    2.00    0.00    2.00    0.00   18.00   71.00
06:19:49       6    1.02    0.00    4.08    0.00    0.00    2.04    0.00   66.33   26.53
06:19:49       7    3.00    0.00    4.00    0.00    0.00    5.00    0.00   13.00   75.00

06:19:49     CPU    %usr   %nice    %sys %iowait    %irq   %soft  %steal  %guest   %idle
06:19:50     all    2.05    0.00    5.38    0.13    0.00    2.31    0.00   35.26   54.87
06:19:50       0    0.98    0.00    2.94    0.00    0.00    0.00    0.00   78.43   17.65
06:19:50       1    2.00    0.00    8.00    1.00    0.00    3.00    0.00   27.00   59.00
06:19:50       2    0.00    0.00    5.26    0.00    0.00    3.16    0.00   48.42   43.16
06:19:50       3    4.21    0.00    8.42    0.00    0.00    3.16    0.00   20.00   64.21
06:19:50       4    3.06    0.00    3.06    0.00    0.00    0.00    0.00   23.47   70.41
06:19:50       5    2.08    0.00    7.29    0.00    0.00    2.08    0.00   39.58   48.96
06:19:50       6    2.06    0.00    2.06    0.00    0.00    1.03    0.00   15.46   79.38
06:19:50       7    0.00    0.00    5.32    0.00    0.00    5.32    0.00   28.72   60.64

06:19:50     CPU    %usr   %nice    %sys %iowait    %irq   %soft  %steal  %guest   %idle
06:19:51     all    1.13    0.00    4.91    0.00    0.00    1.51    0.00   24.06   68.39
06:19:51       0    0.00    0.00    5.10    0.00    0.00    0.00    0.00   63.27   31.63
06:19:51       1    3.03    0.00    5.05    0.00    0.00    1.01    0.00   19.19   71.72
06:19:51       2    1.94    0.00    3.88    0.00    0.00    1.94    0.00   23.30   68.93
06:19:51       3    4.12    0.00    8.25    0.00    0.00    5.15    0.00    7.22   75.26
06:19:51       4    0.00    0.00    2.97    0.00    0.00    0.99    0.00   22.77   73.27
06:19:51       5    0.00    0.00    6.00    0.00    0.00    0.00    0.00   21.00   73.00
06:19:51       6    1.00    0.00    4.00    0.00    0.00    1.00    0.00   15.00   79.00
06:19:51       7    2.04    0.00    5.10    0.00    0.00    2.04    0.00   18.37   72.45

06:19:51     CPU    %usr   %nice    %sys %iowait    %irq   %soft  %steal  %guest   %idle
06:19:52     all    2.02    0.00    5.67    0.00    0.00    2.52    0.00   38.79   51.01
06:19:52       0    0.00    0.00    3.03    0.00    0.00    0.00    0.00   53.54   43.43
06:19:52       1    3.03    0.00    8.08    0.00    0.00    4.04    0.00   23.23   61.62
06:19:52       2    1.03    0.00    5.15    0.00    0.00    2.06    0.00   36.08   55.67
06:19:52       3    1.96    0.00    8.82    0.00    0.00    5.88    0.00   41.18   42.16
06:19:52       4    1.00    0.00    3.00    0.00    0.00    3.00    0.00   41.00   52.00
06:19:52       5    1.92    0.00    6.73    0.00    0.00    0.96    0.00   35.58   54.81
06:19:52       6    1.02    0.00    5.10    0.00    0.00    0.00    0.00   44.90   48.98
06:19:52       7    1.05    0.00    6.32    0.00    0.00    3.16    0.00   37.89   51.58

06:19:52     CPU    %usr   %nice    %sys %iowait    %irq   %soft  %steal  %guest   %idle
06:19:53     all    1.28    0.00    6.25    0.00    0.00    2.68    0.00   39.54   50.26
06:19:53       0    0.00    0.00    8.91    0.00    0.00    0.00    0.00   60.40   30.69
06:19:53       1    2.13    0.00    5.32    0.00    0.00    5.32    0.00   29.79   57.45
06:19:53       2    0.97    0.00    2.91    0.00    0.00    2.91    0.00   65.05   28.16
06:19:53       3    3.23    0.00    7.53    0.00    0.00    4.30    0.00   12.90   72.04
06:19:53       4    1.03    0.00    5.15    0.00    0.00    2.06    0.00   55.67   36.08
06:19:53       5    1.03    0.00    6.19    0.00    0.00    4.12    0.00   23.71   64.95
06:19:53       6    3.96    0.00    6.93    0.00    0.00    1.98    0.00   37.62   49.50
06:19:53       7    1.01    0.00    5.05    0.00    0.00    3.03    0.00   26.26   64.65

06:19:53     CPU    %usr   %nice    %sys %iowait    %irq   %soft  %steal  %guest   %idle
06:19:54     all    2.04    0.00    5.23    0.00    0.00    2.55    0.00   43.75   46.43
06:19:54       0    3.03    0.00    7.07    0.00    0.00    0.00    0.00   57.58   32.32
06:19:54       1    1.03    0.00    8.25    0.00    0.00    5.15    0.00   29.90   55.67
06:19:54       2    1.03    0.00    3.09    0.00    0.00    1.03    0.00   40.21   54.64
06:19:54       3    6.19    0.00    9.28    0.00    0.00    5.15    0.00   18.56   60.82
06:19:54       4    1.01    0.00    2.02    0.00    0.00    0.00    0.00   79.80   17.17
06:19:54       5    2.02    0.00    4.04    0.00    0.00    1.01    0.00   38.38   54.55
06:19:54       6    0.00    0.00    3.16    0.00    0.00    2.11    0.00   47.37   48.42
06:19:54       7    1.01    0.00    6.06    0.00    0.00    5.05    0.00   38.38   49.49

06:19:54     CPU    %usr   %nice    %sys %iowait    %irq   %soft  %steal  %guest   %idle
06:19:55     all    1.91    0.00    6.24    0.00    0.00    2.68    0.00   37.71   51.46
06:19:55       0    0.00    0.00    6.00    0.00    0.00    0.00    0.00   67.00   27.00
06:19:55       1    3.03    0.00   12.12    0.00    0.00    5.05    0.00    6.06   73.74
06:19:55       2    1.01    0.00    6.06    0.00    0.00    3.03    0.00   51.52   38.38
06:19:55       3    4.17    0.00    6.25    0.00    0.00    3.12    0.00   34.38   52.08
06:19:55       4    2.02    0.00    6.06    0.00    0.00    2.02    0.00   46.46   43.43
06:19:55       5    2.11    0.00    4.21    0.00    0.00    1.05    0.00   23.16   69.47
06:19:55       6    1.98    0.00    4.95    0.00    0.00    3.96    0.00   38.61   50.50
06:19:55       7    1.04    0.00    4.17    0.00    0.00    4.17    0.00   33.33   57.29

06:19:55     CPU    %usr   %nice    %sys %iowait    %irq   %soft  %steal  %guest   %idle
06:19:56     all    2.17    0.00    5.61    0.00    0.00    2.81    0.00   38.14   51.28
06:19:56       0    3.00    0.00    4.00    0.00    0.00    0.00    0.00   61.00   32.00
06:19:56       1    3.12    0.00    5.21    0.00    0.00    5.21    0.00   17.71   68.75
06:19:56       2    2.06    0.00    5.15    0.00    0.00    2.06    0.00   35.05   55.67
06:19:56       3    3.16    0.00    6.32    0.00    0.00    4.21    0.00   25.26   61.05
06:19:56       4    2.02    0.00    7.07    0.00    0.00    2.02    0.00   49.49   39.39
06:19:56       5    2.04    0.00    6.12    0.00    0.00    2.04    0.00   33.67   56.12
06:19:56       6    2.97    0.00    5.94    0.00    0.00    0.99    0.00   44.55   45.54
06:19:56       7    3.00    0.00    5.00    0.00    0.00    5.00    0.00   34.00   53.00

06:19:56     CPU    %usr   %nice    %sys %iowait    %irq   %soft  %steal  %guest   %idle
06:19:57     all    1.65    0.00    5.45    0.25    0.00    2.15    0.00   33.71   56.78
06:19:57       0    0.00    0.00    3.09    1.03    0.00    0.00    0.00   49.48   46.39
06:19:57       1    1.01    0.00    6.06    0.00    0.00    5.05    0.00   32.32   55.56
06:19:57       2    1.00    0.00    6.00    0.00    0.00    1.00    0.00   43.00   49.00
06:19:57       3    2.97    0.00   11.88    0.00    0.00    4.95    0.00   16.83   63.37
06:19:57       4    1.04    0.00    2.08    0.00    0.00    1.04    0.00   30.21   65.62
06:19:57       5    1.00    0.00    6.00    0.00    0.00    2.00    0.00   45.00   46.00
06:19:57       6    1.98    0.00    3.96    0.99    0.00    1.98    0.00   22.77   68.32
06:19:57       7    2.11    0.00    4.21    0.00    0.00    1.05    0.00   32.63   60.00

06:19:57     CPU    %usr   %nice    %sys %iowait    %irq   %soft  %steal  %guest   %idle
06:19:58     all    1.26    0.00    5.43    0.51    0.00    1.64    0.00   35.73   55.43
06:19:58       0    0.95    0.00    4.76    0.00    0.00    0.00    0.00   58.10   36.19
06:19:58       1    2.04    0.00    7.14    0.00    0.00    2.04    0.00   22.45   66.33
06:19:58       2    1.98    0.00    4.95    0.00    0.00    0.99    0.00   29.70   62.38
06:19:58       3    2.08    0.00    6.25    0.00    0.00    4.17    0.00   33.33   54.17
06:19:58       4    1.02    0.00    2.04    2.04    0.00    0.00    0.00   35.71   59.18
06:19:58       5    1.02    0.00    6.12    0.00    0.00    2.04    0.00   28.57   62.24
06:19:58       6    1.03    0.00    5.15    0.00    0.00    1.03    0.00   43.30   49.48
06:19:58       7    1.01    0.00    6.06    1.01    0.00    3.03    0.00   33.33   55.56

06:19:58     CPU    %usr   %nice    %sys %iowait    %irq   %soft  %steal  %guest   %idle
06:19:59     all    1.40    0.00    5.21    0.00    0.00    2.03    0.00   30.62   60.74
06:19:59       0    0.00    0.00    3.92    0.00    0.00    0.00    0.00   48.04   48.04
06:19:59       1    2.08    0.00    6.25    0.00    0.00    2.08    0.00   13.54   76.04
06:19:59       2    1.02    0.00    3.06    0.00    0.00    2.04    0.00   58.16   35.71
06:19:59       3    1.03    0.00    8.25    0.00    0.00    4.12    0.00   22.68   63.92
06:19:59       4    1.04    0.00    5.21    0.00    0.00    2.08    0.00   35.42   56.25
06:19:59       5    2.04    0.00    5.10    0.00    0.00    2.04    0.00   24.49   66.33
06:19:59       6    0.00    0.00    4.08    0.00    0.00    1.02    0.00   22.45   72.45
06:19:59       7    2.00    0.00    6.00    0.00    0.00    4.00    0.00   21.00   67.00

06:19:59     CPU    %usr   %nice    %sys %iowait    %irq   %soft  %steal  %guest   %idle
06:20:00     all    1.50    0.00    5.25    0.00    0.00    1.88    0.00   35.75   55.62
06:20:00       0    0.98    0.00    1.96    0.00    0.00    0.00    0.00   56.86   40.20
06:20:00       1    1.02    0.00    7.14    0.00    0.00    3.06    0.00   48.98   39.80
06:20:00       2    0.99    0.00    2.97    0.00    0.00    0.99    0.00   22.77   72.28
06:20:00       3    5.94    0.00   11.88    0.00    0.00    4.95    0.00   10.89   66.34
06:20:00       4    1.00    0.00    3.00    0.00    0.00    1.00    0.00   33.00   62.00
06:20:00       5    0.00    0.00    5.05    0.00    0.00    0.00    0.00   42.42   52.53
06:20:00       6    1.03    0.00    5.15    0.00    0.00    0.00    0.00   38.14   55.67
06:20:00       7    2.00    0.00    6.00    0.00    0.00    3.00    0.00   32.00   57.00

06:20:00     CPU    %usr   %nice    %sys %iowait    %irq   %soft  %steal  %guest   %idle
06:20:01     all    1.91    0.00    5.47    0.00    0.00    2.80    0.00   41.35   48.47
06:20:01       0    1.00    0.00    4.00    0.00    0.00    0.00    0.00   61.00   34.00
06:20:01       1    2.06    0.00    7.22    0.00    0.00    7.22    0.00   20.62   62.89
06:20:01       2    3.09    0.00    6.19    0.00    0.00    2.06    0.00   35.05   53.61
06:20:01       3    3.06    0.00    8.16    0.00    0.00    5.10    0.00   25.51   58.16
06:20:01       4    1.03    0.00    3.09    0.00    0.00    2.06    0.00   36.08   57.73
06:20:01       5    0.98    0.00    6.86    0.00    0.00    1.96    0.00   40.20   50.00
06:20:01       6    1.02    0.00    3.06    0.00    0.00    1.02    0.00   68.37   26.53
06:20:01       7    2.06    0.00    4.12    0.00    0.00    3.09    0.00   44.33   46.39

06:20:01     CPU    %usr   %nice    %sys %iowait    %irq   %soft  %steal  %guest   %idle
06:20:02     all    2.33    0.00    6.21    0.00    0.00    2.72    0.00   41.53   47.22
06:20:02       0    2.04    0.00   12.24    0.00    0.00    0.00    0.00   68.37   17.35
06:20:02       1    3.96    0.00    5.94    0.00    0.00    3.96    0.00   43.56   42.57
06:20:02       2    2.06    0.00    5.15    0.00    0.00    1.03    0.00   52.58   39.18
06:20:02       3    5.26    0.00    8.42    0.00    0.00    7.37    0.00   15.79   63.16
06:20:02       4    1.06    0.00    4.26    0.00    0.00    1.06    0.00   54.26   39.36
06:20:02       5    2.06    0.00    4.12    0.00    0.00    1.03    0.00   35.05   57.73
06:20:02       6    3.06    0.00    5.10    0.00    0.00    3.06    0.00   31.63   57.14
06:20:02       7    1.04    0.00    4.17    0.00    0.00    5.21    0.00   29.17   60.42

06:20:02     CPU    %usr   %nice    %sys %iowait    %irq   %soft  %steal  %guest   %idle
06:20:03     all    2.27    0.00    6.18    0.00    0.00    3.03    0.00   40.86   47.67
06:20:03       0    0.00    0.00    4.85    0.00    0.00    0.00    0.00   63.11   32.04
06:20:03       1    3.09    0.00   10.31    0.00    0.00    3.09    0.00   18.56   64.95
06:20:03       2    3.09    0.00    4.12    0.00    0.00    1.03    0.00   53.61   38.14
06:20:03       3    6.00    0.00    9.00    0.00    0.00    8.00    0.00   15.00   62.00
06:20:03       4    1.01    0.00    4.04    0.00    0.00    1.01    0.00   56.57   37.37
06:20:03       5    1.02    0.00    3.06    0.00    0.00    2.04    0.00   42.86   51.02
06:20:03       6    2.08    0.00    5.21    0.00    0.00    1.04    0.00   52.08   39.58
06:20:03       7    0.98    0.00    9.80    0.00    0.00    5.88    0.00   24.51   58.82

06:20:03     CPU    %usr   %nice    %sys %iowait    %irq   %soft  %steal  %guest   %idle
06:20:04     all    1.40    0.00    4.83    0.00    0.00    1.40    0.00   30.53   61.83
06:20:04       0    0.00    0.00    2.00    0.00    0.00    0.00    0.00   55.00   43.00
06:20:04       1    1.00    0.00    5.00    0.00    0.00    3.00    0.00   32.00   59.00
06:20:04       2    2.06    0.00    4.12    0.00    0.00    2.06    0.00    4.12   87.63
06:20:04       3    2.13    0.00    8.51    0.00    0.00    2.13    0.00   28.72   58.51
06:20:04       4    1.02    0.00    3.06    0.00    0.00    0.00    0.00   14.29   81.63
06:20:04       5    0.00    0.00    5.21    0.00    0.00    0.00    0.00   66.67   28.12
06:20:04       6    2.02    0.00    3.03    0.00    0.00    1.01    0.00   11.11   82.83
06:20:04       7    3.03    0.00    8.08    0.00    0.00    3.03    0.00   33.33   52.53

06:20:04     CPU    %usr   %nice    %sys %iowait    %irq   %soft  %steal  %guest   %idle
06:20:05     all    1.88    0.00    5.53    0.00    0.00    2.14    0.00   34.30   56.16
06:20:05       0    0.97    0.00    6.80    0.00    0.00    0.00    0.00   57.28   34.95
06:20:05       1    4.00    0.00    7.00    0.00    0.00    4.00    0.00   34.00   51.00
06:20:05       2    0.99    0.00    2.97    0.00    0.00    0.99    0.00   33.66   61.39
06:20:05       3    6.12    0.00    3.06    0.00    0.00    6.12    0.00   30.61   54.08
06:20:05       4    0.00    0.00    3.06    0.00    0.00    1.02    0.00   25.51   70.41
06:20:05       5    0.99    0.00    5.94    0.00    0.00    1.98    0.00   35.64   55.45
06:20:05       6    1.01    0.00    5.05    0.00    0.00    1.01    0.00   18.18   74.75
06:20:05       7    1.03    0.00   10.31    0.00    0.00    3.09    0.00   37.11   48.45

06:20:05     CPU    %usr   %nice    %sys %iowait    %irq   %soft  %steal  %guest   %idle
06:20:06     all    2.53    0.00    6.46    0.00    0.00    3.29    0.00   37.85   49.87
06:20:06       0    4.04    0.00    4.04    0.00    0.00    0.00    0.00   52.53   39.39
06:20:06       1    2.11    0.00    7.37    0.00    0.00    5.26    0.00   16.84   68.42
06:20:06       2    2.97    0.00    7.92    0.00    0.00    2.97    0.00   37.62   48.51
06:20:06       3    4.04    0.00    8.08    0.00    0.00    4.04    0.00   24.24   59.60
06:20:06       4    3.06    0.00    6.12    0.00    0.00    1.02    0.00   43.88   45.92
06:20:06       5    2.00    0.00    4.00    0.00    0.00    4.00    0.00   26.00   64.00
06:20:06       6    1.01    0.00    6.06    0.00    0.00    4.04    0.00   63.64   25.25
06:20:06       7    1.02    0.00    6.12    0.00    0.00    5.10    0.00   38.78   48.98

06:20:06     CPU    %usr   %nice    %sys %iowait    %irq   %soft  %steal  %guest   %idle
06:20:07     all    2.18    0.00    6.02    0.38    0.00    2.18    0.00   37.00   52.24
06:20:07       0    0.00    0.00    7.00    0.00    0.00    0.00    0.00   65.00   28.00
06:20:07       1    3.03    0.00    9.09    1.01    0.00    3.03    0.00   21.21   62.63
06:20:07       2    3.00    0.00    4.00    0.00    0.00    1.00    0.00   38.00   54.00
06:20:07       3    5.00    0.00    8.00    0.00    0.00    6.00    0.00   15.00   66.00
06:20:07       4    1.05    0.00    4.21    1.05    0.00    2.11    0.00   41.05   50.53
06:20:07       5    2.06    0.00    7.22    0.00    0.00    1.03    0.00   23.71   65.98
06:20:07       6    1.04    0.00    4.17    0.00    0.00    1.04    0.00   57.29   36.46
06:20:07       7    1.06    0.00    5.32    0.00    0.00    3.19    0.00   36.17   54.26

06:20:07     CPU    %usr   %nice    %sys %iowait    %irq   %soft  %steal  %guest   %idle
06:20:08     all    2.04    0.00    6.75    0.00    0.00    2.42    0.00   36.05   52.74
06:20:08       0    0.99    0.00    7.92    0.00    0.00    0.00    0.00   62.38   28.71
06:20:08       1    4.04    0.00   12.12    0.00    0.00    3.03    0.00    8.08   72.73
06:20:08       2    2.02    0.00    6.06    0.00    0.00    2.02    0.00   48.48   41.41
06:20:08       3    5.05    0.00    7.07    0.00    0.00    5.05    0.00   12.12   70.71
06:20:08       4    0.00    0.00    3.06    0.00    0.00    2.04    0.00   46.94   47.96
06:20:08       5    1.01    0.00    6.06    0.00    0.00    2.02    0.00   38.38   52.53
06:20:08       6    2.08    0.00    7.29    0.00    0.00    2.08    0.00   44.79   43.75
06:20:08       7    2.04    0.00    6.12    0.00    0.00    4.08    0.00   25.51   62.24

06:20:08     CPU    %usr   %nice    %sys %iowait    %irq   %soft  %steal  %guest   %idle
06:20:09     all    2.05    0.00    7.67    0.00    0.00    2.43    0.00   41.82   46.04
06:20:09       0    0.00    0.00    4.95    0.00    0.00    0.00    0.00   66.34   28.71
06:20:09       1    6.00    0.00   11.00    0.00    0.00    4.00    0.00   28.00   51.00
06:20:09       2    3.06    0.00    7.14    1.02    0.00    2.04    0.00   43.88   42.86
06:20:09       3    2.06    0.00    8.25    0.00    0.00    4.12    0.00   31.96   53.61
06:20:09       4    3.09    0.00    4.12    0.00    0.00    1.03    0.00   41.24   50.52
06:20:09       5    0.00    0.00    7.29    0.00    0.00    2.08    0.00   47.92   42.71
06:20:09       6    1.03    0.00    9.28    0.00    0.00    1.03    0.00   45.36   43.30
06:20:09       7    1.05    0.00    7.37    0.00    0.00    4.21    0.00   29.47   57.89

06:20:09     CPU    %usr   %nice    %sys %iowait    %irq   %soft  %steal  %guest   %idle
06:20:10     all    2.26    0.00    6.16    0.00    0.00    2.14    0.00   44.72   44.72
06:20:10       0    0.98    0.00    5.88    0.00    0.00    0.98    0.00   73.53   18.63
06:20:10       1    2.00    0.00    6.00    0.00    0.00    4.00    0.00   35.00   53.00
06:20:10       2    1.01    0.00    5.05    0.00    0.00    2.02    0.00   42.42   49.49
06:20:10       3    6.19    0.00    9.28    0.00    0.00    5.15    0.00   22.68   56.70
06:20:10       4    1.02    0.00    7.14    0.00    0.00    0.00    0.00   41.84   50.00
06:20:10       5    1.03    0.00    4.12    0.00    0.00    1.03    0.00   54.64   39.18
06:20:10       6    3.00    0.00    6.00    0.00    0.00    0.00    0.00   37.00   54.00
06:20:10       7    3.88    0.00    5.83    0.00    0.00    3.88    0.00   48.54   37.86

06:20:10     CPU    %usr   %nice    %sys %iowait    %irq   %soft  %steal  %guest   %idle
06:20:11     all    1.91    0.00    6.62    0.00    0.00    3.05    0.00   38.30   50.13
06:20:11       0    0.98    0.00    7.84    0.00    0.00    0.00    0.00   66.67   24.51
06:20:11       1    4.12    0.00    7.22    0.00    0.00    4.12    0.00   29.90   54.64
06:20:11       2    1.02    0.00    5.10    0.00    0.00    1.02    0.00   38.78   54.08
06:20:11       3    3.06    0.00    9.18    0.00    0.00    9.18    0.00   26.53   52.04
06:20:11       4    1.03    0.00    5.15    0.00    0.00    2.06    0.00   46.39   45.36
06:20:11       5    2.06    0.00    5.15    0.00    0.00    1.03    0.00   29.90   61.86
06:20:11       6    0.00    0.00    4.12    0.00    0.00    4.12    0.00   41.24   50.52
06:20:11       7    3.00    0.00    9.00    0.00    0.00    5.00    0.00   26.00   57.00

06:20:11     CPU    %usr   %nice    %sys %iowait    %irq   %soft  %steal  %guest   %idle
06:20:12     all    2.34    0.00    5.60    1.04    0.00    2.60    0.00   48.83   39.58
06:20:12       0    1.05    0.00    6.32    0.00    0.00    1.05    0.00   66.32   25.26
06:20:12       1    4.08    0.00    5.10    2.04    0.00    3.06    0.00   35.71   50.00
06:20:12       2    2.06    0.00    5.15    1.03    0.00    1.03    0.00   62.89   27.84
06:20:12       3    5.43    0.00    8.70    2.17    0.00    6.52    0.00   23.91   53.26
06:20:12       4    1.02    0.00    6.12    1.02    0.00    1.02    0.00   64.29   26.53
06:20:12       5    1.02    0.00    3.06    0.00    0.00    2.04    0.00   43.88   50.00
06:20:12       6    2.02    0.00    5.05    2.02    0.00    0.00    0.00   61.62   29.29
06:20:12       7    2.22    0.00    5.56    1.11    0.00    3.33    0.00   30.00   57.78

06:20:12     CPU    %usr   %nice    %sys %iowait    %irq   %soft  %steal  %guest   %idle
06:20:13     all    1.55    0.00    5.17    0.52    0.00    2.84    0.00   47.80   42.12
06:20:13       0    0.00    0.00    4.04    1.01    0.00    0.00    0.00   71.72   23.23
06:20:13       1    2.15    0.00    5.38    0.00    0.00    5.38    0.00   44.09   43.01
06:20:13       2    1.01    0.00    6.06    0.00    0.00    2.02    0.00   42.42   48.48
06:20:13       3    3.03    0.00    6.06    0.00    0.00    8.08    0.00   42.42   40.40
06:20:13       4    1.03    0.00    5.15    1.03    0.00    2.06    0.00   54.64   36.08
06:20:13       5    2.04    0.00    6.12    1.02    0.00    1.02    0.00   52.04   37.76
06:20:13       6    1.05    0.00    4.21    0.00    0.00    2.11    0.00   37.89   54.74
06:20:13       7    2.08    0.00    4.17    0.00    0.00    4.17    0.00   35.42   54.17

06:20:13     CPU    %usr   %nice    %sys %iowait    %irq   %soft  %steal  %guest   %idle
06:20:14     all    2.08    0.00    6.49    1.56    0.00    3.37    0.00   49.42   37.09
06:20:14       0    1.04    0.00    4.17    0.00    0.00    0.00    0.00   59.38   35.42
06:20:14       1    5.05    0.00    7.07    1.01    0.00    5.05    0.00   41.41   40.40
06:20:14       2    1.08    0.00    8.60    1.08    0.00    2.15    0.00   36.56   50.54
06:20:14       3    2.02    0.00    6.06    1.01    0.00    7.07    0.00   64.65   19.19
06:20:14       4    2.06    0.00    3.09    4.12    0.00    2.06    0.00   46.39   42.27
06:20:14       5    0.00    0.00   10.31    4.12    0.00    2.06    0.00   49.48   34.02
06:20:14       6    2.13    0.00    6.38    0.00    0.00    4.26    0.00   39.36   47.87
06:20:14       7    1.04    0.00    6.25    1.04    0.00    5.21    0.00   59.38   27.08

06:20:14     CPU    %usr   %nice    %sys %iowait    %irq   %soft  %steal  %guest   %idle
06:20:15     all    2.15    0.00    6.31   11.24    0.00    2.78    0.00   40.15   37.37
06:20:15       0    0.00    0.00    3.09   20.62    0.00    0.00    0.00   27.84   48.45
06:20:15       1    3.00    0.00    7.00    2.00    0.00    2.00    0.00   55.00   31.00
06:20:15       2    2.00    0.00    4.00   19.00    0.00    2.00    0.00   29.00   44.00
06:20:15       3    7.00    0.00    8.00    2.00    0.00    6.00    0.00   33.00   44.00
06:20:15       4    2.02    0.00    6.06   38.38    0.00    1.01    0.00   39.39   13.13
06:20:15       5    0.97    0.00    9.71    1.94    0.00    2.91    0.00   57.28   27.18
06:20:15       6    1.04    0.00    5.21    5.21    0.00    3.12    0.00   37.50   47.92
06:20:15       7    2.06    0.00    7.22    2.06    0.00    5.15    0.00   40.21   43.30

06:20:15     CPU    %usr   %nice    %sys %iowait    %irq   %soft  %steal  %guest   %idle
06:20:16     all    2.94    0.00    6.65   19.57    0.00    2.56    0.00   31.20   37.08
06:20:16       0    3.88    0.00    5.83    0.97    0.00    0.00    0.00   41.75   47.57
06:20:16       1    3.00    0.00    9.00   17.00    0.00    6.00    0.00   32.00   33.00
06:20:16       2    2.06    0.00    4.12    3.09    0.00    3.09    0.00   25.77   61.86
06:20:16       3    4.30    0.00   12.90   20.43    0.00    3.23    0.00   23.66   35.48
06:20:16       4    3.09    0.00    3.09   56.70    0.00    1.03    0.00   24.74   11.34
06:20:16       5    0.00    0.00    6.00   31.00    0.00    1.00    0.00   46.00   16.00
06:20:16       6    2.06    0.00    6.19   26.80    0.00    1.03    0.00   18.56   45.36
06:20:16       7    2.13    0.00    7.45    1.06    0.00    3.19    0.00   38.30   47.87

06:20:16     CPU    %usr   %nice    %sys %iowait    %irq   %soft  %steal  %guest   %idle
06:20:17     all    1.40    0.00    6.77   16.60    0.00    1.92    0.00   31.67   41.63
06:20:17       0    0.00    0.00    3.96    0.99    0.00    0.00    0.00   54.46   40.59
06:20:17       1    3.16    0.00    5.26   32.63    0.00    4.21    0.00   24.21   30.53
06:20:17       2    1.02    0.00    8.16   45.92    0.00    0.00    0.00   23.47   21.43
06:20:17       3    3.09    0.00   12.37   27.84    0.00    4.12    0.00   20.62   31.96
06:20:17       4    0.00    0.00    6.19   21.65    0.00    2.06    0.00   21.65   48.45
06:20:17       5    2.11    0.00    5.26    2.11    0.00    0.00    0.00   33.68   56.84
06:20:17       6    1.00    0.00    7.00    1.00    0.00    3.00    0.00   30.00   58.00
06:20:17       7    2.97    0.00    5.94    0.99    0.00    2.97    0.00   41.58   45.54
