Linux 3.2.0-40-generic (loadgen162) 	20/08/2013 	_x86_64_	(8 CPU)

13:42:38     CPU    %usr   %nice    %sys %iowait    %irq   %soft  %steal  %guest   %idle
13:42:39     all    0.13    0.00    0.13    0.00    0.00    0.00    0.00    0.00   99.75
13:42:39       0    0.00    0.00    0.00    0.00    0.00    0.00    0.00    0.00  100.00
13:42:39       1    0.00    0.00    0.00    0.00    0.00    0.00    0.00    0.00  100.00
13:42:39       2    0.00    0.00    0.00    0.00    0.00    0.00    0.00    0.00  100.00
13:42:39       3    0.00    0.00    0.00    0.00    0.00    0.00    0.00    0.00  100.00
13:42:39       4    0.00    0.00    0.00    0.00    0.00    0.00    0.00    0.00  100.00
13:42:39       5    0.00    0.00    0.00    0.00    0.00    0.00    0.00    0.00  100.00
13:42:39       6    0.00    0.00    0.00    0.00    0.00    0.00    0.00    0.00  100.00
13:42:39       7    0.00    0.00    1.03    0.00    0.00    0.00    0.00    0.00   98.97

13:42:39     CPU    %usr   %nice    %sys %iowait    %irq   %soft  %steal  %guest   %idle
13:42:40     all    0.00    0.00    0.75    0.00    0.00    0.00    0.00    0.00   99.25
13:42:40       0    0.00    0.00    2.02    0.00    0.00    0.00    0.00    0.00   97.98
13:42:40       1    0.00    0.00    0.00    0.00    0.00    0.00    0.00    0.00  100.00
13:42:40       2    0.00    0.00    0.99    0.00    0.00    0.00    0.00    0.00   99.01
13:42:40       3    0.00    0.00    0.00    0.00    0.00    0.00    0.00    0.00  100.00
13:42:40       4    0.00    0.00    0.00    0.00    0.00    0.00    0.00    0.00  100.00
13:42:40       5    0.00    0.00    0.00    0.00    0.00    0.00    0.00    0.00  100.00
13:42:40       6    0.00    0.00    0.00    0.00    0.00    0.00    0.00    0.00  100.00
13:42:40       7    0.00    0.00    3.00    0.00    0.00    0.00    0.00    0.00   97.00

13:42:40     CPU    %usr   %nice    %sys %iowait    %irq   %soft  %steal  %guest   %idle
13:42:41     all    1.51    0.00    1.00    0.13    0.00    0.00    0.00    6.90   90.46
13:42:41       0    3.03    0.00    4.04    0.00    0.00    0.00    0.00   55.56   37.37
13:42:41       1    4.04    0.00    0.00    0.00    0.00    0.00    0.00    0.00   95.96
13:42:41       2    0.00    0.00    1.00    0.00    0.00    0.00    0.00    0.00   99.00
13:42:41       3    2.00    0.00    0.00    0.00    0.00    0.00    0.00    0.00   98.00
13:42:41       4    0.00    0.00    0.00    0.00    0.00    0.00    0.00    0.00  100.00
13:42:41       5    0.00    0.00    0.00    0.00    0.00    0.00    0.00    0.00  100.00
13:42:41       6    2.02    0.00    1.01    0.00    0.00    0.00    0.00    0.00   96.97
13:42:41       7    0.99    0.00    2.97    0.99    0.00    0.00    0.00    0.00   95.05

13:42:41     CPU    %usr   %nice    %sys %iowait    %irq   %soft  %steal  %guest   %idle
13:42:42     all    0.13    0.00    2.13    2.50    0.00    0.00    0.00   10.76   84.48
13:42:42       0    0.00    0.00    4.00    0.00    0.00    0.00    0.00   35.00   61.00
13:42:42       1    0.00    0.00    0.00   20.20    0.00    0.00    0.00    0.00   79.80
13:42:42       2    0.00    0.00    0.00    0.00    0.00    0.00    0.00    0.00  100.00
13:42:42       3    0.00    0.00    0.00    0.00    0.00    0.00    0.00    0.00  100.00
13:42:42       4    0.00    0.00    0.00    0.00    0.00    0.00    0.00    0.00  100.00
13:42:42       5    0.00    0.00   10.10    0.00    0.00    0.00    0.00   51.52   38.38
13:42:42       6    0.00    0.00    0.00    0.00    0.00    0.00    0.00    0.00  100.00
13:42:42       7    0.00    0.00    1.02    0.00    0.00    0.00    0.00    0.00   98.98

13:42:42     CPU    %usr   %nice    %sys %iowait    %irq   %soft  %steal  %guest   %idle
13:42:43     all    0.00    0.00    0.88    0.00    0.00    0.00    0.00   11.90   87.22
13:42:43       0    0.00    0.00    0.00    0.00    0.00    0.00    0.00    0.00  100.00
13:42:43       1    0.00    0.00    0.00    0.00    0.00    0.00    0.00    0.00  100.00
13:42:43       2    0.00    0.00    0.99    0.00    0.00    0.00    0.00    0.00   99.01
13:42:43       3    0.00    0.00    0.00    0.00    0.00    0.00    0.00    0.00  100.00
13:42:43       4    0.00    0.00    0.00    0.00    0.00    0.00    0.00    0.00  100.00
13:42:43       5    0.00    0.00    5.00    0.00    0.00    0.00    0.00   95.00    0.00
13:42:43       6    0.00    0.00    0.00    0.00    0.00    0.00    0.00    0.00  100.00
13:42:43       7    0.00    0.00    2.02    0.00    0.00    0.00    0.00    0.00   97.98

13:42:43     CPU    %usr   %nice    %sys %iowait    %irq   %soft  %steal  %guest   %idle
13:42:44     all    0.00    0.00    1.38    0.00    0.00    0.00    0.00   11.88   86.75
13:42:44       0    0.00    0.00    3.00    0.00    0.00    0.00    0.00    0.00   97.00
13:42:44       1    0.00    0.00    0.00    0.00    0.00    0.00    0.00    0.00  100.00
13:42:44       2    0.00    0.00    0.00    0.00    0.00    0.00    0.00    0.00  100.00
13:42:44       3    0.00    0.00    0.00    0.00    0.00    0.00    0.00    0.00  100.00
13:42:44       4    0.00    0.00    0.00    0.00    0.00    0.00    0.00    0.00  100.00
13:42:44       5    0.00    0.00    5.00    0.00    0.00    0.00    0.00   95.00    0.00
13:42:44       6    0.00    0.00    0.00    0.00    0.00    0.00    0.00    0.00  100.00
13:42:44       7    0.00    0.00    2.00    0.00    0.00    0.00    0.00    0.00   98.00

13:42:44     CPU    %usr   %nice    %sys %iowait    %irq   %soft  %steal  %guest   %idle
13:42:45     all    0.12    0.00    1.12    0.00    0.00    0.00    0.00   11.88   86.88
13:42:45       0    0.00    0.00    3.00    0.00    0.00    0.00    0.00    0.00   97.00
13:42:45       1    0.00    0.00    0.00    0.00    0.00    0.00    0.00    0.00  100.00
13:42:45       2    0.00    0.00    0.99    0.00    0.00    0.00    0.00    0.00   99.01
13:42:45       3    0.00    0.00    0.00    0.00    0.00    0.00    0.00    0.00  100.00
13:42:45       4    0.00    0.00    0.00    0.00    0.00    0.00    0.00    0.00  100.00
13:42:45       5    1.00    0.00    4.00    0.00    0.00    0.00    0.00   95.00    0.00
13:42:45       6    0.00    0.00    0.00    0.00    0.00    0.00    0.00    0.00  100.00
13:42:45       7    0.99    0.00    1.98    0.00    0.00    0.00    0.00    0.00   97.03

13:42:45     CPU    %usr   %nice    %sys %iowait    %irq   %soft  %steal  %guest   %idle
13:42:46     all    0.25    0.00    1.00    0.00    0.00    0.00    0.00   11.88   86.88
13:42:46       0    0.00    0.00    0.00    0.00    0.00    0.00    0.00    0.00  100.00
13:42:46       1    1.01    0.00    0.00    0.00    0.00    0.00    0.00    0.00   98.99
13:42:46       2    0.00    0.00    0.00    0.00    0.00    0.00    0.00    0.00  100.00
13:42:46       3    0.00    0.00    0.00    0.00    0.00    0.00    0.00    0.00  100.00
13:42:46       4    0.00    0.00    0.00    0.00    0.00    0.00    0.00    0.00  100.00
13:42:46       5    0.00    0.00    5.94    0.00    0.00    0.00    0.00   94.06    0.00
13:42:46       6    0.00    0.00    0.00    0.00    0.00    0.00    0.00    0.00  100.00
13:42:46       7    0.00    0.00    2.00    0.00    0.00    0.00    0.00    0.00   98.00

13:42:46     CPU    %usr   %nice    %sys %iowait    %irq   %soft  %steal  %guest   %idle
13:42:47     all    0.38    0.00    2.88    0.50    0.00    0.00    0.00   10.01   86.23
13:42:47       0    0.00    0.00    0.00    0.00    0.00    0.00    0.00    0.00  100.00
13:42:47       1    0.00    0.00    1.98    4.95    0.00    0.00    0.00    0.00   93.07
13:42:47       2    0.00    0.00    0.00    0.00    0.00    0.00    0.00    0.00  100.00
13:42:47       3    1.00    0.00    0.00    0.00    0.00    0.00    0.00    0.00   99.00
13:42:47       4    0.00    0.00    0.00    0.00    0.00    0.00    0.00    0.00  100.00
13:42:47       5    1.01    0.00   18.18    0.00    0.00    0.00    0.00   80.81    0.00
13:42:47       6    0.00    0.00    0.00    0.00    0.00    0.00    0.00    0.00  100.00
13:42:47       7    0.99    0.00    2.97    0.00    0.00    0.00    0.00    0.00   96.04

13:42:47     CPU    %usr   %nice    %sys %iowait    %irq   %soft  %steal  %guest   %idle
13:42:48     all    0.88    0.00    5.76    0.00    0.00    0.00    0.00    8.52   84.84
13:42:48       0    2.00    0.00    5.00    0.00    0.00    0.00    0.00    1.00   92.00
13:42:48       1    1.00    0.00    2.00    0.00    0.00    0.00    0.00    4.00   93.00
13:42:48       2    1.98    0.00    4.95    0.00    0.00    0.00    0.00    9.90   83.17
13:42:48       3    0.00    0.00    1.00    0.00    0.00    0.00    0.00    0.00   99.00
13:42:48       4    0.00    0.00    6.12    0.00    0.00    0.00    0.00    7.14   87.76
13:42:48       5    2.00    0.00   24.00    0.00    0.00    0.00    0.00   43.00   31.00
13:42:48       6    0.00    0.00    2.02    0.00    0.00    0.00    0.00    3.03   94.95
13:42:48       7    0.00    0.00    0.00    0.00    0.00    0.00    0.00    1.02   98.98

13:42:48     CPU    %usr   %nice    %sys %iowait    %irq   %soft  %steal  %guest   %idle
13:42:49     all    0.25    0.00    3.43    3.93    0.00    0.00    0.00    8.12   84.26
13:42:49       0    0.00    0.00    3.03    9.09    0.00    0.00    0.00    2.02   85.86
13:42:49       1    0.00    0.00    1.01    7.07    0.00    0.00    0.00   16.16   75.76
13:42:49       2    0.00    0.00    5.05    1.01    0.00    0.00    0.00   15.15   78.79
13:42:49       3    2.00    0.00    3.00    7.00    0.00    0.00    0.00    0.00   88.00
13:42:49       4    0.00    0.00    3.03    2.02    0.00    0.00    0.00    5.05   89.90
13:42:49       5    1.02    0.00    3.06    1.02    0.00    0.00    0.00    0.00   94.90
13:42:49       6    0.99    0.00    5.94    3.96    0.00    0.00    0.00   14.85   74.26
13:42:49       7    0.00    0.00    5.10    1.02    0.00    0.00    0.00   11.22   82.65

13:42:49     CPU    %usr   %nice    %sys %iowait    %irq   %soft  %steal  %guest   %idle
13:42:50     all    0.38    0.00    1.54   15.36    0.00    0.00    0.00    4.23   78.49
13:42:50       0    0.00    0.00    2.06   28.87    0.00    1.03    0.00    3.09   64.95
13:42:50       1    0.00    0.00    2.04   28.57    0.00    0.00    0.00    7.14   63.27
13:42:50       2    1.04    0.00    0.00    8.33    0.00    0.00    0.00    4.17   86.46
13:42:50       3    1.03    0.00    3.09   15.46    0.00    0.00    0.00    4.12   76.29
13:42:50       4    0.00    0.00    2.04   12.24    0.00    0.00    0.00    5.10   80.61
13:42:50       5    0.00    0.00    1.02    8.16    0.00    0.00    0.00    5.10   85.71
13:42:50       6    0.00    0.00    1.04   11.46    0.00    0.00    0.00    1.04   86.46
13:42:50       7    0.00    0.00    0.00    9.28    0.00    0.00    0.00    3.09   87.63

13:42:50     CPU    %usr   %nice    %sys %iowait    %irq   %soft  %steal  %guest   %idle
13:42:51     all    0.89    0.00    8.38   15.86    0.00    0.13    0.00   20.18   54.57
13:42:51       0    1.04    0.00    2.08   39.58    0.00    0.00    0.00    3.12   54.17
13:42:51       1    2.02    0.00    9.09   25.25    0.00    1.01    0.00   30.30   32.32
13:42:51       2    3.03    0.00    5.05    6.06    0.00    0.00    0.00    1.01   84.85
13:42:51       3    0.00    0.00   10.20   17.35    0.00    0.00    0.00    3.06   69.39
13:42:51       4    1.01    0.00    9.09   12.12    0.00    0.00    0.00   30.30   47.47
13:42:51       5    2.04    0.00   11.22    8.16    0.00    0.00    0.00   31.63   46.94
13:42:51       6    0.00    0.00   11.00    1.00    0.00    0.00    0.00   44.00   44.00
13:42:51       7    2.00    0.00    7.00   17.00    0.00    0.00    0.00   16.00   58.00

13:42:51     CPU    %usr   %nice    %sys %iowait    %irq   %soft  %steal  %guest   %idle
13:42:52     all    0.51    0.00    3.84   15.09    0.00    0.00    0.00   12.02   68.54
13:42:52       0    0.00    0.00    1.03   47.42    0.00    0.00    0.00    3.09   49.48
13:42:52       1    0.00    0.00    2.02   48.48    0.00    0.00    0.00   14.14   35.35
13:42:52       2    0.00    0.00    6.19    0.00    0.00    0.00    0.00    7.22   86.60
13:42:52       3    2.13    0.00    1.06    7.45    0.00    0.00    0.00    5.32   84.04
13:42:52       4    1.02    0.00    6.12    0.00    0.00    0.00    0.00   18.37   74.49
13:42:52       5    0.00    0.00    7.07    2.02    0.00    0.00    0.00   23.23   67.68
13:42:52       6    0.00    0.00    5.10    4.08    0.00    0.00    0.00   13.27   77.55
13:42:52       7    0.00    0.00    3.06   10.20    0.00    0.00    0.00   12.24   74.49

13:42:52     CPU    %usr   %nice    %sys %iowait    %irq   %soft  %steal  %guest   %idle
13:42:53     all    0.26    0.00    0.77    4.73    0.00    0.00    0.00   14.83   79.41
13:42:53       0    0.00    0.00    0.00    5.10    0.00    0.00    0.00   35.71   59.18
13:42:53       1    0.00    0.00    2.08   30.21    0.00    0.00    0.00    4.17   64.58
13:42:53       2    0.00    0.00    0.00    1.02    0.00    0.00    0.00   11.22   87.76
13:42:53       3    0.00    0.00    2.04    3.06    0.00    0.00    0.00    3.06   91.84
13:42:53       4    0.00    0.00    2.02    0.00    0.00    0.00    0.00   37.37   60.61
13:42:53       5    1.04    0.00    1.04    0.00    0.00    0.00    0.00   10.42   87.50
13:42:53       6    0.00    0.00    0.00    0.00    0.00    0.00    0.00   15.00   85.00
13:42:53       7    1.01    0.00    0.00    0.00    0.00    0.00    0.00    1.01   97.98

13:42:53     CPU    %usr   %nice    %sys %iowait    %irq   %soft  %steal  %guest   %idle
13:42:54     all    0.00    0.00    0.63    0.25    0.00    0.00    0.00    0.25   98.87
13:42:54       0    0.00    0.00    0.00    0.00    0.00    0.00    0.00    0.00  100.00
13:42:54       1    0.00    0.00    3.00    2.00    0.00    0.00    0.00    0.00   95.00
13:42:54       2    0.00    0.00    0.00    0.00    0.00    0.00    0.00    0.00  100.00
13:42:54       3    1.00    0.00    0.00    0.00    0.00    0.00    0.00    0.00   99.00
13:42:54       4    0.00    0.00    0.00    0.00    0.00    0.00    0.00    0.00  100.00
13:42:54       5    0.00    0.00    0.00    0.00    0.00    0.00    0.00    2.00   99.00
13:42:54       6    0.00    0.00    0.99    0.00    0.00    0.00    0.00    0.00   99.01
13:42:54       7    0.00    0.00    0.00    0.00    0.00    0.00    0.00    1.01  100.00

13:42:54     CPU    %usr   %nice    %sys %iowait    %irq   %soft  %steal  %guest   %idle
13:42:55     all    0.12    0.00    0.50    0.00    0.00    0.00    0.00    0.50   98.88
13:42:55       0    0.00    0.00    2.00    0.00    0.00    0.00    0.00    0.00   98.00
13:42:55       1    0.00    0.00    2.00    0.00    0.00    0.00    0.00    1.00   97.00
13:42:55       2    0.00    0.00    0.00    0.00    0.00    0.00    0.00    0.00  100.00
13:42:55       3    0.00    0.00    0.00    0.00    0.00    0.00    0.00    1.00   99.00
13:42:55       4    0.00    0.00    0.99    0.00    0.00    0.00    0.00    0.00   99.01
13:42:55       5    0.00    0.00    0.00    0.00    0.00    0.00    0.00    1.01   98.99
13:42:55       6    0.00    0.00    0.00    0.00    0.00    0.00    0.00    0.00  100.00
13:42:55       7    0.00    0.00    0.00    0.00    0.00    0.00    0.00    1.00   99.00

13:42:55     CPU    %usr   %nice    %sys %iowait    %irq   %soft  %steal  %guest   %idle
13:42:56     all    0.63    0.00    0.38    0.38    0.00    0.00    0.00    0.00   98.62
13:42:56       0    1.00    0.00    1.00    1.00    0.00    0.00    0.00    0.00   97.00
13:42:56       1    2.94    0.00    0.98    1.96    0.00    0.00    0.00    0.00   94.12
13:42:56       2    0.00    0.00    0.00    0.00    0.00    0.00    0.00    0.00  100.00
13:42:56       3    0.00    0.00    0.00    0.00    0.00    0.00    0.00    0.00  100.00
13:42:56       4    0.00    0.00    0.00    0.00    0.00    0.00    0.00    0.00  100.00
13:42:56       5    0.00    0.00    0.00    0.00    0.00    0.00    0.00    0.00  100.00
13:42:56       6    0.00    0.00    0.00    0.00    0.00    0.00    0.00    0.00  100.00
13:42:56       7    1.00    0.00    0.00    0.00    0.00    0.00    0.00    0.00   99.00

13:42:56     CPU    %usr   %nice    %sys %iowait    %irq   %soft  %steal  %guest   %idle
13:42:57     all    0.13    0.00    0.25    0.00    0.00    0.00    0.00    0.00   99.62
13:42:57       0    0.00    0.00    0.00    0.00    0.00    0.00    0.00    0.00  100.00
13:42:57       1    0.00    0.00    0.00    0.00    0.00    0.00    0.00    0.00  100.00
13:42:57       2    1.00    0.00    2.00    0.00    0.00    0.00    0.00    0.00   97.00
13:42:57       3    0.00    0.00    0.00    0.00    0.00    0.00    0.00    0.00  100.00
13:42:57       4    0.00    0.00    0.00    0.00    0.00    0.00    0.00    0.00  100.00
13:42:57       5    1.00    0.00    0.00    0.00    0.00    0.00    0.00    0.00   99.00
13:42:57       6    0.00    0.00    0.00    0.00    0.00    0.00    0.00    0.00  100.00
13:42:57       7    0.00    0.00    0.00    0.00    0.00    0.00    0.00    0.00  100.00

13:42:57     CPU    %usr   %nice    %sys %iowait    %irq   %soft  %steal  %guest   %idle
13:42:58     all    0.13    0.00    0.38    0.00    0.00    0.00    0.00    0.00   99.50
13:42:58       0    0.00    0.00    0.00    0.00    0.00    0.00    0.00    0.00  100.00
13:42:58       1    0.00    0.00    1.00    0.00    0.00    0.00    0.00    0.00   99.00
13:42:58       2    0.99    0.00    1.98    0.00    0.00    0.00    0.00    0.00   97.03
13:42:58       3    0.00    0.00    0.00    0.00    0.00    0.00    0.00    0.00  100.00
13:42:58       4    0.00    0.00    0.99    0.00    0.00    0.00    0.00    0.00   99.01
13:42:58       5    0.00    0.00    0.00    0.00    0.00    0.00    0.00    0.00  100.00
13:42:58       6    0.00    0.00    0.00    0.00    0.00    0.00    0.00    0.00  100.00
13:42:58       7    0.00    0.00    0.00    0.00    0.00    0.00    0.00    0.00  100.00

13:42:58     CPU    %usr   %nice    %sys %iowait    %irq   %soft  %steal  %guest   %idle
13:42:59     all    0.00    0.00    0.62    0.00    0.00    0.00    0.00    0.00   99.38
13:42:59       0    0.00    0.00    0.00    0.00    0.00    0.00    0.00    0.00  100.00
13:42:59       1    0.00    0.00    0.99    0.00    0.00    0.00    0.00    0.00   99.01
13:42:59       2    0.00    0.00    3.03    0.00    0.00    0.00    0.00    0.00   96.97
13:42:59       3    0.00    0.00    0.00    0.00    0.00    0.00    0.00    0.00  100.00
13:42:59       4    0.00    0.00    0.00    0.00    0.00    0.00    0.00    0.00  100.00
13:42:59       5    0.00    0.00    0.00    0.00    0.00    0.00    0.00    0.00  100.00
13:42:59       6    0.00    0.00    0.00    0.00    0.00    0.00    0.00    0.00  100.00
13:42:59       7    0.00    0.00    0.00    0.00    0.00    0.00    0.00    0.00  100.00
