Linux 3.2.0-39-generic (loadgen168) 	20/08/2013 	_x86_64_	(8 CPU)

14:02:17     CPU    %usr   %nice    %sys %iowait    %irq   %soft  %steal  %guest   %idle
14:02:18     all    0.89    0.00    2.41   49.87    0.00    0.13    0.00   42.53    4.18
14:02:18       0    2.08    0.00    6.25   85.42    0.00    1.04    0.00    5.21    0.00
14:02:18       1    0.00    0.00    3.06   90.82    0.00    0.00    0.00    5.10    1.02
14:02:18       2    2.02    0.00    4.04   64.65    0.00    0.00    0.00   22.22    7.07
14:02:18       3    0.00    0.00    1.02   97.96    0.00    0.00    0.00    1.02    0.00
14:02:18       4    1.01    0.00    1.01   38.38    0.00    0.00    0.00   50.51    9.09
14:02:18       5    0.00    0.00    1.01    9.09    0.00    0.00    0.00   89.90    0.00
14:02:18       6    0.00    0.00    1.02    1.02    0.00    0.00    0.00   88.78    9.18
14:02:18       7    2.00    0.00    1.00   13.00    0.00    0.00    0.00   78.00    6.00

14:02:18     CPU    %usr   %nice    %sys %iowait    %irq   %soft  %steal  %guest   %idle
14:02:19     all    0.77    0.00    1.79   50.13    0.00    0.51    0.00   40.43    6.38
14:02:19       0    4.17    0.00    5.21   85.42    0.00    4.17    0.00    0.00    1.04
14:02:19       1    0.00    0.00    2.06   97.94    0.00    0.00    0.00    0.00    0.00
14:02:19       2    1.01    0.00    4.04   85.86    0.00    0.00    0.00    7.07    2.02
14:02:19       3    0.00    0.00    1.01   87.88    0.00    0.00    0.00    0.00   11.11
14:02:19       4    1.04    0.00    1.04   28.12    0.00    0.00    0.00   54.17   15.62
14:02:19       5    0.00    0.00    0.00   13.27    0.00    0.00    0.00   68.37   18.37
14:02:19       6    0.00    0.00    0.00    4.95    0.00    0.00    0.00   93.07    1.98
14:02:19       7    0.00    0.00    1.98    0.00    0.00    0.00    0.00   95.05    2.97

14:02:19     CPU    %usr   %nice    %sys %iowait    %irq   %soft  %steal  %guest   %idle
14:02:20     all    0.90    0.00    2.05   62.87    0.00    0.38    0.00   26.50    7.30
14:02:20       0    4.21    0.00    5.26   68.42    0.00    2.11    0.00   18.95    1.05
14:02:20       1    1.01    0.00    2.02   93.94    0.00    0.00    0.00    3.03    0.00
14:02:20       2    2.02    0.00    4.04   80.81    0.00    0.00    0.00    9.09    4.04
14:02:20       3    1.02    0.00    1.02   87.76    0.00    0.00    0.00    4.08    6.12
14:02:20       4    1.03    0.00    1.03   57.73    0.00    0.00    0.00   32.99    7.22
14:02:20       5    0.00    0.00    1.01   34.34    0.00    0.00    0.00   61.62    3.03
14:02:20       6    1.01    0.00    2.02   26.26    0.00    0.00    0.00   46.46   24.24
14:02:20       7    0.00    0.00    0.00   53.06    0.00    1.02    0.00   33.67   12.24

14:02:20     CPU    %usr   %nice    %sys %iowait    %irq   %soft  %steal  %guest   %idle
14:02:21     all    0.64    0.00    2.93   36.18    0.00    0.76    0.00   27.01   32.48
14:02:21       0    2.04    0.00    4.08   30.61    0.00    6.12    0.00   42.86   14.29
14:02:21       1    0.00    0.00    2.04   43.88    0.00    0.00    0.00   13.27   40.82
14:02:21       2    0.00    0.00    4.04   58.59    0.00    0.00    0.00   11.11   26.26
14:02:21       3    1.03    0.00    4.12   38.14    0.00    0.00    0.00    0.00   56.70
14:02:21       4    0.00    0.00    5.10   50.00    0.00    0.00    0.00   10.20   34.69
14:02:21       5    0.99    0.00    0.99   25.74    0.00    0.00    0.00   57.43   14.85
14:02:21       6    0.00    0.00    2.04    4.08    0.00    0.00    0.00   54.08   40.82
14:02:21       7    1.02    0.00    2.04   38.78    0.00    0.00    0.00   27.55   30.61

14:02:21     CPU    %usr   %nice    %sys %iowait    %irq   %soft  %steal  %guest   %idle
14:02:22     all    0.38    0.00    1.89   47.86    0.00    0.13    0.00   27.46   22.29
14:02:22       0    1.02    0.00    2.04   88.78    0.00    0.00    0.00    4.08    4.08
14:02:22       1    0.00    0.00    0.00   32.63    0.00    0.00    0.00   32.63   34.74
14:02:22       2    0.00    0.00    2.06   62.89    0.00    0.00    0.00    4.12   30.93
14:02:22       3    0.00    0.00    3.03   65.66    0.00    0.00    0.00    0.00   31.31
14:02:22       4    1.01    0.00    3.03   74.75    0.00    0.00    0.00   13.13    8.08
14:02:22       5    0.00    0.00    2.00   56.00    0.00    0.00    0.00    3.00   39.00
14:02:22       6    1.00    0.00    0.00    0.00    0.00    0.00    0.00   89.00   10.00
14:02:22       7    1.00    0.00    1.00    4.00    0.00    0.00    0.00   72.00   22.00

14:02:22     CPU    %usr   %nice    %sys %iowait    %irq   %soft  %steal  %guest   %idle
14:02:23     all    0.00    0.00    1.40   28.84    0.00    0.13    0.00   12.71   56.93
14:02:23       0    0.00    0.00    2.04    7.14    0.00    1.02    0.00   23.47   66.33
14:02:23       1    0.00    0.00    1.96   22.55    0.00    0.98    0.00    4.90   69.61
14:02:23       2    0.00    0.00    2.02   13.13    0.00    0.00    0.00    2.02   82.83
14:02:23       3    0.00    0.00    1.01   58.59    0.00    0.00    0.00   14.14   26.26
14:02:23       4    1.00    0.00    2.00   18.00    0.00    0.00    0.00    7.00   72.00
14:02:23       5    0.00    0.00    1.01   42.42    0.00    1.01    0.00    1.01   54.55
14:02:23       6    0.00    0.00    2.06   68.04    0.00    0.00    0.00    1.03   28.87
14:02:23       7    0.00    0.00    1.00    0.00    0.00    0.00    0.00   48.00   52.00

14:02:23     CPU    %usr   %nice    %sys %iowait    %irq   %soft  %steal  %guest   %idle
14:02:24     all    0.38    0.00    2.25   40.68    0.00    0.25    0.00   11.26   45.18
14:02:24       0    0.00    0.00    3.03   85.86    0.00    1.01    0.00    0.00   10.10
14:02:24       1    0.00    0.00    1.03    9.28    0.00    0.00    0.00    7.22   82.47
14:02:24       2    1.01    0.00    2.02   18.18    0.00    0.00    0.00    0.00   78.79
14:02:24       3    0.00    0.00    3.96   58.42    0.00    0.00    0.00    5.94   31.68
14:02:24       4    0.00    0.00    1.98    1.98    0.00    0.00    0.00   46.53   50.50
14:02:24       5    0.00    0.00    1.02   47.96    0.00    0.00    0.00   17.35   34.69
14:02:24       6    0.00    0.00    3.06   65.31    0.00    0.00    0.00    0.00   31.63
14:02:24       7    0.00    0.00    1.98   41.58    0.00    0.00    0.00   13.86   42.57

14:02:24     CPU    %usr   %nice    %sys %iowait    %irq   %soft  %steal  %guest   %idle
14:02:25     all    1.14    0.00    2.92   33.50    0.00    0.76    0.00   30.08   31.60
14:02:25       0    6.38    0.00    9.57   48.94    0.00    4.26    0.00    0.00   30.85
14:02:25       1    1.03    0.00    3.09   11.34    0.00    3.09    0.00   35.05   46.39
14:02:25       2    3.00    0.00    4.00   79.00    0.00    0.00    0.00    8.00    6.00
14:02:25       3    0.00    0.00    0.00  4338350776.77    0.00    0.00    0.00   46.46   80.81
14:02:25       4    1.01    0.00    3.03   59.60    0.00    0.00    0.00   27.27    9.09
14:02:25       5    1.00    0.00    1.00   44.00    0.00    0.00    0.00   47.00    7.00
14:02:25       6    0.99    0.00    0.99   22.77    0.00    0.00    0.00   43.56   31.68
14:02:25       7    0.00    0.00    0.00   28.57    0.00    0.00    0.00   29.59   41.84

14:02:25     CPU    %usr   %nice    %sys %iowait    %irq   %soft  %steal  %guest   %idle
14:02:26     all    1.02    0.00    5.59   37.87    0.00    1.40    0.00   36.72   17.41
14:02:26       0    6.06    0.00   16.16   33.33    0.00    8.08    0.00    1.01   35.35
14:02:26       1    0.00    0.00    4.26   64.89    0.00    0.00    0.00   23.40    7.45
14:02:26       2    1.01    0.00    7.07   72.73    0.00    2.02    0.00   15.15    2.02
14:02:26       3    0.00    0.00    3.09   18.56    0.00    0.00    0.00   58.76   20.62
14:02:26       4    0.00    0.00    4.95   18.81    0.00    0.00    0.00   60.40   15.84
14:02:26       5    0.00    0.00    4.08   62.24    0.00    0.00    0.00   16.33   17.35
14:02:26       6    0.00    0.00    4.04   30.30    0.00    0.00    0.00   53.54   12.12
14:02:26       7    0.99    0.00    2.97    4.95    0.00    0.00    0.00   64.36   26.73

14:02:26     CPU    %usr   %nice    %sys %iowait    %irq   %soft  %steal  %guest   %idle
14:02:27     all    1.78    0.00    5.35   21.78    0.00    1.15    0.00   17.32   52.61
14:02:27       0    8.60    0.00   19.35   16.13    0.00    6.45    0.00    0.00   49.46
14:02:27       1    2.08    0.00    0.00    0.00    0.00    0.00    0.00   31.25   66.67
14:02:27       2    2.02    0.00    5.05   25.25    0.00    2.02    0.00   51.52   14.14
14:02:27       3    1.00    0.00    4.00   24.00    0.00    0.00    0.00   17.00   54.00
14:02:27       4    0.00    0.00    4.12   28.87    0.00    0.00    0.00    7.22   59.79
14:02:27       5    0.00    0.00    4.04    8.08    0.00    0.00    0.00   19.19   68.69
14:02:27       6    2.00    0.00    4.00   54.00    0.00    0.00    0.00    2.00   38.00
14:02:27       7    0.00    0.00    1.02   16.33    0.00    0.00    0.00    9.18   73.47

14:02:27     CPU    %usr   %nice    %sys %iowait    %irq   %soft  %steal  %guest   %idle
14:02:28     all    1.15    0.00    3.70   22.61    0.00    0.26    0.00   15.33   56.96
14:02:28       0    5.62    0.00   15.73   39.33    0.00    2.25    0.00    0.00   37.08
14:02:28       1    0.00    0.00    1.98    0.99    0.00    0.00    0.00    0.99   97.03
14:02:28       2    3.03    0.00    4.04   36.36    0.00    1.01    0.00   14.14   41.41
14:02:28       3    0.00    0.00    0.00    0.00    0.00    0.00    0.00    0.00  100.00
14:02:28       4    0.00    0.00    2.02   85.86    0.00    0.00    0.00    6.06    6.06
14:02:28       5    0.00    0.00    1.00    0.00    0.00    0.00    0.00    1.00   98.00
14:02:28       6    0.00    0.00    2.00   18.00    0.00    0.00    0.00   80.00    1.00
14:02:28       7    0.00    0.00    5.10    4.08    0.00    0.00    0.00   20.41   70.41

14:02:28     CPU    %usr   %nice    %sys %iowait    %irq   %soft  %steal  %guest   %idle
14:02:29     all    0.51    0.00    2.15   37.17    0.00    0.00    0.00   15.68   44.50
14:02:29       0    3.12    0.00    3.12   51.04    0.00    0.00    0.00    1.04   41.67
14:02:29       1    0.99    0.00    2.97   30.69    0.00    0.99    0.00   26.73   37.62
14:02:29       2    1.00    0.00    2.00   55.00    0.00    0.00    0.00    3.00   39.00
14:02:29       3    0.00    0.00    2.02   24.24    0.00    0.00    0.00    5.05   68.69
14:02:29       4    0.00    0.00    1.01   34.34    0.00    0.00    0.00    4.04   60.61
14:02:29       5    0.00    0.00    3.06   51.02    0.00    0.00    0.00    4.08   41.84
14:02:29       6    0.00    0.00    0.00    0.00    0.00    0.00    0.00   77.00   23.00
14:02:29       7    0.00    0.00    2.02   50.51    0.00    0.00    0.00    3.03   44.44

14:02:29     CPU    %usr   %nice    %sys %iowait    %irq   %soft  %steal  %guest   %idle
14:02:30     all    1.89    0.00    2.64   45.09    0.00    0.50    0.00   26.70   23.17
14:02:30       0    1.03    0.00    3.09   56.70    0.00    2.06    0.00   23.71   13.40
14:02:30       1    0.00    0.00    1.02   30.61    0.00    0.00    0.00   42.86   25.51
14:02:30       2    5.05    0.00    5.05   65.66    0.00    0.00    0.00    3.03   21.21
14:02:30       3    1.02    0.00    2.04   21.43    0.00    0.00    0.00   44.90   30.61
14:02:30       4    5.00    0.00    5.00   77.00    0.00    0.00    0.00    3.00   10.00
14:02:30       5    0.99    0.00    1.98   22.77    0.00    0.00    0.00   38.61   35.64
14:02:30       6    2.00    0.00    2.00   27.00    0.00    0.00    0.00   37.00   32.00
14:02:30       7    0.00    0.00    2.04   61.22    0.00    0.00    0.00   20.41   16.33

14:02:30     CPU    %usr   %nice    %sys %iowait    %irq   %soft  %steal  %guest   %idle
14:02:31     all    1.26    0.00    5.93   32.20    0.00    0.13    0.00   17.17   43.31
14:02:31       0    0.99    0.00    7.92   32.67    0.00    0.99    0.00   22.77   34.65
14:02:31       1    0.99    0.00    4.95   37.62    0.00    0.99    0.00   17.82   37.62
14:02:31       2    2.00    0.00   10.00   49.00    0.00    0.00    0.00    0.00   39.00
14:02:31       3    3.06    0.00    9.18    5.10    0.00    0.00    0.00   17.35   65.31
14:02:31       4    0.00    0.00    5.15   63.92    0.00    0.00    0.00    3.09   27.84
14:02:31       5    4.00    0.00    6.00   35.00    0.00    0.00    0.00   11.00   44.00
14:02:31       6    0.00    0.00    4.00   15.00    0.00    0.00    0.00   31.00   50.00
14:02:31       7    0.00    0.00    1.01   16.16    0.00    0.00    0.00   34.34   48.48

14:02:31     CPU    %usr   %nice    %sys %iowait    %irq   %soft  %steal  %guest   %idle
14:02:32     all    1.64    0.00    1.89   50.50    0.00    0.13    0.00   20.78   25.06
14:02:32       0    1.00    0.00    3.00   22.00    0.00    0.00    0.00   24.00   50.00
14:02:32       1    1.01    0.00    1.01   17.17    0.00    0.00    0.00   51.52   29.29
14:02:32       2    2.04    0.00    2.04   20.41    0.00    0.00    0.00   32.65   42.86
14:02:32       3    0.00    0.00    2.02   83.84    0.00    0.00    0.00   14.14    0.00
14:02:32       4    1.01    0.00    2.02   56.57    0.00    0.00    0.00    5.05   35.35
14:02:32       5    1.02    0.00    2.04   92.86    0.00    0.00    0.00    4.08    0.00
14:02:32       6    2.02    0.00    2.02   48.48    0.00    0.00    0.00   25.25   22.22
14:02:32       7    4.04    0.00    0.00   65.66    0.00    0.00    0.00   10.10   20.20

14:02:32     CPU    %usr   %nice    %sys %iowait    %irq   %soft  %steal  %guest   %idle
14:02:33     all    1.39    0.00    2.39   33.38    0.00    0.13    0.00   26.95   35.77
14:02:33       0    0.00    0.00    2.00   31.00    0.00    1.00    0.00   26.00   40.00
14:02:33       1    1.00    0.00    3.00   58.00    0.00    1.00    0.00    4.00   33.00
14:02:33       2    0.99    0.00    3.96   51.49    0.00    0.00    0.00    0.99   42.57
14:02:33       3    3.03    0.00    1.01   27.27    0.00    0.00    0.00   33.33   35.35
14:02:33       4    2.04    0.00    2.04   28.57    0.00    0.00    0.00   20.41   46.94
14:02:33       5    3.03    0.00    2.02   21.21    0.00    0.00    0.00   36.36   37.37
14:02:33       6    2.00    0.00    3.00   23.00    0.00    0.00    0.00   47.00   25.00
14:02:33       7    0.00    0.00    2.04   24.49    0.00    0.00    0.00   46.94   26.53

14:02:33     CPU    %usr   %nice    %sys %iowait    %irq   %soft  %steal  %guest   %idle
14:02:34     all    2.13    0.00    3.01   59.35    0.00    0.25    0.00   26.60    8.66
14:02:34       0    0.00    0.00    1.01   45.45    0.00    1.01    0.00   46.46    6.06
14:02:34       1    0.00    0.00    4.04   74.75    0.00    0.00    0.00   21.21    0.00
14:02:34       2    1.04    0.00    1.04   75.00    0.00    0.00    0.00   20.83    2.08
14:02:34       3    3.03    0.00    3.03   71.72    0.00    0.00    0.00   17.17    5.05
14:02:34       4    0.99    0.00    4.95   60.40    0.00    0.00    0.00   17.82   15.84
14:02:34       5    2.04    0.00    1.02   55.10    0.00    0.00    0.00   27.55   14.29
14:02:34       6    0.97    0.00    3.88   58.25    0.00    0.00    0.00   35.92    0.97
14:02:34       7    7.84    0.00    3.92   36.27    0.00    0.00    0.00   27.45   24.51

14:02:34     CPU    %usr   %nice    %sys %iowait    %irq   %soft  %steal  %guest   %idle
14:02:35     all    1.79    0.00    3.19   59.44    0.00    0.51    0.00   14.41   20.66
14:02:35       0    3.06    0.00    6.12   69.39    0.00    4.08    0.00    9.18    8.16
14:02:35       1    0.00    0.00    1.04   72.92    0.00    0.00    0.00   16.67    9.38
14:02:35       2    3.96    0.00    3.96   90.10    0.00    0.99    0.00    0.00    0.99
14:02:35       3    2.04    0.00    3.06   48.98    0.00    0.00    0.00   16.33   29.59
14:02:35       4    1.02    0.00    4.08   63.27    0.00    0.00    0.00   16.33   15.31
14:02:35       5    3.06    0.00    3.06   55.10    0.00    0.00    0.00   22.45   16.33
14:02:35       6    1.05    0.00    3.16   40.00    0.00    0.00    0.00   13.68   42.11
14:02:35       7    2.00    0.00    1.00   35.00    0.00    0.00    0.00   18.00   44.00

14:02:35     CPU    %usr   %nice    %sys %iowait    %irq   %soft  %steal  %guest   %idle
14:02:36     all    3.44    0.00    9.17   34.14    0.00    2.29    0.00   28.41   22.55
14:02:36       0   10.31    0.00   20.62   32.99    0.00   12.37    0.00    8.25   15.46
14:02:36       1    0.00    0.00    4.12   61.86    0.00    0.00    0.00    6.19   27.84
14:02:36       2    8.60    0.00   19.35   50.54    0.00    5.38    0.00    8.60    7.53
14:02:36       3    3.06    0.00    5.10   55.10    0.00    0.00    0.00    6.12   30.61
14:02:36       4    1.98    0.00   10.89   26.73    0.00    0.00    0.00   52.48    7.92
14:02:36       5    1.02    0.00    3.06   18.37    0.00    0.00    0.00   51.02   26.53
14:02:36       6    0.00    0.00    8.25   28.87    0.00    0.00    0.00   49.48   13.40
14:02:36       7    0.00    0.00    2.02    2.02    0.00    0.00    0.00   46.46   49.49

14:02:36     CPU    %usr   %nice    %sys %iowait    %irq   %soft  %steal  %guest   %idle
14:02:37     all    1.77    0.00    2.91   67.97    0.00    0.38    0.00   18.23    8.73
14:02:37       0    4.12    0.00   10.31   82.47    0.00    3.09    0.00    0.00    0.00
14:02:37       1    1.01    0.00    2.02   70.71    0.00    1.01    0.00   19.19    6.06
14:02:37       2    1.01    0.00    3.03   80.81    0.00    0.00    0.00    7.07    8.08
14:02:37       3    2.00    0.00    3.00   73.00    0.00    0.00    0.00   15.00    7.00
14:02:37       4    1.00    0.00    1.00   57.00    0.00    0.00    0.00   26.00   15.00
14:02:37       5    1.01    0.00    1.01   56.57    0.00    0.00    0.00   31.31   10.10
14:02:37       6    1.98    0.00    0.99   57.43    0.00    0.00    0.00   23.76   15.84
14:02:37       7    3.96    0.00    3.96   63.37    0.00    0.00    0.00   20.79    7.92

14:02:37     CPU    %usr   %nice    %sys %iowait    %irq   %soft  %steal  %guest   %idle
14:02:38     all    1.79    0.00    2.81   65.94    0.00    0.13    0.00   19.26   10.08
14:02:38       0    1.02    0.00    4.08   81.63    0.00    1.02    0.00   12.24    0.00
14:02:38       1    0.00    0.00    2.08   85.42    0.00    0.00    0.00   12.50    0.00
14:02:38       2    2.04    0.00    4.08   87.76    0.00    0.00    0.00    5.10    1.02
14:02:38       3    1.04    0.00    1.04   80.21    0.00    0.00    0.00   16.67    1.04
14:02:38       4    4.00    0.00    4.00   72.00    0.00    0.00    0.00   11.00    9.00
14:02:38       5    2.08    0.00    1.04   46.88    0.00    0.00    0.00   31.25   18.75
14:02:38       6    2.00    0.00    3.00   42.00    0.00    0.00    0.00   23.00   30.00
14:02:38       7    1.02    0.00    2.04   34.69    0.00    0.00    0.00   41.84   20.41

14:02:38     CPU    %usr   %nice    %sys %iowait    %irq   %soft  %steal  %guest   %idle
14:02:39     all    2.14    0.00    3.78   54.66    0.00    0.25    0.00   32.87    6.30
14:02:39       0    1.96    0.00    5.88   73.53    0.00    1.96    0.00   15.69    0.98
14:02:39       1    2.02    0.00    5.05   67.68    0.00    0.00    0.00   22.22    3.03
14:02:39       2    3.09    0.00    5.15   53.61    0.00    0.00    0.00   31.96    6.19
14:02:39       3    5.05    0.00    5.05   76.77    0.00    0.00    0.00   11.11    2.02
14:02:39       4    0.00    0.00    4.12   34.02    0.00    0.00    0.00   50.52   11.34
14:02:39       5    3.92    0.00    3.92   59.80    0.00    0.00    0.00   25.49    6.86
14:02:39       6    0.00    0.00    2.02   42.42    0.00    0.00    0.00   43.43   12.12
14:02:39       7    0.00    0.00    0.00   26.00    0.00    0.00    0.00   66.00    8.00

14:02:39     CPU    %usr   %nice    %sys %iowait    %irq   %soft  %steal  %guest   %idle
14:02:40     all    1.40    0.00    3.32   47.19    0.00    0.38    0.00   35.20   12.50
14:02:40       0    1.02    0.00    4.08   66.33    0.00    0.00    0.00   23.47    5.10
14:02:40       1    1.01    0.00    3.03   40.40    0.00    2.02    0.00   51.52    2.02
14:02:40       2    2.00    0.00    2.00   50.00    0.00    0.00    0.00   24.00   22.00
14:02:40       3    2.06    0.00    4.12   78.35    0.00    0.00    0.00   13.40    2.06
14:02:40       4    1.01    0.00    3.03   25.25    0.00    0.00    0.00   45.45   25.25
14:02:40       5    5.15    0.00    4.12   63.92    0.00    0.00    0.00   22.68    4.12
14:02:40       6    2.02    0.00    3.03   13.13    0.00    0.00    0.00   50.51   31.31
14:02:40       7    1.02    0.00    3.06   40.82    0.00    0.00    0.00   46.94    8.16
