Linux 3.2.0-41-generic (loadgen163) 	20/08/2013 	_x86_64_	(8 CPU)

14:02:17     CPU    %usr   %nice    %sys %iowait    %irq   %soft  %steal  %guest   %idle
14:02:18     all    1.38    0.00    1.88    0.00    0.00    0.75    0.00   28.98   67.00
14:02:18       0    5.00    0.00    5.00    0.00    0.00    4.00    0.00   16.00   70.00
14:02:18       1    1.00    0.00    0.00    0.00    0.00    0.00    0.00   85.00   14.00
14:02:18       2    2.94    0.00    4.90    0.00    0.00    1.96    0.00    1.96   88.24
14:02:18       3    0.00    0.00    0.00    0.00    0.00    0.00    0.00    0.00  100.00
14:02:18       4    1.01    0.00    3.03    0.00    0.00    0.00    0.00   15.15   80.81
14:02:18       5    0.99    0.00    0.00    0.00    0.00    0.00    0.00    3.96   95.05
14:02:18       6    1.01    0.00    1.01    0.00    0.00    1.01    0.00   31.31   65.66
14:02:18       7    0.99    0.00    0.00    0.00    0.00    0.00    0.00   76.24   22.77

14:02:18     CPU    %usr   %nice    %sys %iowait    %irq   %soft  %steal  %guest   %idle
14:02:19     all    1.51    0.00    1.26    0.76    0.00    0.50    0.00   35.06   60.91
14:02:19       0    2.04    0.00    2.04    0.00    0.00    1.02    0.00   23.47   71.43
14:02:19       1    0.00    0.00    0.00    0.00    0.00    0.00    0.00   92.93    8.08
14:02:19       2    5.21    0.00    3.12    0.00    0.00    3.12    0.00    7.29   81.25
14:02:19       3    0.00    0.00    1.02    0.00    0.00    0.00    0.00    1.02   97.96
14:02:19       4    1.00    0.00    1.00    2.00    0.00    0.00    0.00   49.00   47.00
14:02:19       5    0.00    0.00    0.00    0.00    0.00    0.00    0.00   78.79   21.21
14:02:19       6    1.01    0.00    2.02    3.03    0.00    0.00    0.00    7.07   86.87
14:02:19       7    3.00    0.00    1.00    0.00    0.00    0.00    0.00   22.00   74.00

14:02:19     CPU    %usr   %nice    %sys %iowait    %irq   %soft  %steal  %guest   %idle
14:02:20     all    1.13    0.00    2.77    8.82    0.00    0.25    0.00   29.47   57.56
14:02:20       0    0.00    0.00    6.25   54.17    0.00    2.08    0.00    0.00   37.50
14:02:20       1    0.00    0.00    1.00    1.00    0.00    0.00    0.00   18.00   80.00
14:02:20       2    3.00    0.00    5.00   18.00    0.00    1.00    0.00    0.00   73.00
14:02:20       3    0.99    0.00    0.00    0.00    0.00    0.00    0.00   89.11    9.90
14:02:20       4    0.00    0.00    4.04    0.00    0.00    0.00    0.00   85.86   10.10
14:02:20       5    0.00    0.00    0.99    0.00    0.00    0.00    0.00   34.65   64.36
14:02:20       6    2.97    0.00    5.94    0.00    0.00    0.00    0.00    0.00   91.09
14:02:20       7    1.01    0.00    1.01    0.00    0.00    0.00    0.00    5.05   92.93

14:02:20     CPU    %usr   %nice    %sys %iowait    %irq   %soft  %steal  %guest   %idle
14:02:21     all    1.38    0.00    1.51    8.55    0.00    0.50    0.00   28.43   59.62
14:02:21       0    1.01    0.00    3.03   57.58    0.00    2.02    0.00    0.00   36.36
14:02:21       1    0.00    0.00    1.94    5.83    0.00    0.00    0.00   30.10   62.14
14:02:21       2    5.10    0.00    3.06    0.00    0.00    1.02    0.00    0.00   90.82
14:02:21       3    0.00    0.00    0.00    0.00    0.00    0.00    0.00   74.75   25.25
14:02:21       4    0.00    0.00    1.00    0.00    0.00    0.00    0.00   90.00    9.00
14:02:21       5    4.08    0.00    0.00    0.00    0.00    0.00    0.00    8.16   87.76
14:02:21       6    0.00    0.00    2.02    4.04    0.00    0.00    0.00    3.03   90.91
14:02:21       7    1.03    0.00    0.00    0.00    0.00    0.00    0.00   21.65   77.32

14:02:21     CPU    %usr   %nice    %sys %iowait    %irq   %soft  %steal  %guest   %idle
14:02:22     all    2.64    0.00    4.03    0.50    0.00    2.26    0.00   44.28   46.29
14:02:22       0    5.00    0.00   11.00    4.00    0.00   12.00    0.00   26.00   42.00
14:02:22       1    4.17    0.00    4.17    0.00    0.00    4.17    0.00   75.00   12.50
14:02:22       2    1.02    0.00    5.10    0.00    0.00    2.04    0.00    0.00   91.84
14:02:22       3    0.00    0.00    0.00    0.00    0.00    0.00    0.00   81.00   19.00
14:02:22       4    1.98    0.00    6.93    0.00    0.00    0.00    0.00   59.41   31.68
14:02:22       5    0.00    0.00    0.00    0.00    0.00    0.00    0.00   96.00    5.00
14:02:22       6    2.00    0.00    4.00    0.00    0.00    0.00    0.00   17.00   77.00
14:02:22       7    7.92    0.00    1.98    0.00    0.00    0.00    0.00    0.00   90.10

14:02:22     CPU    %usr   %nice    %sys %iowait    %irq   %soft  %steal  %guest   %idle
14:02:23     all    2.51    0.00    3.64    0.75    0.00    2.01    0.00   35.18   55.90
14:02:23       0    3.00    0.00    2.00    0.00    0.00   12.00    0.00   72.00   11.00
14:02:23       1    7.14    0.00   14.29    1.02    0.00    5.10    0.00    1.02   71.43
14:02:23       2    0.00    0.00    1.01    1.01    0.00    0.00    0.00   14.14   83.84
14:02:23       3    0.99    0.00    0.99    1.98    0.00    0.00    0.00   84.16   11.88
14:02:23       4    0.00    0.00    0.00    2.02    0.00    0.00    0.00    0.00   97.98
14:02:23       5    2.02    0.00    1.01    0.00    0.00    0.00    0.00   59.60   37.37
14:02:23       6    2.06    0.00    5.15    0.00    0.00    0.00    0.00   10.31   82.47
14:02:23       7    2.94    0.00    3.92    1.96    0.00    0.00    0.00   39.22   51.96

14:02:23     CPU    %usr   %nice    %sys %iowait    %irq   %soft  %steal  %guest   %idle
14:02:24     all    1.64    0.00    3.54    0.38    0.00    1.52    0.00   12.26   80.66
14:02:24       0    7.22    0.00   16.49    0.00    0.00   11.34    0.00    1.03   63.92
14:02:24       1    1.00    0.00    0.00    0.00    0.00    1.00    0.00    8.00   90.00
14:02:24       2    0.00    0.00    4.12    1.03    0.00    0.00    0.00   17.53   77.32
14:02:24       3    1.01    0.00    1.01    0.00    0.00    0.00    0.00    7.07   90.91
14:02:24       4    1.00    0.00    5.00    1.00    0.00    0.00    0.00   35.00   58.00
14:02:24       5    1.00    0.00    1.00    0.00    0.00    0.00    0.00    0.00   98.00
14:02:24       6    0.00    0.00    0.00    0.00    0.00    0.00    0.00   29.29   70.71
14:02:24       7    3.00    0.00    1.00    0.00    0.00    0.00    0.00    0.00   96.00

14:02:24     CPU    %usr   %nice    %sys %iowait    %irq   %soft  %steal  %guest   %idle
14:02:25     all    3.30    0.00    7.23   12.82    0.00    2.16    0.00    6.60   67.89
14:02:25       0   12.77    0.00   18.09   50.00    0.00   11.70    0.00    0.00    7.45
14:02:25       1    2.06    0.00    6.19    1.03    0.00    2.06    0.00    1.03   87.63
14:02:25       2    4.08    0.00   10.20   48.98    0.00    3.06    0.00    4.08   29.59
14:02:25       3    3.00    0.00    5.00    0.00    0.00    0.00    0.00    2.00   90.00
14:02:25       4    2.00    0.00    7.00    1.00    0.00    0.00    0.00   11.00   79.00
14:02:25       5    0.00    0.00    2.02    0.00    0.00    0.00    0.00    7.07   90.91
14:02:25       6    2.00    0.00    4.00    4.00    0.00    0.00    0.00    9.00   81.00
14:02:25       7    1.00    0.00    6.00    0.00    0.00    0.00    0.00   18.00   75.00

14:02:25     CPU    %usr   %nice    %sys %iowait    %irq   %soft  %steal  %guest   %idle
14:02:26     all    2.04    0.00    8.14   12.47    0.00    1.78    0.00   17.56   58.02
14:02:26       0    6.06    0.00   15.15   39.39    0.00    9.09    0.00    0.00   30.30
14:02:26       1    1.05    0.00   12.63    1.05    0.00    6.32    0.00    7.37   71.58
14:02:26       2    0.00    0.00   10.10    3.03    0.00    0.00    0.00   11.11   75.76
14:02:26       3    3.00    0.00    8.00    0.00    0.00    0.00    0.00   26.00   63.00
14:02:26       4    3.09    0.00    6.19    2.06    0.00    0.00    0.00    2.06   86.60
14:02:26       5    0.00    0.00    3.03    1.01    0.00    0.00    0.00   61.62   34.34
14:02:26       6    1.00    0.00    7.00   12.00    0.00    0.00    0.00    0.00   80.00
14:02:26       7    1.02    0.00    5.10   39.80    0.00    0.00    0.00   31.63   22.45

14:02:26     CPU    %usr   %nice    %sys %iowait    %irq   %soft  %steal  %guest   %idle
14:02:27     all    1.53    0.00    3.82   18.47    0.00    0.64    0.00   16.69   58.85
14:02:27       0    4.21    0.00    7.37   43.16    0.00    4.21    0.00    0.00   41.05
14:02:27       1    1.01    0.00    4.04   33.33    0.00    0.00    0.00    2.02   59.60
14:02:27       2    3.00    0.00    8.00    3.00    0.00    0.00    0.00    0.00   86.00
14:02:27       3    1.02    0.00    2.04    0.00    0.00    0.00    0.00   64.29   32.65
14:02:27       4    3.12    0.00    2.08    3.12    0.00    0.00    0.00    0.00   91.67
14:02:27       5    0.00    0.00    1.02    0.00    0.00    0.00    0.00   44.90   54.08
14:02:27       6    0.00    0.00    2.02    0.00    0.00    0.00    0.00   15.15   82.83
14:02:27       7    0.00    0.00    2.02   66.67    0.00    0.00    0.00    7.07   24.24

14:02:27     CPU    %usr   %nice    %sys %iowait    %irq   %soft  %steal  %guest   %idle
14:02:28     all    1.76    0.00    2.26    5.40    0.00    0.63    0.00   30.74   59.22
14:02:28       0    3.06    0.00    6.12   17.35    0.00    6.12    0.00    9.18   58.16
14:02:28       1    0.00    0.00    0.00   20.41    0.00    0.00    0.00    0.00   79.59
14:02:28       2    1.01    0.00    3.03    1.01    0.00    0.00    0.00    0.00   94.95
14:02:28       3    1.96    0.00    4.90    0.00    0.00    0.00    0.00   66.67   26.47
14:02:28       4    4.95    0.00    2.97    0.99    0.00    0.00    0.00    0.00   91.09
14:02:28       5    0.00    0.00    1.00    0.00    0.00    0.00    0.00   21.00   78.00
14:02:28       6    4.08    0.00    1.02    2.04    0.00    0.00    0.00   47.96   44.90
14:02:28       7    0.00    0.00    0.00    0.00    0.00    0.00    0.00  100.00    0.00

14:02:28     CPU    %usr   %nice    %sys %iowait    %irq   %soft  %steal  %guest   %idle
14:02:29     all    1.39    0.00    2.03    6.84    0.00    0.13    0.00   31.90   57.72
14:02:29       0    5.38    0.00    4.30    2.15    0.00    1.08    0.00    1.08   86.02
14:02:29       1    1.01    0.00    2.02   19.19    0.00    0.00    0.00    1.01   76.77
14:02:29       2    1.01    0.00    4.04    4.04    0.00    0.00    0.00    2.02   88.89
14:02:29       3    0.00    0.00    0.00   14.00    0.00    0.00    0.00   58.00   28.00
14:02:29       4    2.02    0.00    3.03   15.15    0.00    0.00    0.00    2.02   77.78
14:02:29       5    2.00    0.00    2.00    0.00    0.00    0.00    0.00   24.00   72.00
14:02:29       6    0.00    0.00    0.00    0.00    0.00    0.00    0.00   96.00    4.00
14:02:29       7    1.00    0.00    0.00    0.00    0.00    0.00    0.00   67.00   32.00

14:02:29     CPU    %usr   %nice    %sys %iowait    %irq   %soft  %steal  %guest   %idle
14:02:30     all    1.01    0.00    2.76    2.64    0.00    0.13    0.00   17.59   75.88
14:02:30       0    0.00    0.00    4.95    0.99    0.00    0.00    0.00   13.86   80.20
14:02:30       1    0.00    0.00    0.00    2.02    0.00    0.00    0.00   37.37   61.62
14:02:30       2    1.01    0.00    3.03    5.05    0.00    0.00    0.00    6.06   84.85
14:02:30       3    0.00    0.00    4.04    8.08    0.00    0.00    0.00    0.00   87.88
14:02:30       4    1.01    0.00    2.02    6.06    0.00    0.00    0.00    0.00   90.91
14:02:30       5    0.00    0.00    2.02    0.00    0.00    0.00    0.00    0.00   97.98
14:02:30       6    5.05    0.00    5.05    0.00    0.00    0.00    0.00    2.02   87.88
14:02:30       7    0.00    0.00    1.01    0.00    0.00    0.00    0.00   82.83   16.16

14:02:30     CPU    %usr   %nice    %sys %iowait    %irq   %soft  %steal  %guest   %idle
14:02:31     all    0.87    0.00    4.73    9.20    0.00    0.12    0.00    7.96   77.11
14:02:31       0    0.99    0.00    3.96    1.98    0.00    0.00    0.00   22.77   70.30
14:02:31       1    1.00    0.00    4.00   29.00    0.00    1.00    0.00   24.00   41.00
14:02:31       2    0.99    0.00    5.94   11.88    0.00    0.00    0.00    1.98   79.21
14:02:31       3    3.96    0.00    6.93    2.97    0.00    0.00    0.00    0.00   86.14
14:02:31       4    1.98    0.00    4.95   17.82    0.00    0.00    0.00    1.98   73.27
14:02:31       5    0.00    0.00    3.00    3.00    0.00    0.00    0.00    6.00   88.00
14:02:31       6    0.99    0.00    5.94    5.94    0.00    0.00    0.00    4.95   82.18
14:02:31       7    0.00    0.00    3.96    0.99    0.00    0.00    0.00    0.99   94.06

14:02:31     CPU    %usr   %nice    %sys %iowait    %irq   %soft  %steal  %guest   %idle
14:02:32     all    1.13    0.00    1.26    7.30    0.00    0.00    0.00    7.67   82.64
14:02:32       0    0.00    0.00    0.00    7.14    0.00    0.00    0.00   23.47   70.41
14:02:32       1    0.00    0.00    1.01   45.45    0.00    0.00    0.00    0.00   53.54
14:02:32       2    0.98    0.00    2.94    0.98    0.00    0.00    0.00    8.82   86.27
14:02:32       3    4.04    0.00    2.02    0.00    0.00    0.00    0.00    0.00   93.94
14:02:32       4    0.00    0.00    0.00    1.01    0.00    0.00    0.00    1.01   97.98
14:02:32       5    4.08    0.00    2.04    0.00    0.00    0.00    0.00   25.51   68.37
14:02:32       6    0.00    0.00    1.00    4.00    0.00    0.00    0.00    3.00   92.00
14:02:32       7    0.00    0.00    0.00    0.00    0.00    0.00    0.00    1.01  100.00

14:02:32     CPU    %usr   %nice    %sys %iowait    %irq   %soft  %steal  %guest   %idle
14:02:33     all    1.13    0.00    0.88    0.88    0.00    0.00    0.00   13.46   83.65
14:02:33       0    1.98    0.00    0.99    0.00    0.00    0.00    0.00   46.53   50.50
14:02:33       1    3.03    0.00    1.01    2.02    0.00    0.00    0.00    0.00   93.94
14:02:33       2    1.01    0.00    1.01    1.01    0.00    0.00    0.00    1.01   95.96
14:02:33       3    0.00    0.00    1.00    0.00    0.00    0.00    0.00    0.00   99.00
14:02:33       4    1.01    0.00    1.01    4.04    0.00    0.00    0.00    4.04   89.90
14:02:33       5    3.96    0.00    1.98    0.00    0.00    0.00    0.00    0.00   94.06
14:02:33       6    0.00    0.00    0.00    0.00    0.00    0.00    0.00   53.00   47.00
14:02:33       7    0.00    0.00    1.01    0.00    0.00    0.00    0.00    0.00   98.99

14:02:33     CPU    %usr   %nice    %sys %iowait    %irq   %soft  %steal  %guest   %idle
14:02:34     all    0.75    0.00    2.88    4.88    0.00    0.00    0.00   15.75   75.75
14:02:34       0    1.94    0.00    4.85   14.56    0.00    0.00    0.00    2.91   75.73
14:02:34       1    0.00    0.00    1.03   21.65    0.00    0.00    0.00    0.00   77.32
14:02:34       2    0.00    0.00    3.06    1.02    0.00    0.00    0.00    1.02   94.90
14:02:34       3    0.98    0.00    6.86    0.98    0.00    0.00    0.00    4.90   86.27
14:02:34       4    1.98    0.00    2.97    0.99    0.00    0.00    0.00   15.84   78.22
14:02:34       5    0.00    0.00    1.03    0.00    0.00    0.00    0.00    9.28   89.69
14:02:34       6    0.00    0.00    1.00    1.00    0.00    0.00    0.00   54.00   44.00
14:02:34       7    0.00    0.00    1.00    0.00    0.00    0.00    0.00   39.00   60.00

14:02:34     CPU    %usr   %nice    %sys %iowait    %irq   %soft  %steal  %guest   %idle
14:02:35     all    2.56    0.00    4.49    0.38    0.00    2.05    0.00    8.85   81.67
14:02:35       0    7.14    0.00   14.29    0.00    0.00   11.90    0.00    1.19   65.48
14:02:35       1    5.05    0.00    5.05    0.00    0.00    6.06    0.00    0.00   83.84
14:02:35       2    2.00    0.00    4.00    1.00    0.00    0.00    0.00   12.00   81.00
14:02:35       3    1.01    0.00    2.02    1.01    0.00    0.00    0.00   11.11   84.85
14:02:35       4    0.00    0.00    4.00    0.00    0.00    1.00    0.00   11.00   84.00
14:02:35       5    3.06    0.00    2.04    0.00    0.00    0.00    0.00    0.00   94.90
14:02:35       6    1.00    0.00    4.00    1.00    0.00    0.00    0.00   27.00   67.00
14:02:35       7    1.00    0.00    2.00    0.00    0.00    0.00    0.00    8.00   89.00

14:02:35     CPU    %usr   %nice    %sys %iowait    %irq   %soft  %steal  %guest   %idle
14:02:36     all    1.66    0.00    5.10    0.89    0.00    1.02    0.00    6.89   84.44
14:02:36       0    5.32    0.00   12.77    1.06    0.00    4.26    0.00    2.13   74.47
14:02:36       1    1.01    0.00    7.07    5.05    0.00    3.03    0.00    2.02   81.82
14:02:36       2    1.05    0.00    6.32    0.00    0.00    1.05    0.00    0.00   91.58
14:02:36       3    0.00    0.00    7.92    0.00    0.00    0.00    0.00   17.82   74.26
14:02:36       4    0.00    0.00    3.09    1.03    0.00    0.00    0.00    5.15   90.72
14:02:36       5    3.00    0.00    2.00    0.00    0.00    0.00    0.00    8.00   87.00
14:02:36       6    0.00    0.00    1.02    0.00    0.00    0.00    0.00    9.18   89.80
14:02:36       7    1.00    0.00    1.00    0.00    0.00    0.00    0.00   11.00   87.00

14:02:36     CPU    %usr   %nice    %sys %iowait    %irq   %soft  %steal  %guest   %idle
14:02:37     all    1.77    0.00    2.40    0.00    0.00    0.76    0.00    9.08   86.00
14:02:37       0    4.12    0.00    4.12    0.00    0.00    6.19    0.00    0.00   85.57
14:02:37       1    0.00    0.00    1.00    0.00    0.00    0.00    0.00   29.00   70.00
14:02:37       2    3.06    0.00    3.06    0.00    0.00    0.00    0.00    4.08   89.80
14:02:37       3    2.02    0.00    2.02    0.00    0.00    0.00    0.00    6.06   89.90
14:02:37       4    3.00    0.00    3.00    0.00    0.00    0.00    0.00    0.00   94.00
14:02:37       5    0.00    0.00    2.02    0.00    0.00    0.00    0.00    2.02   95.96
14:02:37       6    3.92    0.00    1.96    0.00    0.00    0.00    0.00    5.88   88.24
14:02:37       7    1.00    0.00    2.00    0.00    0.00    0.00    0.00   23.00   74.00
