Linux 3.2.0-39-generic (loadgen165) 	20/08/2013 	_x86_64_	(8 CPU)

13:42:38     CPU    %usr   %nice    %sys %iowait    %irq   %soft  %steal  %guest   %idle
13:42:39     all    6.67    0.00    3.65    0.13    0.00    0.00    0.00    0.00   89.56
13:42:39       0    4.04    0.00    4.04    0.00    0.00    0.00    0.00    0.00   91.92
13:42:39       1    0.00    0.00    0.00    0.00    0.00    0.00    0.00    0.00  100.00
13:42:39       2    7.07    0.00    8.08    0.00    0.00    0.00    0.00    0.00   84.85
13:42:39       3   28.71    0.00    8.91    0.99    0.00    0.00    0.00    0.00   61.39
13:42:39       4    3.00    0.00    4.00    0.00    0.00    0.00    0.00    0.00   93.00
13:42:39       5    8.91    0.00    2.97    0.00    0.00    0.00    0.00    0.00   88.12
13:42:39       6    0.00    0.00    2.02    0.00    0.00    0.00    0.00    0.00   97.98
13:42:39       7    1.00    0.00    0.00    0.00    0.00    0.00    0.00    0.00   99.00

13:42:39     CPU    %usr   %nice    %sys %iowait    %irq   %soft  %steal  %guest   %idle
13:42:40     all    1.01    0.00    1.13    0.00    0.00    0.00    0.00    0.00   97.86
13:42:40       0    0.00    0.00    2.00    0.00    0.00    0.00    0.00    0.00   98.00
13:42:40       1    0.00    0.00    1.01    0.00    0.00    0.00    0.00    0.00   98.99
13:42:40       2    2.00    0.00    1.00    0.00    0.00    0.00    0.00    0.00   97.00
13:42:40       3    6.12    0.00    3.06    0.00    0.00    0.00    0.00    0.00   90.82
13:42:40       4    0.00    0.00    1.00    0.00    0.00    0.00    0.00    0.00   99.00
13:42:40       5    0.00    0.00    0.00    0.00    0.00    0.00    0.00    0.00  100.00
13:42:40       6    0.00    0.00    1.00    0.00    0.00    0.00    0.00    0.00   99.00
13:42:40       7    0.00    0.00    0.00    0.00    0.00    0.00    0.00    0.00  100.00

13:42:40     CPU    %usr   %nice    %sys %iowait    %irq   %soft  %steal  %guest   %idle
13:42:41     all    0.88    0.00    1.25    0.00    0.00    0.00    0.00    0.00   97.87
13:42:41       0    0.00    0.00    2.02    0.00    0.00    0.00    0.00    0.00   97.98
13:42:41       1    0.00    0.00    0.00    0.00    0.00    0.00    0.00    0.00  100.00
13:42:41       2    3.00    0.00    3.00    0.00    0.00    0.00    0.00    0.00   94.00
13:42:41       3    3.03    0.00    3.03    0.00    0.00    0.00    0.00    0.00   93.94
13:42:41       4    0.00    0.00    1.00    0.00    0.00    0.00    0.00    0.00   99.00
13:42:41       5    0.00    0.00    0.00    0.00    0.00    0.00    0.00    0.00  100.00
13:42:41       6    0.00    0.00    0.00    0.00    0.00    0.00    0.00    0.00  100.00
13:42:41       7    0.00    0.00    0.00    0.00    0.00    0.00    0.00    0.00  100.00

13:42:41     CPU    %usr   %nice    %sys %iowait    %irq   %soft  %steal  %guest   %idle
13:42:42     all    8.29    0.00    5.15    0.00    0.00    0.00    0.00    0.00   86.56
13:42:42       0    1.00    0.00    0.00    0.00    0.00    0.00    0.00    0.00   99.00
13:42:42       1   10.20    0.00    3.06    0.00    0.00    0.00    0.00    0.00   86.73
13:42:42       2    3.96    0.00    7.92    0.00    0.00    0.00    0.00    0.00   88.12
13:42:42       3   33.33    0.00   18.18    0.00    0.00    0.00    0.00    0.00   48.48
13:42:42       4    6.06    0.00    2.02    0.00    0.00    0.00    0.00    0.00   91.92
13:42:42       5    9.18    0.00    5.10    0.00    0.00    0.00    0.00    0.00   85.71
13:42:42       6    0.00    0.00    3.03    0.00    0.00    0.00    0.00    0.00   96.97
13:42:42       7    1.01    0.00    1.01    0.00    0.00    0.00    0.00    0.00   97.98

13:42:42     CPU    %usr   %nice    %sys %iowait    %irq   %soft  %steal  %guest   %idle
13:42:43     all    1.63    0.00    1.38    0.00    0.00    0.00    0.00    0.00   96.99
13:42:43       0    0.99    0.00    0.99    0.00    0.00    0.00    0.00    0.00   98.02
13:42:43       1    0.00    0.00    0.00    0.00    0.00    0.00    0.00    0.00  100.00
13:42:43       2    6.06    0.00    4.04    0.00    0.00    0.00    0.00    0.00   89.90
13:42:43       3    3.96    0.00    1.98    0.00    0.00    0.00    0.00    0.00   94.06
13:42:43       4    2.00    0.00    2.00    0.00    0.00    0.00    0.00    0.00   96.00
13:42:43       5    1.00    0.00    0.00    0.00    0.00    0.00    0.00    0.00   99.00
13:42:43       6    2.00    0.00    2.00    0.00    0.00    0.00    0.00    0.00   96.00
13:42:43       7    1.00    0.00    1.00    0.00    0.00    0.00    0.00    0.00   98.00

13:42:43     CPU    %usr   %nice    %sys %iowait    %irq   %soft  %steal  %guest   %idle
13:42:44     all    1.13    0.00    0.88    0.00    0.00    0.00    0.00    0.00   97.99
13:42:44       0    0.00    0.00    0.00    0.00    0.00    0.00    0.00    0.00  100.00
13:42:44       1    0.00    0.00    0.00    0.00    0.00    0.00    0.00    0.00  100.00
13:42:44       2    0.00    0.00    0.00    0.00    0.00    0.00    0.00    0.00  100.00
13:42:44       3    8.00    0.00    4.00    0.00    0.00    0.00    0.00    0.00   88.00
13:42:44       4    0.00    0.00    0.00    0.00    0.00    0.00    0.00    0.00  100.00
13:42:44       5    0.00    0.00    0.00    0.00    0.00    0.00    0.00    0.00  100.00
13:42:44       6    0.00    0.00    2.97    0.00    0.00    0.00    0.00    0.00   97.03
13:42:44       7    0.00    0.00    0.00    0.00    0.00    0.00    0.00    0.00  100.00

13:42:44     CPU    %usr   %nice    %sys %iowait    %irq   %soft  %steal  %guest   %idle
13:42:45     all    0.75    0.00    1.13    0.00    0.00    0.00    0.00    0.00   98.12
13:42:45       0    0.00    0.00    0.00    0.00    0.00    0.00    0.00    0.00  100.00
13:42:45       1    0.00    0.00    1.01    0.00    0.00    0.00    0.00    0.00   98.99
13:42:45       2    0.99    0.00    0.99    0.00    0.00    0.00    0.00    0.00   98.02
13:42:45       3    4.00    0.00    4.00    0.00    0.00    0.00    0.00    0.00   92.00
13:42:45       4    1.00    0.00    2.00    0.00    0.00    0.00    0.00    0.00   97.00
13:42:45       5    1.00    0.00    0.00    0.00    0.00    0.00    0.00    0.00   99.00
13:42:45       6    0.00    0.00    2.04    0.00    0.00    0.00    0.00    0.00   97.96
13:42:45       7    0.00    0.00    0.00    0.00    0.00    0.00    0.00    0.00  100.00

13:42:45     CPU    %usr   %nice    %sys %iowait    %irq   %soft  %steal  %guest   %idle
13:42:46     all    9.77    0.00    0.63    0.00    0.00    0.00    0.00    0.00   89.60
13:42:46       0    0.00    0.00    0.00    0.00    0.00    0.00    0.00    0.00  100.00
13:42:46       1    2.02    0.00    0.00    0.00    0.00    0.00    0.00    0.00   97.98
13:42:46       2   73.74    0.00    2.02    0.00    0.00    0.00    0.00    0.00   24.24
13:42:46       3    0.00    0.00    0.00    0.00    0.00    0.00    0.00    0.00  100.00
13:42:46       4    0.00    0.00    0.00    0.00    0.00    0.00    0.00    0.00  100.00
13:42:46       5    1.00    0.00    0.00    0.00    0.00    0.00    0.00    0.00   99.00
13:42:46       6    0.00    0.00    3.00    0.00    0.00    0.00    0.00    0.00   97.00
13:42:46       7    0.00    0.00    0.00    0.00    0.00    0.00    0.00    0.00  100.00

13:42:46     CPU    %usr   %nice    %sys %iowait    %irq   %soft  %steal  %guest   %idle
13:42:47     all    1.63    0.00    4.01    0.00    0.00    0.00    0.00    0.00   94.36
13:42:47       0    0.00    0.00    0.99    0.00    0.00    0.00    0.00    0.00   99.01
13:42:47       1    0.99    0.00    0.99    0.00    0.00    0.00    0.00    0.00   98.02
13:42:47       2    0.99    0.00    4.95    0.00    0.00    0.00    0.00    0.00   94.06
13:42:47       3    9.00    0.00   16.00    0.00    0.00    0.00    0.00    0.00   75.00
13:42:47       4    0.00    0.00    1.01    0.00    0.00    0.00    0.00    0.00   98.99
13:42:47       5    2.04    0.00    2.04    0.00    0.00    0.00    0.00    0.00   95.92
13:42:47       6    0.00    0.00    4.00    0.00    0.00    0.00    0.00    0.00   96.00
13:42:47       7    0.99    0.00    2.97    0.00    0.00    0.00    0.00    0.00   96.04

13:42:47     CPU    %usr   %nice    %sys %iowait    %irq   %soft  %steal  %guest   %idle
13:42:48     all    0.38    0.00    1.88    0.00    0.00    0.00    0.00    0.00   97.74
13:42:48       0    0.00    0.00    2.04    0.00    0.00    0.00    0.00    0.00   97.96
13:42:48       1    0.00    0.00    0.00    0.00    0.00    0.00    0.00    0.00  100.00
13:42:48       2    1.00    0.00    0.00    0.00    0.00    0.00    0.00    0.00   99.00
13:42:48       3    2.00    0.00    5.00    0.00    0.00    0.00    0.00    0.00   93.00
13:42:48       4    0.00    0.00    0.00    0.00    0.00    0.00    0.00    0.00  100.00
13:42:48       5    0.00    0.00    1.98    0.00    0.00    0.00    0.00    0.00   98.02
13:42:48       6    0.00    0.00    0.00    0.00    0.00    0.00    0.00    0.00  100.00
13:42:48       7    0.00    0.00    5.05    0.00    0.00    0.00    0.00    0.00   94.95

13:42:48     CPU    %usr   %nice    %sys %iowait    %irq   %soft  %steal  %guest   %idle
13:42:49     all    2.64    0.00    2.14    0.25    0.00    0.00    0.00    0.00   94.97
13:42:49       0    3.00    0.00    1.00    2.00    0.00    0.00    0.00    0.00   94.00
13:42:49       1    6.00    0.00    2.00    0.00    0.00    0.00    0.00    0.00   92.00
13:42:49       2    7.07    0.00    4.04    0.00    0.00    0.00    0.00    0.00   88.89
13:42:49       3    0.00    0.00    0.00    0.00    0.00    0.00    0.00    0.00  100.00
13:42:49       4    1.01    0.00    2.02    0.00    0.00    0.00    0.00    0.00   96.97
13:42:49       5    1.01    0.00    1.01    0.00    0.00    0.00    0.00    0.00   97.98
13:42:49       6    3.96    0.00    0.99    0.00    0.00    0.00    0.00    0.00   95.05
13:42:49       7    0.00    0.00    6.00    0.00    0.00    0.00    0.00    0.00   94.00

13:42:49     CPU    %usr   %nice    %sys %iowait    %irq   %soft  %steal  %guest   %idle
13:42:50     all    0.88    0.00    0.75    0.00    0.00    0.00    0.00    0.00   98.37
13:42:50       0    0.00    0.00    1.00    0.00    0.00    0.00    0.00    0.00   99.00
13:42:50       1    0.00    0.00    0.00    0.00    0.00    0.00    0.00    0.00  100.00
13:42:50       2    4.00    0.00    2.00    0.00    0.00    0.00    0.00    0.00   94.00
13:42:50       3    2.00    0.00    1.00    0.00    0.00    0.00    0.00    0.00   97.00
13:42:50       4    1.00    0.00    3.00    0.00    0.00    0.00    0.00    0.00   96.00
13:42:50       5    1.00    0.00    0.00    0.00    0.00    0.00    0.00    0.00   99.00
13:42:50       6    0.00    0.00    0.00    0.00    0.00    0.00    0.00    0.00  100.00
13:42:50       7    0.00    0.00    0.00    0.00    0.00    0.00    0.00    0.00  100.00

13:42:50     CPU    %usr   %nice    %sys %iowait    %irq   %soft  %steal  %guest   %idle
13:42:51     all    2.01    0.00    2.38    0.00    0.00    0.00    0.00    0.13   95.48
13:42:51       0    0.00    0.00    0.00    0.00    0.00    0.00    0.00    0.00  100.00
13:42:51       1    5.05    0.00    8.08    0.00    0.00    0.00    0.00    1.01   85.86
13:42:51       2    4.08    0.00    3.06    0.00    0.00    0.00    0.00    0.00   92.86
13:42:51       3    3.00    0.00    2.00    0.00    0.00    0.00    0.00    0.00   95.00
13:42:51       4    1.00    0.00    2.00    0.00    0.00    0.00    0.00    0.00   97.00
13:42:51       5    1.98    0.00    2.97    0.00    0.00    0.00    0.00    0.00   95.05
13:42:51       6    0.00    0.00    0.00    0.00    0.00    0.00    0.00    0.00  100.00
13:42:51       7    0.00    0.00    0.00    0.00    0.00    0.00    0.00    0.00  100.00

13:42:51     CPU    %usr   %nice    %sys %iowait    %irq   %soft  %steal  %guest   %idle
13:42:52     all    1.89    0.00    3.14    0.00    0.00    0.00    0.00    0.50   94.47
13:42:52       0    0.00    0.00    6.06    0.00    0.00    0.00    0.00    1.01   92.93
13:42:52       1    0.00    0.00    7.14    0.00    0.00    0.00    0.00    4.08   89.80
13:42:52       2    3.96    0.00    1.98    0.00    0.00    0.00    0.00    0.00   94.06
13:42:52       3    4.04    0.00    4.04    0.00    0.00    0.00    0.00    0.00   91.92
13:42:52       4    4.00    0.00    5.00    0.00    0.00    0.00    0.00    0.00   91.00
13:42:52       5    2.00    0.00    1.00    0.00    0.00    0.00    0.00    0.00   97.00
13:42:52       6    0.00    0.00    0.00    0.00    0.00    0.00    0.00    0.00  100.00
13:42:52       7    0.00    0.00    0.00    0.00    0.00    0.00    0.00    0.00  100.00

13:42:52     CPU    %usr   %nice    %sys %iowait    %irq   %soft  %steal  %guest   %idle
13:42:53     all    0.75    0.00    2.01    0.00    0.00    0.00    0.00    0.00   97.23
13:42:53       0    0.00    0.00    0.00    0.00    0.00    0.00    0.00    0.00  100.00
13:42:53       1    0.00    0.00    5.10    0.00    0.00    0.00    0.00    0.00   94.90
13:42:53       2    3.03    0.00    5.05    0.00    0.00    0.00    0.00    0.00   91.92
13:42:53       3    1.02    0.00    0.00    0.00    0.00    0.00    0.00    0.00   98.98
13:42:53       4    1.01    0.00    0.00    0.00    0.00    0.00    0.00    0.00   98.99
13:42:53       5    0.00    0.00    2.00    0.00    0.00    0.00    0.00    0.00   98.00
13:42:53       6    0.00    0.00    3.00    0.00    0.00    0.00    0.00    0.00   97.00
13:42:53       7    0.00    0.00    0.00    0.00    0.00    0.00    0.00    0.00  100.00

13:42:53     CPU    %usr   %nice    %sys %iowait    %irq   %soft  %steal  %guest   %idle
13:42:54     all    0.88    0.00    1.25    0.00    0.00    0.00    0.00    0.00   97.87
13:42:54       0    1.98    0.00    1.98    0.00    0.00    0.00    0.00    0.00   96.04
13:42:54       1    0.00    0.00    1.00    0.00    0.00    0.00    0.00    0.00   99.00
13:42:54       2    5.05    0.00    5.05    0.00    0.00    0.00    0.00    0.00   89.90
13:42:54       3    0.00    0.00    1.01    0.00    0.00    0.00    0.00    0.00   98.99
13:42:54       4    0.00    0.00    0.99    0.00    0.00    0.00    0.00    0.00   99.01
13:42:54       5    0.00    0.00    0.00    0.00    0.00    0.00    0.00    0.00  100.00
13:42:54       6    0.00    0.00    2.00    0.00    0.00    0.00    0.00    0.00   98.00
13:42:54       7    0.00    0.00    0.00    0.00    0.00    0.00    0.00    0.00  100.00

13:42:54     CPU    %usr   %nice    %sys %iowait    %irq   %soft  %steal  %guest   %idle
13:42:55     all    1.13    0.00    1.38    0.00    0.00    0.00    0.00    0.00   97.49
13:42:55       0    0.00    0.00    0.00    0.00    0.00    0.99    0.00    0.00   99.01
13:42:55       1    1.01    0.00    0.00    0.00    0.00    0.00    0.00    0.00   98.99
13:42:55       2    4.04    0.00    5.05    0.00    0.00    0.00    0.00    0.00   90.91
13:42:55       3    5.94    0.00    2.97    0.00    0.00    0.00    0.00    0.00   91.09
13:42:55       4    0.00    0.00    0.00    0.00    0.00    0.00    0.00    0.00  100.00
13:42:55       5    0.00    0.00    0.00    0.00    0.00    0.00    0.00    0.00  100.00
13:42:55       6    0.00    0.00    0.00    0.00    0.00    0.00    0.00    0.00  100.00
13:42:55       7    0.00    0.00    1.00    0.00    0.00    0.00    0.00    0.00   99.00

13:42:55     CPU    %usr   %nice    %sys %iowait    %irq   %soft  %steal  %guest   %idle
13:42:56     all    3.40    0.00    2.64    0.38    0.00    0.00    0.00    9.06   84.53
13:42:56       0    6.06    0.00    4.04    1.01    0.00    0.00    0.00   71.72   17.17
13:42:56       1    6.06    0.00    7.07    0.00    0.00    0.00    0.00    0.00   86.87
13:42:56       2    1.01    0.00    3.03    2.02    0.00    0.00    0.00    0.00   93.94
13:42:56       3    5.05    0.00    3.03    0.00    0.00    0.00    0.00    0.00   91.92
13:42:56       4    1.01    0.00    1.01    0.00    0.00    0.00    0.00    0.00   97.98
13:42:56       5    6.00    0.00    2.00    0.00    0.00    0.00    0.00    0.00   92.00
13:42:56       6    2.04    0.00    0.00    0.00    0.00    0.00    0.00    0.00   97.96
13:42:56       7    0.00    0.00    0.00    0.00    0.00    0.00    0.00    0.00  100.00

13:42:56     CPU    %usr   %nice    %sys %iowait    %irq   %soft  %steal  %guest   %idle
13:42:57     all    4.27    0.00    3.76    1.25    0.00    0.00    0.00   10.54   80.18
13:42:57       0    0.00    0.00    4.00   10.00    0.00    0.00    0.00    0.00   86.00
13:42:57       1    0.00    0.00   16.00    0.00    0.00    0.00    0.00   84.00    0.00
13:42:57       2    2.02    0.00    3.03    0.00    0.00    0.00    0.00    0.00   94.95
13:42:57       3    0.99    0.00    0.99    0.00    0.00    0.00    0.00    0.00   98.02
13:42:57       4    2.97    0.00    3.96    0.00    0.00    0.00    0.00    0.00   93.07
13:42:57       5    1.00    0.00    1.00    0.00    0.00    0.00    0.00    0.00   98.00
13:42:57       6   26.47    0.00    3.92    0.00    0.00    0.00    0.00    0.00   69.61
13:42:57       7    0.00    0.00    1.01    0.00    0.00    0.00    0.00    0.00   98.99

13:42:57     CPU    %usr   %nice    %sys %iowait    %irq   %soft  %steal  %guest   %idle
13:42:58     all    0.88    0.00    2.13    0.00    0.00    0.00    0.00   11.29   85.70
13:42:58       0    1.01    0.00    0.00    0.00    0.00    0.00    0.00    0.00   98.99
13:42:58       1    1.00    0.00    9.00    0.00    0.00    0.00    0.00   90.00    0.00
13:42:58       2    0.00    0.00    2.04    0.00    0.00    0.00    0.00    0.00   97.96
13:42:58       3    0.00    0.00    0.00    0.00    0.00    0.00    0.00    0.00  100.00
13:42:58       4    2.02    0.00    2.02    0.00    0.00    0.00    0.00    0.00   95.96
13:42:58       5    0.00    0.00    0.99    0.00    0.00    0.00    0.00    0.00   99.01
13:42:58       6    3.03    0.00    2.02    0.00    0.00    0.00    0.00    0.00   94.95
13:42:58       7    0.00    0.00    0.00    0.00    0.00    0.00    0.00    0.00  100.00

13:42:58     CPU    %usr   %nice    %sys %iowait    %irq   %soft  %steal  %guest   %idle
13:42:59     all    1.38    0.00    3.12    0.00    0.00    0.00    0.00   11.00   84.50
13:42:59       0    0.00    0.00    1.01    0.00    0.00    0.00    0.00    0.00   98.99
13:42:59       1    0.00    0.00   13.00    0.00    0.00    0.00    0.00   88.00    0.00
13:42:59       2    0.00    0.00    3.03    0.00    0.00    0.00    0.00    0.00   96.97
13:42:59       3    0.00    0.00    1.01    0.00    0.00    0.00    0.00    0.00   98.99
13:42:59       4    6.00    0.00    4.00    0.00    0.00    0.00    0.00    0.00   90.00
13:42:59       5    1.00    0.00    1.00    0.00    0.00    0.00    0.00    0.00   98.00
13:42:59       6    3.00    0.00    1.00    0.00    0.00    0.00    0.00    0.00   96.00
13:42:59       7    0.99    0.00    0.00    0.00    0.00    0.00    0.00    0.00   99.01

13:42:59     CPU    %usr   %nice    %sys %iowait    %irq   %soft  %steal  %guest   %idle
13:43:00     all    1.13    0.00    3.01    0.00    0.00    0.00    0.00   10.90   84.96
13:43:00       0    2.00    0.00    3.00    0.00    0.00    0.00    0.00    0.00   95.00
13:43:00       1    0.99    0.00   12.87    0.00    0.00    0.00    0.00   86.14    0.00
13:43:00       2    1.00    0.00    3.00    0.00    0.00    0.00    0.00    0.00   96.00
13:43:00       3    0.00    0.00    2.00    0.00    0.00    0.00    0.00    0.00   98.00
13:43:00       4    5.00    0.00    2.00    0.00    0.00    0.00    0.00    0.00   93.00
13:43:00       5    0.00    0.00    0.00    0.00    0.00    0.00    0.00    0.00  100.00
13:43:00       6    1.01    0.00    1.01    0.00    0.00    0.00    0.00    0.00   97.98
13:43:00       7    0.00    0.00    0.00    0.00    0.00    0.00    0.00    0.00  100.00
