Linux 3.2.0-39-generic (loadgen165) 	20/08/2013 	_x86_64_	(8 CPU)

14:02:17     CPU    %usr   %nice    %sys %iowait    %irq   %soft  %steal  %guest   %idle
14:02:18     all    1.88    0.00    4.51    6.89    0.00    0.13    0.00   41.98   44.61
14:02:18       0    1.02    0.00    1.02   30.61    0.00    1.02    0.00    0.00   66.33
14:02:18       1    1.00    0.00    1.00    0.00    0.00    0.00    0.00   63.00   35.00
14:02:18       2    9.80    0.00    5.88    7.84    0.00    0.98    0.00    0.00   75.49
14:02:18       3    0.00    0.00    1.98    0.00    0.00    0.00    0.00   97.03    0.99
14:02:18       4    0.00    0.00   10.00    0.00    0.00    0.00    0.00   90.00    0.00
14:02:18       5    1.01    0.00    2.02   10.10    0.00    0.00    0.00    0.00   86.87
14:02:18       6    0.00    0.00   13.00    0.00    0.00    0.00    0.00   84.00    3.00
14:02:18       7    3.00    0.00    0.00    8.00    0.00    0.00    0.00    0.00   89.00

14:02:18     CPU    %usr   %nice    %sys %iowait    %irq   %soft  %steal  %guest   %idle
14:02:19     all    0.62    0.00    2.36    0.62    0.00    0.37    0.00   40.25   55.78
14:02:19       0    3.06    0.00    4.08    2.04    0.00    2.04    0.00    0.00   88.78
14:02:19       1    0.00    0.00    2.97    0.00    0.00    0.00    0.00   22.77   74.26
14:02:19       2    0.00    0.00    1.98    0.00    0.00    0.00    0.00   60.40   37.62
14:02:19       3    0.98    0.00    1.96    0.00    0.00    0.00    0.00   86.27   10.78
14:02:19       4    0.98    0.00    0.00    0.00    0.00    0.00    0.00   80.39   18.63
14:02:19       5    1.00    0.00    5.00    2.00    0.00    0.00    0.00    0.00   92.00
14:02:19       6    0.00    0.00    0.98    0.98    0.00    0.00    0.00   68.63   29.41
14:02:19       7    0.00    0.00    3.00    0.00    0.00    0.00    0.00    0.00   97.00

14:02:19     CPU    %usr   %nice    %sys %iowait    %irq   %soft  %steal  %guest   %idle
14:02:20     all    0.86    0.00    2.70    0.25    0.00    0.37    0.00   39.39   56.44
14:02:20       0    0.00    0.00    4.00    1.00    0.00    0.00    0.00    8.00   87.00
14:02:20       1    3.00    0.00    4.00    0.00    0.00    1.00    0.00    0.00   92.00
14:02:20       2    0.93    0.00    1.87    0.00    0.00    0.93    0.00   67.29   28.97
14:02:20       3    0.00    0.00    3.96    0.00    0.00    0.00    0.00   93.07    2.97
14:02:20       4    0.00    0.00    0.94    0.00    0.00    0.00    0.00   65.09   34.91
14:02:20       5    3.00    0.00    3.00    1.00    0.00    1.00    0.00    0.00   92.00
14:02:20       6    0.99    0.00    1.98    0.00    0.00    0.00    0.00   77.23   19.80
14:02:20       7    0.00    0.00    2.02    0.00    0.00    0.00    0.00    0.00   97.98

14:02:20     CPU    %usr   %nice    %sys %iowait    %irq   %soft  %steal  %guest   %idle
14:02:21     all    1.62    0.00    7.99    1.00    0.00    1.75    0.00   42.45   45.19
14:02:21       0    3.09    0.00    8.25    5.15    0.00    4.12    0.00    9.28   70.10
14:02:21       1    1.02    0.00    0.00    0.00    0.00    0.00    0.00   74.49   24.49
14:02:21       2    0.00    0.00   23.08    0.00    0.00    5.77    0.00   63.46    8.65
14:02:21       3    0.00    0.00    0.99    0.00    0.00    1.98    0.00   95.05    1.98
14:02:21       4    1.94    0.00   16.50    0.00    0.00    0.97    0.00   59.22   21.36
14:02:21       5    4.08    0.00    2.04    0.00    0.00    2.04    0.00    0.00   91.84
14:02:21       6    2.00    0.00    6.00    0.00    0.00    0.00    0.00   36.00   56.00
14:02:21       7    0.99    0.00    5.94    2.97    0.00    0.00    0.00    0.00   90.10

14:02:21     CPU    %usr   %nice    %sys %iowait    %irq   %soft  %steal  %guest   %idle
14:02:22     all    2.43    0.00    6.08    2.79    0.00    0.61    0.00   28.19   59.90
14:02:22       0    3.23    0.00    8.60    0.00    0.00    2.15    0.00    0.00   86.02
14:02:22       1    0.92    0.00    8.26    5.50    0.00    0.92    0.00   12.84   71.56
14:02:22       2    0.99    0.00    1.98    9.90    0.00    0.99    0.00   53.47   32.67
14:02:22       3    8.08    0.00    6.06    1.01    0.00    0.00    0.00    4.04   80.81
14:02:22       4    0.92    0.00    2.75    1.83    0.00    0.00    0.00   55.05   39.45
14:02:22       5    3.00    0.00    7.00    1.00    0.00    2.00    0.00   11.00   76.00
14:02:22       6    0.00    0.00    2.97    0.99    0.00    0.00    0.00   23.76   72.28
14:02:22       7    1.85    0.00   10.19    0.00    0.00    0.00    0.00   60.19   27.78

14:02:22     CPU    %usr   %nice    %sys %iowait    %irq   %soft  %steal  %guest   %idle
14:02:23     all    2.24    0.00    9.20   13.81    0.00    2.11    0.00   19.15   53.48
14:02:23       0   12.50    0.00   12.50    5.21    0.00    8.33    0.00    2.08   59.38
14:02:23       1    1.00    0.00   12.00   36.00    0.00    2.00    0.00   34.00   15.00
14:02:23       2    0.00    0.00   10.20   18.37    0.00    2.04    0.00    8.16   61.22
14:02:23       3    0.00    0.00   12.38   39.05    0.00    0.00    0.00   13.33   36.19
14:02:23       4    0.00    0.00    5.77    4.81    0.00    0.00    0.00   13.46   75.96
14:02:23       5    4.04    0.00   10.10    4.04    0.00    5.05    0.00    4.04   72.73
14:02:23       6    0.95    0.00    9.52    3.81    0.00    0.00    0.00   16.19   69.52
14:02:23       7    1.00    0.00    1.00    1.00    0.00    0.00    0.00   61.00   36.00

14:02:23     CPU    %usr   %nice    %sys %iowait    %irq   %soft  %steal  %guest   %idle
14:02:24     all    2.44    0.00    8.36   14.87    0.00    1.05    0.00   24.16   49.13
14:02:24       0    4.90    0.00   13.73    7.84    0.00    1.96    0.00   12.75   58.82
14:02:24       1    0.00    0.00    8.08    0.00    0.00    3.03    0.00   88.89    0.00
14:02:24       2    1.82    0.00    8.18   43.64    0.00    1.82    0.00   20.91   23.64
14:02:24       3    7.00    0.00    3.00   28.00    0.00    0.00    0.00    0.00   62.00
14:02:24       4    2.44    0.00   10.57   10.57    0.00    0.00    0.00   30.89   45.53
14:02:24       5    4.12    0.00    4.12    0.00    0.00    1.03    0.00    0.00   90.72
14:02:24       6    0.00    0.00   14.63   17.89    0.00    0.00    0.00   31.71   35.77
14:02:24       7    0.00    0.00    4.76    7.62    0.00    0.00    0.00    5.71   81.90

14:02:24     CPU    %usr   %nice    %sys %iowait    %irq   %soft  %steal  %guest   %idle
14:02:25     all    1.49    0.00    9.20   13.06    0.00    1.12    0.00   21.14   53.98
14:02:25       0   10.71    0.00   16.67   14.29    0.00    5.95    0.00    9.52   42.86
14:02:25       1    0.00    0.00    5.77    2.88    0.00    0.00    0.00   24.04   67.31
14:02:25       2    1.00    0.00   19.00   22.00    0.00    2.00    0.00   30.00   26.00
14:02:25       3    0.94    0.00    2.83    9.43    0.00    0.00    0.00    8.49   78.30
14:02:25       4    1.87    0.00   13.08   10.28    0.00    0.93    0.00   31.78   42.06
14:02:25       5    0.97    0.00    1.94    7.77    0.00    0.97    0.00    0.97   87.38
14:02:25       6    0.00    0.00   12.75    9.80    0.00    0.00    0.00   60.78   16.67
14:02:25       7    1.01    0.00    2.02   28.28    0.00    0.00    0.00    0.00   68.69

14:02:25     CPU    %usr   %nice    %sys %iowait    %irq   %soft  %steal  %guest   %idle
14:02:26     all    1.13    0.00    8.45   10.72    0.00    0.88    0.00   12.74   66.08
14:02:26       0    6.82    0.00   15.91   19.32    0.00    4.55    0.00    1.14   52.27
14:02:26       1    0.00    0.00    1.98   10.89    0.00    0.99    0.00    1.98   84.16
14:02:26       2    2.02    0.00   12.12   30.30    0.00    1.01    0.00   13.13   41.41
14:02:26       3    0.00    0.00    2.00    3.00    0.00    0.00    0.00    2.00   93.00
14:02:26       4    0.00    0.00   12.62   14.56    0.00    0.00    0.00   21.36   51.46
14:02:26       5    0.00    0.00    2.94    1.96    0.00    0.00    0.00    9.80   85.29
14:02:26       6    0.00    0.00   13.73    6.86    0.00    0.00    0.00   33.33   46.08
14:02:26       7    0.00    0.00    9.18    0.00    0.00    0.00    0.00   17.35   73.47

14:02:26     CPU    %usr   %nice    %sys %iowait    %irq   %soft  %steal  %guest   %idle
14:02:27     all    0.72    0.00    9.29   12.67    0.00    0.48    0.00   15.80   61.04
14:02:27       0    5.15    0.00   10.31   25.77    0.00    1.03    0.00    0.00   57.73
14:02:27       1    0.00    0.00    2.02   14.14    0.00    1.01    0.00    0.00   82.83
14:02:27       2    0.00    0.00    6.06   42.42    0.00    0.00    0.00    2.02   49.49
14:02:27       3    0.00    0.00    9.26    5.56    0.00    0.00    0.00    0.93   84.26
14:02:27       4    0.00    0.00   14.29    5.71    0.00    0.00    0.00   18.10   61.90
14:02:27       5    0.00    0.00   14.71    2.94    0.00    1.96    0.00   65.69   14.71
14:02:27       6    0.00    0.00    9.57    6.09    0.00    0.00    0.00   27.83   56.52
14:02:27       7    0.00    0.00    4.85    2.91    0.00    0.00    0.00   10.68   81.55

14:02:27     CPU    %usr   %nice    %sys %iowait    %irq   %soft  %steal  %guest   %idle
14:02:28     all    0.49    0.00    5.35    9.37    0.00    0.24    0.00   16.18   68.37
14:02:28       0    2.02    0.00    6.06   21.21    0.00    1.01    0.00    9.09   60.61
14:02:28       1    0.00    0.00    3.06    5.10    0.00    0.00    0.00   33.67   59.18
14:02:28       2    1.94    0.00    2.91   16.50    0.00    0.97    0.00   29.13   48.54
14:02:28       3    0.00    0.00    9.35    5.61    0.00    0.00    0.00    9.35   75.70
14:02:28       4    0.00    0.00   11.71    7.21    0.00    0.00    0.00   14.41   66.67
14:02:28       5    1.00    0.00    1.00    3.00    0.00    0.00    0.00   20.00   75.00
14:02:28       6    0.00    0.00    7.77   11.65    0.00    0.00    0.00   11.65   68.93
14:02:28       7    0.00    0.00    1.01    3.03    0.00    0.00    0.00    3.03   92.93

14:02:28     CPU    %usr   %nice    %sys %iowait    %irq   %soft  %steal  %guest   %idle
14:02:29     all    1.33    0.00    5.67   19.54    0.00    0.48    0.00    6.03   66.95
14:02:29       0    5.05    0.00   11.11   12.12    0.00    1.01    0.00    2.02   68.69
14:02:29       1    2.97    0.00    3.96   80.20    0.00    0.99    0.00    0.99   10.89
14:02:29       2    1.05    0.00    5.26   34.74    0.00    2.11    0.00    2.11   54.74
14:02:29       3    0.00    0.00    2.80    0.93    0.00    0.00    0.00    8.41   87.85
14:02:29       4    0.93    0.00    2.80   25.23    0.00    0.00    0.00   14.95   56.07
14:02:29       5    0.00    0.00   11.40    0.00    0.00    0.00    0.00    4.39   85.09
14:02:29       6    0.92    0.00    5.50    9.17    0.00    0.92    0.00   11.93   71.56
14:02:29       7    1.00    0.00    1.00    0.00    0.00    0.00    0.00    1.00   97.00

14:02:29     CPU    %usr   %nice    %sys %iowait    %irq   %soft  %steal  %guest   %idle
14:02:30     all    0.25    0.00    1.64   24.06    0.00    0.13    0.00    2.14   71.79
14:02:30       0    2.06    0.00    5.15    3.09    0.00    0.00    0.00    0.00   89.69
14:02:30       1    0.00    0.00    1.00   97.00    0.00    0.00    0.00    0.00    2.00
14:02:30       2    0.00    0.00    1.03   82.47    0.00    1.03    0.00    1.03   14.43
14:02:30       3    0.00    0.00    2.97    4.95    0.00    0.99    0.00    0.00   91.09
14:02:30       4    0.00    0.00    2.00    5.00    0.00    0.00    0.00    4.00   89.00
14:02:30       5    0.00    0.00    0.00    0.00    0.00    0.00    0.00    2.00   98.00
14:02:30       6    0.00    0.00    0.00    1.00    0.00    0.00    0.00    7.00   92.00
14:02:30       7    0.00    0.00    1.98    0.00    0.00    0.00    0.00    3.96   94.06

14:02:30     CPU    %usr   %nice    %sys %iowait    %irq   %soft  %steal  %guest   %idle
14:02:31     all    0.50    0.00    3.61    2.62    0.00    0.00    0.00   10.59   82.69
14:02:31       0    0.00    0.00    0.00   13.13    0.00    0.00    0.00    0.00   86.87
14:02:31       1    1.98    0.00    1.98    0.99    0.00    0.00    0.00    3.96   91.09
14:02:31       2    0.00    0.00    0.00    0.00    0.00    0.00    0.00    0.00  100.00
14:02:31       3    0.00    0.00    3.96    0.00    0.00    0.00    0.00    0.00   96.04
14:02:31       4    0.00    0.00   20.20    0.00    0.00    0.00    0.00   80.81    0.00
14:02:31       5    0.00    0.00    0.00    0.00    0.00    0.00    0.00    0.00  100.00
14:02:31       6    0.99    0.00    1.98    6.93    0.00    0.00    0.00    0.99   89.11
14:02:31       7    0.00    0.00    0.00    0.00    0.00    0.00    0.00    1.01  100.00

14:02:31     CPU    %usr   %nice    %sys %iowait    %irq   %soft  %steal  %guest   %idle
14:02:32     all    0.00    0.00    0.50    0.63    0.00    0.00    0.00    3.01   95.86
14:02:32       0    0.00    0.00    0.00    0.00    0.00    0.00    0.00    0.00  100.00
14:02:32       1    0.98    0.00    0.98    3.92    0.00    0.00    0.00    0.00   94.12
14:02:32       2    0.00    0.00    0.00    0.00    0.00    0.00    0.00    0.00  100.00
14:02:32       3    0.00    0.00    3.03    0.00    0.00    0.00    0.00    0.00   96.97
14:02:32       4    1.00    0.00    0.00    0.00    0.00    0.00    0.00   17.00   82.00
14:02:32       5    0.00    0.00    0.00    0.00    0.00    0.00    0.00    0.00  100.00
14:02:32       6    0.00    0.00    0.00    0.00    0.00    0.00    0.00    5.05   95.96
14:02:32       7    1.00    0.00    0.00    0.00    0.00    0.00    0.00    1.00   98.00

14:02:32     CPU    %usr   %nice    %sys %iowait    %irq   %soft  %steal  %guest   %idle
14:02:33     all    0.00    0.00    0.50    0.00    0.00    0.00    0.00    3.01   96.49
14:02:33       0    0.00    0.00    0.00    0.00    0.00    0.00    0.00   19.39   80.61
14:02:33       1    0.00    0.00    0.00    0.00    0.00    0.00    0.00    3.03   97.98
14:02:33       2    0.00    0.00    0.00    0.00    0.00    0.00    0.00    0.00  100.00
14:02:33       3    1.00    0.00    2.00    0.00    0.00    0.00    0.00    0.00   97.00
14:02:33       4    0.00    0.00    0.99    0.00    0.00    0.00    0.00    1.98   97.03
14:02:33       5    0.00    0.00    0.00    0.00    0.00    0.00    0.00    0.00  100.00
14:02:33       6    0.00    0.00    0.00    0.00    0.00    0.00    0.00    0.00  100.00
14:02:33       7    0.00    0.00    0.99    0.00    0.00    0.00    0.00    0.99   98.02

14:02:33     CPU    %usr   %nice    %sys %iowait    %irq   %soft  %steal  %guest   %idle
14:02:34     all    0.13    0.00    3.51    9.28    0.00    0.13    0.00    2.13   84.82
14:02:34       0    0.00    0.00    7.92    2.97    0.00    0.00    0.00    2.97   86.14
14:02:34       1    0.00    0.00    5.10   62.24    0.00    0.00    0.00    1.02   31.63
14:02:34       2    0.00    0.00    3.06    0.00    0.00    0.00    0.00    1.02   95.92
14:02:34       3    0.00    0.00    3.00    9.00    0.00    0.00    0.00    2.00   86.00
14:02:34       4    0.00    0.00    3.00    0.00    0.00    0.00    0.00    0.00   97.00
14:02:34       5    1.00    0.00    2.00    0.00    0.00    0.00    0.00    6.00   91.00
14:02:34       6    0.98    0.00    1.96    0.98    0.00    0.00    0.00    1.96   94.12
14:02:34       7    0.00    0.00    3.03    0.00    0.00    0.00    0.00    0.00   96.97

14:02:34     CPU    %usr   %nice    %sys %iowait    %irq   %soft  %steal  %guest   %idle
14:02:35     all    1.01    0.00    3.28    2.78    0.00    0.76    0.00    5.18   86.99
14:02:35       0    5.15    0.00    5.15    5.15    0.00    2.06    0.00    0.00   82.47
14:02:35       1    3.12    0.00    6.25    7.29    0.00    3.12    0.00    0.00   80.21
14:02:35       2    0.00    0.00    6.06    0.00    0.00    1.01    0.00   24.24   68.69
14:02:35       3    0.00    0.00    2.00    1.00    0.00    0.00    0.00   10.00   87.00
14:02:35       4    0.00    0.00    0.00    0.00    0.00    0.00    0.00    1.01  100.00
14:02:35       5    0.00    0.00    2.00    0.00    0.00    0.00    0.00    2.00   96.00
14:02:35       6    0.00    0.00    2.00    4.00    0.00    0.00    0.00    5.00   89.00
14:02:35       7    0.00    0.00    4.00    5.00    0.00    0.00    0.00    0.00   91.00

14:02:35     CPU    %usr   %nice    %sys %iowait    %irq   %soft  %steal  %guest   %idle
14:02:36     all    0.63    0.00    2.76    0.50    0.00    0.25    0.00    5.15   90.70
14:02:36       0    0.00    0.00    1.96    0.98    0.00    0.00    0.00    5.88   91.18
14:02:36       1    4.35    0.00    7.61    0.00    0.00    2.17    0.00    2.17   83.70
14:02:36       2    0.00    0.00    4.00    1.00    0.00    0.00    0.00   16.00   80.00
14:02:36       3    1.00    0.00    2.00    0.00    0.00    0.00    0.00   11.00   86.00
14:02:36       4    1.01    0.00    1.01    0.00    0.00    0.00    0.00    2.02   95.96
14:02:36       5    1.00    0.00    1.00    2.00    0.00    0.00    0.00    0.00   96.00
14:02:36       6    0.00    0.00    3.85    0.00    0.00    0.00    0.00    3.85   92.31
14:02:36       7    0.00    0.00    0.00    0.00    0.00    0.00    0.00    0.00  100.00

14:02:36     CPU    %usr   %nice    %sys %iowait    %irq   %soft  %steal  %guest   %idle
14:02:37     all    0.13    0.00    3.14    0.00    0.00    0.25    0.00    7.28   89.21
14:02:37       0    0.00    0.00    6.73    0.00    0.00    0.00    0.00    6.73   87.50
14:02:37       1    0.00    0.00    3.03    0.00    0.00    0.00    0.00    0.00   96.97
14:02:37       2    0.00    0.00    0.00    0.00    0.00    0.00    0.00    3.03   96.97
14:02:37       3    1.05    0.00    4.21    0.00    0.00    1.05    0.00    0.00   93.68
14:02:37       4    0.00    0.00    0.99    0.00    0.00    0.00    0.00    7.92   92.08
14:02:37       5    0.00    0.00    7.22    0.00    0.00    0.00    0.00   29.90   62.89
14:02:37       6    0.00    0.00    1.01    0.00    0.00    0.00    0.00    5.05   93.94
14:02:37       7    0.00    0.00    3.00    0.00    0.00    0.00    0.00    6.00   91.00

14:02:37     CPU    %usr   %nice    %sys %iowait    %irq   %soft  %steal  %guest   %idle
14:02:38     all    0.12    0.00    4.25    0.50    0.00    0.00    0.00    8.88   86.25
14:02:38       0    0.00    0.00    6.93    2.97    0.00    0.00    0.00   17.82   72.28
14:02:38       1    2.02    0.00    1.01    0.00    0.00    0.00    0.00    2.02   94.95
14:02:38       2    0.00    0.00    0.00    0.00    0.00    0.00    0.00    0.00  100.00
14:02:38       3    0.00    0.00    0.00    0.00    0.00    0.00    0.00    0.00  100.00
14:02:38       4    1.00    0.00   16.00    0.00    0.00    0.00    0.00   15.00   68.00
14:02:38       5    0.00    0.00    7.00    0.00    0.00    0.00    0.00   33.00   60.00
14:02:38       6    0.00    0.00    0.00    0.00    0.00    0.00    0.00    1.98   98.02
14:02:38       7    0.00    0.00    1.00    0.00    0.00    0.00    0.00    0.00   99.00
