Linux 3.2.0-40-generic (loadgen162) 	20/08/2013 	_x86_64_	(8 CPU)

14:02:17     CPU    %usr   %nice    %sys %iowait    %irq   %soft  %steal  %guest   %idle
14:02:18     all    0.13    0.00    0.63    0.00    0.00    0.00    0.00    0.38   98.87
14:02:18       0    0.00    0.00    0.00    0.00    0.00    0.00    0.00    0.00  100.00
14:02:18       1    1.00    0.00    2.00    0.00    0.00    0.00    0.00    0.00   97.00
14:02:18       2    0.00    0.00    0.00    0.00    0.00    0.00    0.00    0.00  100.00
14:02:18       3    0.99    0.00    0.00    0.00    0.00    0.00    0.00    0.99   98.02
14:02:18       4    0.00    0.00    0.99    0.00    0.00    0.00    0.00    0.00   99.01
14:02:18       5    0.00    0.00    1.00    0.00    0.00    0.00    0.00    2.00   97.00
14:02:18       6    0.00    0.00    1.00    0.00    0.00    0.00    0.00    0.00   99.00
14:02:18       7    0.99    0.00    0.99    0.00    0.00    0.00    0.00    0.00   98.02

14:02:18     CPU    %usr   %nice    %sys %iowait    %irq   %soft  %steal  %guest   %idle
14:02:19     all    0.25    0.00    0.50    0.00    0.00    0.00    0.00    0.50   98.75
14:02:19       0    0.00    0.00    0.00    0.00    0.00    0.00    0.00    1.00   99.00
14:02:19       1    1.00    0.00    2.00    0.00    0.00    0.00    0.00    1.00   96.00
14:02:19       2    0.00    0.00    0.00    0.00    0.00    0.00    0.00    0.00  100.00
14:02:19       3    0.00    0.00    1.01    0.00    0.00    0.00    0.00    1.01   98.99
14:02:19       4    0.00    0.00    0.00    0.00    0.00    0.00    0.00    0.00  100.00
14:02:19       5    0.99    0.00    0.99    0.00    0.00    0.00    0.00    0.99   97.03
14:02:19       6    0.00    0.00    0.00    0.00    0.00    0.00    0.00    0.00  100.00
14:02:19       7    0.00    0.00    0.00    0.00    0.00    0.00    0.00    0.00  100.00

14:02:19     CPU    %usr   %nice    %sys %iowait    %irq   %soft  %steal  %guest   %idle
14:02:20     all    0.13    0.00    0.38    0.00    0.00    0.00    0.00    0.38   99.12
14:02:20       0    0.00    0.00    0.00    0.00    0.00    0.00    0.00    0.00  100.00
14:02:20       1    0.00    0.00    0.00    0.00    0.00    0.00    0.00    1.00   99.00
14:02:20       2    0.00    0.00    0.00    0.00    0.00    0.00    0.00    0.00  100.00
14:02:20       3    1.00    0.00    1.00    0.00    0.00    0.00    0.00    1.00   97.00
14:02:20       4    1.00    0.00    0.00    0.00    0.00    0.00    0.00    0.00   99.00
14:02:20       5    0.00    0.00    1.01    0.00    0.00    0.00    0.00    0.00   98.99
14:02:20       6    0.00    0.00    0.00    0.00    0.00    0.00    0.00    0.00  100.00
14:02:20       7    0.00    0.00    0.00    0.00    0.00    0.00    0.00    0.00  100.00

14:02:20     CPU    %usr   %nice    %sys %iowait    %irq   %soft  %steal  %guest   %idle
14:02:21     all    0.50    0.00    0.38    0.13    0.00    0.00    0.00    0.38   98.62
14:02:21       0    0.00    0.00    0.00    0.00    0.00    0.00    0.00    0.00  100.00
14:02:21       1    3.06    0.00    0.00    0.00    0.00    0.00    0.00    0.00   96.94
14:02:21       2    0.00    0.00    0.00    0.00    0.00    0.00    0.00    0.00  100.00
14:02:21       3    2.00    0.00    0.00    0.00    0.00    0.00    0.00    0.00   98.00
14:02:21       4    0.00    0.00    0.00    0.00    0.00    0.00    0.00    0.00  100.00
14:02:21       5    0.00    0.00    1.96    0.00    0.00    0.00    0.00    1.96   96.08
14:02:21       6    0.00    0.00    0.00    0.00    0.00    0.00    0.00    0.00  100.00
14:02:21       7    0.00    0.00    1.02    0.00    0.00    0.00    0.00    1.02   97.96

14:02:21     CPU    %usr   %nice    %sys %iowait    %irq   %soft  %steal  %guest   %idle
14:02:22     all    0.13    0.00    0.38    0.00    0.00    0.00    0.00    0.38   99.12
14:02:22       0    0.00    0.00    0.00    0.00    0.00    0.00    0.00    1.01   98.99
14:02:22       1    1.00    0.00    0.00    0.00    0.00    0.00    0.00    0.00   99.00
14:02:22       2    0.00    0.00    0.00    0.00    0.00    0.00    0.00    0.00  100.00
14:02:22       3    0.00    0.00    2.00    0.00    0.00    0.00    0.00    2.00   96.00
14:02:22       4    0.00    0.00    0.00    0.00    0.00    0.00    0.00    0.00  100.00
14:02:22       5    1.00    0.00    0.00    0.00    0.00    0.00    0.00    0.00   99.00
14:02:22       6    0.00    0.00    0.00    0.00    0.00    0.00    0.00    0.00  100.00
14:02:22       7    0.00    0.00    0.00    0.00    0.00    0.00    0.00    0.00  100.00

14:02:22     CPU    %usr   %nice    %sys %iowait    %irq   %soft  %steal  %guest   %idle
14:02:23     all    0.25    0.00    0.38    0.00    0.00    0.00    0.00    0.25   99.12
14:02:23       0    0.00    0.00    0.00    0.00    0.00    0.00    0.00    0.00  100.00
14:02:23       1    0.00    0.00    0.00    0.00    0.00    0.00    0.00    0.00  100.00
14:02:23       2    0.00    0.00    0.00    0.00    0.00    0.00    0.00    0.00  100.00
14:02:23       3    2.02    0.00    2.02    0.00    0.00    0.00    0.00    0.00   95.96
14:02:23       4    0.00    0.00    0.00    0.00    0.00    0.00    0.00    0.00  100.00
14:02:23       5    0.00    0.00    1.00    0.00    0.00    0.00    0.00    1.00   98.00
14:02:23       6    0.00    0.00    0.00    0.00    0.00    0.00    0.00    0.00  100.00
14:02:23       7    0.00    0.00    0.00    0.00    0.00    0.00    0.00    1.01  100.00

14:02:23     CPU    %usr   %nice    %sys %iowait    %irq   %soft  %steal  %guest   %idle
14:02:24     all    0.13    0.00    0.38    0.00    0.00    0.25    0.00    0.25   99.00
14:02:24       0    0.00    0.00    0.00    0.00    0.00    0.00    0.00    1.01   98.99
14:02:24       1    0.00    0.00    0.00    0.00    0.00    1.00    0.00    1.00   99.00
14:02:24       2    0.00    0.00    0.00    0.00    0.00    0.00    0.00    0.00  100.00
14:02:24       3    0.00    0.00    1.00    0.00    0.00    0.00    0.00    0.00   99.00
14:02:24       4    0.00    0.00    0.00    0.00    0.00    0.00    0.00    0.00  100.00
14:02:24       5    0.00    0.00    3.03    0.00    0.00    0.00    0.00    0.00   96.97
14:02:24       6    0.00    0.00    0.00    0.00    0.00    0.00    0.00    0.99   99.01
14:02:24       7    1.01    0.00    0.00    0.00    0.00    0.00    0.00    0.00   98.99

14:02:24     CPU    %usr   %nice    %sys %iowait    %irq   %soft  %steal  %guest   %idle
14:02:25     all    0.00    0.00    0.50    0.00    0.00    0.00    0.00    0.75   98.75
14:02:25       0    0.00    0.00    1.00    0.00    0.00    0.00    0.00    2.00   97.00
14:02:25       1    0.00    0.00    0.00    0.00    0.00    0.00    0.00    1.00   99.00
14:02:25       2    0.00    0.00    0.00    0.00    0.00    0.00    0.00    0.00  100.00
14:02:25       3    0.00    0.00    0.99    0.00    0.00    0.00    0.00    0.00   99.01
14:02:25       4    0.00    0.00    0.00    0.00    0.00    0.00    0.00    0.00  100.00
14:02:25       5    0.00    0.00    1.96    0.00    0.00    0.00    0.00    1.96   96.08
14:02:25       6    0.00    0.00    0.00    0.00    0.00    0.00    0.00    0.00  100.00
14:02:25       7    0.00    0.00    0.99    0.00    0.00    0.00    0.00    0.99   98.02

14:02:25     CPU    %usr   %nice    %sys %iowait    %irq   %soft  %steal  %guest   %idle
14:02:26     all    0.00    0.00    0.38    0.00    0.00    0.00    0.00    0.75   99.00
14:02:26       0    0.00    0.00    0.00    0.00    0.00    0.00    0.00    1.02   98.98
14:02:26       1    0.00    0.00    0.00    0.00    0.00    0.00    0.00    2.00   98.00
14:02:26       2    0.00    0.00    0.00    0.00    0.00    0.00    0.00    0.00  100.00
14:02:26       3    0.00    0.00    0.00    0.00    0.00    0.00    0.00    1.00   99.00
14:02:26       4    0.00    0.00    0.00    0.00    0.00    0.00    0.00    0.00  100.00
14:02:26       5    0.00    0.00    0.00    0.00    0.00    0.00    0.00    1.00   99.00
14:02:26       6    0.00    0.00    0.00    0.00    0.00    0.00    0.00    0.00  100.00
14:02:26       7    0.00    0.00    2.04    0.00    0.00    0.00    0.00    0.00   97.96

14:02:26     CPU    %usr   %nice    %sys %iowait    %irq   %soft  %steal  %guest   %idle
14:02:27     all    0.12    0.00    0.50    0.00    0.00    0.00    0.00    0.62   98.75
14:02:27       0    0.00    0.00    0.00    0.00    0.00    0.00    0.00    0.00  100.00
14:02:27       1    0.00    0.00    1.00    0.00    0.00    0.00    0.00    2.00   97.00
14:02:27       2    0.00    0.00    0.00    0.00    0.00    0.00    0.00    0.00  100.00
14:02:27       3    0.00    0.00    0.99    0.00    0.00    0.00    0.00    0.99   98.02
14:02:27       4    0.00    0.00    0.00    0.00    0.00    0.00    0.00    0.00  100.00
14:02:27       5    0.00    0.00    0.00    0.00    0.00    0.00    0.00    1.98   98.02
14:02:27       6    0.00    0.00    0.00    0.00    0.00    0.00    0.00    0.00  100.00
14:02:27       7    0.00    0.00    1.98    0.00    0.00    0.00    0.00    0.99   97.03

14:02:27     CPU    %usr   %nice    %sys %iowait    %irq   %soft  %steal  %guest   %idle
14:02:28     all    0.00    0.00    0.38    0.00    0.00    0.00    0.00    0.50   99.12
14:02:28       0    0.00    0.00    0.00    0.00    0.00    0.00    0.00    0.00  100.00
14:02:28       1    0.00    0.00    2.04    0.00    0.00    0.00    0.00    0.00   97.96
14:02:28       2    0.00    0.00    0.00    0.00    0.00    0.00    0.00    0.00  100.00
14:02:28       3    0.00    0.00    1.00    0.00    0.00    0.00    0.00    1.00   98.00
14:02:28       4    0.00    0.00    0.00    0.00    0.00    0.00    0.00    1.01  100.00
14:02:28       5    0.00    0.00    0.00    0.00    0.00    0.00    0.00    1.00   99.00
14:02:28       6    0.00    0.00    0.00    0.00    0.00    0.00    0.00    0.00  100.00
14:02:28       7    0.00    0.00    0.00    0.00    0.00    0.00    0.00    1.00   99.00

14:02:28     CPU    %usr   %nice    %sys %iowait    %irq   %soft  %steal  %guest   %idle
14:02:29     all    0.38    0.00    0.38    0.00    0.00    0.00    0.00    0.38   98.87
14:02:29       0    1.00    0.00    0.00    0.00    0.00    0.00    0.00    0.00   99.00
14:02:29       1    0.99    0.00    2.97    0.00    0.00    0.00    0.00    0.00   96.04
14:02:29       2    0.00    0.00    0.00    0.00    0.00    0.00    0.00    0.00  100.00
14:02:29       3    1.00    0.00    0.00    0.00    0.00    0.00    0.00    1.00   98.00
14:02:29       4    0.00    0.00    0.99    0.00    0.00    0.00    0.00    1.98   97.03
14:02:29       5    1.01    0.00    0.00    0.00    0.00    0.00    0.00    0.00   98.99
14:02:29       6    0.00    0.00    0.00    0.00    0.00    0.00    0.00    0.00  100.00
14:02:29       7    0.00    0.00    0.00    0.00    0.00    0.00    0.00    0.00  100.00

14:02:29     CPU    %usr   %nice    %sys %iowait    %irq   %soft  %steal  %guest   %idle
14:02:30     all    0.00    0.00    0.50    0.00    0.00    0.00    0.00    0.50   99.12
14:02:30       0    0.00    0.00    0.00    0.00    0.00    0.00    0.00    2.02   98.99
14:02:30       1    0.00    0.00    3.00    0.00    0.00    0.00    0.00    0.00   97.00
14:02:30       2    1.00    0.00    0.00    0.00    0.00    0.00    0.00    0.00   99.00
14:02:30       3    0.00    0.00    0.99    0.00    0.00    0.00    0.00    0.00   99.01
14:02:30       4    0.00    0.00    0.00    0.00    0.00    1.00    0.00    0.00   99.00
14:02:30       5    0.00    0.00    0.00    0.00    0.00    0.00    0.00    0.00  100.00
14:02:30       6    0.00    0.00    0.00    0.00    0.00    0.00    0.00    1.00   99.00
14:02:30       7    0.00    0.00    0.00    0.00    0.00    0.00    0.00    0.00  100.00

14:02:30     CPU    %usr   %nice    %sys %iowait    %irq   %soft  %steal  %guest   %idle
14:02:31     all    0.62    0.00    0.75    0.00    0.00    0.12    0.00    0.37   98.13
14:02:31       0    1.00    0.00    0.00    0.00    0.00    0.00    0.00    0.00   99.00
14:02:31       1    4.00    0.00    2.00    0.00    0.00    0.00    0.00    0.00   94.00
14:02:31       2    0.00    0.00    0.00    0.00    0.00    0.00    0.00    1.00   99.00
14:02:31       3    1.00    0.00    1.00    0.00    0.00    0.00    0.00    0.00   98.00
14:02:31       4    0.00    0.00    0.00    0.00    0.00    0.00    0.00    0.00  100.00
14:02:31       5    0.00    0.00    1.00    0.00    0.00    0.00    0.00    0.00   99.00
14:02:31       6    0.00    0.00    0.00    0.00    0.00    0.00    0.00    0.00  100.00
14:02:31       7    0.99    0.00    0.00    0.00    0.00    0.00    0.00    0.99   98.02

14:02:31     CPU    %usr   %nice    %sys %iowait    %irq   %soft  %steal  %guest   %idle
14:02:32     all    0.25    0.00    0.38    0.00    0.00    0.00    0.00    0.13   99.25
14:02:32       0    0.00    0.00    0.00    0.00    0.00    0.00    0.00    0.00  100.00
14:02:32       1    1.00    0.00    0.00    0.00    0.00    0.00    0.00    0.00   99.00
14:02:32       2    0.00    0.00    0.00    0.00    0.00    0.00    0.00    0.00  100.00
14:02:32       3    0.00    0.00    0.00    0.00    0.00    0.00    0.00    0.00  100.00
14:02:32       4    0.00    0.00    0.00    0.00    0.00    0.00    0.00    1.00   99.00
14:02:32       5    1.00    0.00    2.00    0.00    0.00    0.00    0.00    0.00   97.00
14:02:32       6    0.00    0.00    0.00    0.00    0.00    0.00    0.00    0.00  100.00
14:02:32       7    0.00    0.00    1.01    0.00    0.00    0.00    0.00    0.00   98.99

14:02:32     CPU    %usr   %nice    %sys %iowait    %irq   %soft  %steal  %guest   %idle
14:02:33     all    0.00    0.00    0.63    0.00    0.00    0.00    0.00    0.38   99.00
14:02:33       0    0.00    0.00    0.00    0.00    0.00    0.00    0.00    0.00  100.00
14:02:33       1    0.00    0.00    0.99    0.00    0.00    0.00    0.00    0.99   99.01
14:02:33       2    0.00    0.00    0.00    0.00    0.00    0.00    0.00    1.01   98.99
14:02:33       3    0.00    0.00    0.00    0.00    0.00    0.00    0.00    0.00  100.00
14:02:33       4    0.00    0.00    0.00    0.00    0.00    0.00    0.00    0.00  100.00
14:02:33       5    0.00    0.00    0.00    0.00    0.00    0.00    0.00    1.01   98.99
14:02:33       6    0.00    0.00    0.00    0.00    0.00    0.00    0.00    0.00  100.00
14:02:33       7    0.00    0.00    3.03    0.00    0.00    0.00    0.00    1.01   96.97

14:02:33     CPU    %usr   %nice    %sys %iowait    %irq   %soft  %steal  %guest   %idle
14:02:34     all    0.00    0.00    0.38    0.00    0.00    0.00    0.00    0.50   99.12
14:02:34       0    0.00    0.00    0.00    0.00    0.00    0.00    0.00    0.00  100.00
14:02:34       1    0.00    0.00    0.00    0.00    0.00    0.00    0.00    0.00  100.00
14:02:34       2    0.00    0.00    0.00    0.00    0.00    0.00    0.00    1.00   99.00
14:02:34       3    0.00    0.00    0.99    0.00    0.00    0.00    0.00    0.00   99.01
14:02:34       4    0.00    0.00    0.00    0.00    0.00    0.00    0.00    2.00   98.00
14:02:34       5    0.00    0.00    0.00    0.00    0.00    0.00    0.00    1.00   99.00
14:02:34       6    0.00    0.00    0.00    0.00    0.00    0.00    0.00    0.00  100.00
14:02:34       7    0.00    0.00    3.00    0.00    0.00    0.00    0.00    1.00   96.00

14:02:34     CPU    %usr   %nice    %sys %iowait    %irq   %soft  %steal  %guest   %idle
14:02:35     all    0.13    0.00    0.38    0.00    0.00    0.00    0.00    0.38   99.12
14:02:35       0    0.00    0.00    0.00    0.00    0.00    0.00    0.00    2.02   98.99
14:02:35       1    0.00    0.00    0.00    0.00    0.00    0.00    0.00    0.00  100.00
14:02:35       2    0.00    0.00    0.00    0.00    0.00    0.00    0.00    0.00  100.00
14:02:35       3    0.00    0.00    0.00    0.00    0.00    0.00    0.00    0.00  100.00
14:02:35       4    0.00    0.00    0.00    0.00    0.00    0.00    0.00    1.01   98.99
14:02:35       5    0.00    0.00    0.00    0.00    0.00    0.00    0.00    0.00  100.00
14:02:35       6    0.00    0.00    0.00    0.00    0.00    0.00    0.00    1.00   99.00
14:02:35       7    0.00    0.00    2.97    0.00    0.00    0.00    0.00    0.00   97.03

14:02:35     CPU    %usr   %nice    %sys %iowait    %irq   %soft  %steal  %guest   %idle
14:02:36     all    0.38    0.00    0.88    0.00    0.00    0.00    0.00    0.38   98.37
14:02:36       0    1.01    0.00    0.00    0.00    0.00    0.00    0.00    0.00   98.99
14:02:36       1    0.00    0.00    0.99    0.00    0.00    0.00    0.00    0.99   98.02
14:02:36       2    0.00    0.00    1.00    0.00    0.00    0.00    0.00    0.00   99.00
14:02:36       3    1.00    0.00    2.00    0.00    0.00    0.00    0.00    0.00   97.00
14:02:36       4    0.00    0.00    0.00    0.00    0.00    0.00    0.00    1.00   99.00
14:02:36       5    2.00    0.00    1.00    0.00    0.00    0.00    0.00    0.00   97.00
14:02:36       6    0.00    0.00    0.00    0.00    0.00    0.00    0.00    1.00   99.00
14:02:36       7    1.01    0.00    2.02    0.00    0.00    0.00    0.00    0.00   96.97
