Linux 3.2.0-39-generic (loadgen164) 	20/08/2013 	_x86_64_	(8 CPU)

13:42:38     CPU    %usr   %nice    %sys %iowait    %irq   %soft  %steal  %guest   %idle
13:42:39     all    2.52    0.00    1.38    0.00    0.00    0.00    0.00    0.00   96.10
13:42:39       0    0.00    0.00    0.00    0.00    0.00    0.00    0.00    0.00  100.00
13:42:39       1    0.00    0.00    0.00    0.00    0.00    0.00    0.00    0.00  100.00
13:42:39       2   18.18    0.00    6.06    0.00    0.00    0.00    0.00    0.00   75.76
13:42:39       3    0.00    0.00    2.02    0.00    0.00    0.00    0.00    0.00   97.98
13:42:39       4    0.99    0.00    0.99    0.00    0.00    0.00    0.00    0.00   98.02
13:42:39       5    0.00    0.00    1.00    0.00    0.00    0.00    0.00    0.00   99.00
13:42:39       6    2.04    0.00    1.02    0.00    0.00    0.00    0.00    0.00   96.94
13:42:39       7    0.00    0.00    0.99    0.00    0.00    0.00    0.00    0.00   99.01

13:42:39     CPU    %usr   %nice    %sys %iowait    %irq   %soft  %steal  %guest   %idle
13:42:40     all    8.27    0.00    0.50    0.00    0.00    0.00    0.00    0.00   91.23
13:42:40       0    0.00    0.00    0.00    0.00    0.00    0.00    0.00    0.00  100.00
13:42:40       1    0.00    0.00    0.00    0.00    0.00    0.00    0.00    0.00  100.00
13:42:40       2   66.00    0.00    2.00    0.00    0.00    0.00    0.00    0.00   32.00
13:42:40       3    0.00    0.00    0.00    0.00    0.00    0.00    0.00    0.00  100.00
13:42:40       4    0.00    0.00    0.00    0.00    0.00    0.00    0.00    0.00  100.00
13:42:40       5    0.00    0.00    0.00    0.00    0.00    0.00    0.00    0.00  100.00
13:42:40       6    0.00    0.00    2.97    0.00    0.00    0.00    0.00    0.00   97.03
13:42:40       7    0.00    0.00    0.00    0.00    0.00    0.00    0.00    0.00  100.00

13:42:40     CPU    %usr   %nice    %sys %iowait    %irq   %soft  %steal  %guest   %idle
13:42:41     all    1.76    0.00    3.64    0.00    0.00    0.00    0.00    0.00   94.60
13:42:41       0    0.00    0.00    2.02    0.00    0.00    0.00    0.00    0.00   97.98
13:42:41       1    0.00    0.00    0.99    0.00    0.00    0.00    0.00    0.00   99.01
13:42:41       2    7.00    0.00   14.00    0.00    0.00    0.00    0.00    0.00   79.00
13:42:41       3    1.96    0.00    6.86    0.00    0.00    0.00    0.00    0.00   91.18
13:42:41       4    3.03    0.00    1.01    0.00    0.00    0.00    0.00    0.00   95.96
13:42:41       5    1.01    0.00    0.00    0.00    0.00    0.00    0.00    0.00   98.99
13:42:41       6    0.00    0.00    1.02    0.00    0.00    0.00    0.00    0.00   98.98
13:42:41       7    1.02    0.00    1.02    0.00    0.00    0.00    0.00    0.00   97.96

13:42:41     CPU    %usr   %nice    %sys %iowait    %irq   %soft  %steal  %guest   %idle
13:42:42     all    1.63    0.00    2.00    0.00    0.00    0.00    0.00    0.00   96.37
13:42:42       0    4.00    0.00    6.00    0.00    0.00    0.00    0.00    0.00   90.00
13:42:42       1    3.03    0.00    0.00    0.00    0.00    0.00    0.00    0.00   96.97
13:42:42       2    1.00    0.00    3.00    0.00    0.00    0.00    0.00    0.00   96.00
13:42:42       3    0.00    0.00    5.05    0.00    0.00    0.00    0.00    0.00   94.95
13:42:42       4    2.00    0.00    0.00    0.00    0.00    0.00    0.00    0.00   98.00
13:42:42       5    3.00    0.00    2.00    0.00    0.00    0.00    0.00    0.00   95.00
13:42:42       6    0.00    0.00    1.00    0.00    0.00    0.00    0.00    0.00   99.00
13:42:42       7    0.00    0.00    0.00    0.00    0.00    0.00    0.00    0.00  100.00

13:42:42     CPU    %usr   %nice    %sys %iowait    %irq   %soft  %steal  %guest   %idle
13:42:43     all    0.13    0.00    1.76    0.25    0.00    0.00    0.00    0.00   97.87
13:42:43       0    0.00    0.00    0.00    0.00    0.00    0.00    0.00    0.00  100.00
13:42:43       1    0.00    0.00    0.00    2.00    0.00    0.00    0.00    0.00   98.00
13:42:43       2    0.00    0.00    2.02    0.00    0.00    0.00    0.00    0.00   97.98
13:42:43       3    0.00    0.00   11.00    0.00    0.00    0.00    0.00    0.00   89.00
13:42:43       4    0.00    0.00    0.00    0.00    0.00    0.00    0.00    0.00  100.00
13:42:43       5    1.01    0.00    0.00    1.01    0.00    0.00    0.00    0.00   97.98
13:42:43       6    0.00    0.00    0.00    0.00    0.00    0.00    0.00    0.00  100.00
13:42:43       7    0.00    0.00    0.00    0.00    0.00    0.00    0.00    0.00  100.00

13:42:43     CPU    %usr   %nice    %sys %iowait    %irq   %soft  %steal  %guest   %idle
13:42:44     all    3.39    0.00    2.89    0.00    0.00    0.00    0.00    0.75   92.97
13:42:44       0    6.00    0.00    3.00    0.00    0.00    0.00    0.00    2.00   89.00
13:42:44       1    7.00    0.00    3.00    0.00    0.00    0.00    0.00    0.00   90.00
13:42:44       2    1.01    0.00    2.02    0.00    0.00    0.00    0.00    0.00   96.97
13:42:44       3    6.12    0.00    1.02    0.00    0.00    0.00    0.00    0.00   92.86
13:42:44       4    4.00    0.00    1.00    0.00    0.00    0.00    0.00    0.00   95.00
13:42:44       5    0.00    0.00    5.94    0.00    0.00    0.00    0.00    0.99   93.07
13:42:44       6    0.00    0.00    7.00    0.00    0.00    0.00    0.00    4.00   89.00
13:42:44       7    0.00    0.00    1.00    0.00    0.00    0.00    0.00    0.00   99.00

13:42:44     CPU    %usr   %nice    %sys %iowait    %irq   %soft  %steal  %guest   %idle
13:42:45     all    1.25    0.00    1.63    0.00    0.00    0.00    0.00    0.00   97.11
13:42:45       0    0.00    0.00    0.00    0.00    0.00    0.00    0.00    0.00  100.00
13:42:45       1    0.00    0.00    0.00    0.00    0.00    0.00    0.00    0.00  100.00
13:42:45       2    1.00    0.00    3.00    0.00    0.00    0.00    0.00    0.00   96.00
13:42:45       3    8.00    0.00   10.00    0.00    0.00    0.00    0.00    0.00   82.00
13:42:45       4    0.00    0.00    0.00    0.00    0.00    0.00    0.00    0.00  100.00
13:42:45       5    0.00    0.00    0.00    0.00    0.00    0.00    0.00    0.00  100.00
13:42:45       6    0.99    0.00    0.00    0.00    0.00    0.00    0.00    0.00   99.01
13:42:45       7    0.00    0.00    0.00    0.00    0.00    0.00    0.00    0.00  100.00

13:42:45     CPU    %usr   %nice    %sys %iowait    %irq   %soft  %steal  %guest   %idle
13:42:46     all    2.01    0.00    0.88    0.00    0.00    0.00    0.00    0.00   97.11
13:42:46       0   11.11    0.00    0.00    0.00    0.00    0.00    0.00    0.00   88.89
13:42:46       1    0.00    0.00    0.00    0.00    0.00    0.00    0.00    0.00  100.00
13:42:46       2    4.04    0.00    2.02    0.00    0.00    0.00    0.00    0.00   93.94
13:42:46       3    1.01    0.00    0.00    0.00    0.00    0.00    0.00    0.00   98.99
13:42:46       4    0.00    0.00    0.00    0.00    0.00    0.00    0.00    0.00  100.00
13:42:46       5    0.99    0.00    0.00    0.00    0.00    0.00    0.00    0.00   99.01
13:42:46       6    0.00    0.00    3.00    0.00    0.00    0.00    0.00    0.00   97.00
13:42:46       7    0.98    0.00    0.98    0.00    0.00    0.00    0.00    0.00   98.04

13:42:46     CPU    %usr   %nice    %sys %iowait    %irq   %soft  %steal  %guest   %idle
13:42:47     all    1.13    0.00    0.88    0.00    0.00    0.00    0.00    0.00   97.99
13:42:47       0    0.00    0.00    0.00    0.00    0.00    0.00    0.00    0.00  100.00
13:42:47       1    0.00    0.00    1.00    0.00    0.00    0.00    0.00    0.00   99.00
13:42:47       2    6.00    0.00    4.00    0.00    0.00    0.00    0.00    0.00   90.00
13:42:47       3    1.02    0.00    1.02    0.00    0.00    0.00    0.00    0.00   97.96
13:42:47       4    0.00    0.00    1.01    0.00    0.00    0.00    0.00    0.00   98.99
13:42:47       5    0.00    0.00    0.00    0.00    0.00    0.00    0.00    0.00  100.00
13:42:47       6    0.00    0.00    2.02    0.00    0.00    0.00    0.00    0.00   97.98
13:42:47       7    0.00    0.00    0.00    0.00    0.00    0.00    0.00    0.00  100.00

13:42:47     CPU    %usr   %nice    %sys %iowait    %irq   %soft  %steal  %guest   %idle
13:42:48     all    2.89    0.00    1.88    0.13    0.00    0.00    0.00    6.78   88.32
13:42:48       0    0.00    0.00    2.00    0.00    0.00    0.00    0.00    0.00   98.00
13:42:48       1    9.18    0.00    0.00    0.00    0.00    0.00    0.00    0.00   90.82
13:42:48       2    0.00    0.00    0.00    0.00    0.00    0.00    0.00    0.00  100.00
13:42:48       3    5.00    0.00    7.00    0.00    0.00    0.00    0.00    0.00   88.00
13:42:48       4    0.00    0.00    0.00    0.00    0.00    0.00    0.00    0.00  100.00
13:42:48       5    1.98    0.00    1.98    0.00    0.00    0.00    0.00    0.00   96.04
13:42:48       6   10.00    0.00    2.00    0.00    0.00    0.00    0.00   53.00   35.00
13:42:48       7    1.00    0.00    0.00    0.00    0.00    0.00    0.00    0.00   99.00

13:42:48     CPU    %usr   %nice    %sys %iowait    %irq   %soft  %steal  %guest   %idle
13:42:49     all    1.50    0.00    3.50    2.75    0.00    0.00    0.00   10.26   81.98
13:42:49       0    0.00    0.00    3.00    0.00    0.00    0.00    0.00    0.00   97.00
13:42:49       1    4.04    0.00    2.02   22.22    0.00    0.00    0.00    1.01   70.71
13:42:49       2    0.00    0.00    0.00    0.00    0.00    0.00    0.00    0.00  100.00
13:42:49       3    0.00    0.00   13.13    0.00    0.00    0.00    0.00   59.60   27.27
13:42:49       4    3.96    0.00    3.96    0.00    0.00    0.00    0.00    0.00   92.08
13:42:49       5    0.00    0.00    0.00    0.00    0.00    0.00    0.00    0.00  100.00
13:42:49       6    0.00    0.00    6.00    0.00    0.00    0.00    0.00   24.00   70.00
13:42:49       7    1.00    0.00    0.00    0.00    0.00    0.00    0.00    0.00   99.00

13:42:49     CPU    %usr   %nice    %sys %iowait    %irq   %soft  %steal  %guest   %idle
13:42:50     all    1.01    0.00    2.01    0.00    0.00    0.00    0.00   11.43   85.55
13:42:50       0    2.04    0.00    2.04    0.00    0.00    0.00    0.00    0.00   95.92
13:42:50       1    0.00    0.00    0.99    0.00    0.00    0.00    0.00    0.00   99.01
13:42:50       2    2.02    0.00    1.01    0.00    0.00    0.00    0.00    0.00   96.97
13:42:50       3    1.00    0.00    8.00    0.00    0.00    0.00    0.00   91.00    0.00
13:42:50       4    0.00    0.00    1.00    0.00    0.00    0.00    0.00    0.00   99.00
13:42:50       5    1.00    0.00    1.00    0.00    0.00    0.00    0.00    0.00   98.00
13:42:50       6    3.00    0.00    1.00    0.00    0.00    0.00    0.00    0.00   96.00
13:42:50       7    0.00    0.00    1.00    0.00    0.00    0.00    0.00    0.00   99.00

13:42:50     CPU    %usr   %nice    %sys %iowait    %irq   %soft  %steal  %guest   %idle
13:42:51     all    1.13    0.00    2.26    0.00    0.00    0.00    0.00   11.40   85.21
13:42:51       0    0.00    0.00    1.98    0.00    0.00    0.00    0.00    0.00   98.02
13:42:51       1    0.00    0.00    0.00    0.00    0.00    0.00    0.00    0.00  100.00
13:42:51       2    1.01    0.00    2.02    0.00    0.00    0.00    0.00    0.00   96.97
13:42:51       3    0.00    0.00    9.00    0.00    0.00    0.00    0.00   92.00    0.00
13:42:51       4    7.00    0.00    4.00    0.00    0.00    0.00    0.00    0.00   89.00
13:42:51       5    0.00    0.00    0.00    0.00    0.00    0.00    0.00    0.00  100.00
13:42:51       6    0.00    0.00    0.00    0.00    0.00    0.00    0.00    0.00  100.00
13:42:51       7    0.00    0.00    1.01    0.00    0.00    0.00    0.00    0.00   98.99

13:42:51     CPU    %usr   %nice    %sys %iowait    %irq   %soft  %steal  %guest   %idle
13:42:52     all    0.88    0.00    2.14    0.00    0.00    0.00    0.00   11.57   85.41
13:42:52       0    1.01    0.00    0.00    0.00    0.00    0.00    0.00    0.00   98.99
13:42:52       1    0.00    0.00    2.02    0.00    0.00    0.00    0.00    0.00   97.98
13:42:52       2    0.00    0.00    1.01    0.00    0.00    0.00    0.00    0.00   98.99
13:42:52       3    0.00    0.00    9.00    0.00    0.00    0.00    0.00   91.00    0.00
13:42:52       4    2.02    0.00    2.02    0.00    0.00    0.00    0.00    0.00   95.96
13:42:52       5    0.00    0.00    0.00    0.00    0.00    0.00    0.00    0.00  100.00
13:42:52       6    5.05    0.00    4.04    0.00    0.00    0.00    0.00    0.00   90.91
13:42:52       7    0.00    0.00    0.00    0.00    0.00    0.00    0.00    0.00  100.00

13:42:52     CPU    %usr   %nice    %sys %iowait    %irq   %soft  %steal  %guest   %idle
13:42:53     all    1.13    0.00    2.63    0.00    0.00    0.00    0.00   11.40   84.84
13:42:53       0    0.00    0.00    1.00    0.00    0.00    0.00    0.00    0.00   99.00
13:42:53       1    0.00    0.00    0.00    0.00    0.00    0.00    0.00    0.00  100.00
13:42:53       2    1.00    0.00    2.00    0.00    0.00    0.00    0.00    0.00   97.00
13:42:53       3    0.99    0.00    8.91    0.00    0.00    0.00    0.00   90.10    0.00
13:42:53       4    3.00    0.00    3.00    0.00    0.00    0.00    0.00    0.00   94.00
13:42:53       5    1.00    0.00    0.00    0.00    0.00    0.00    0.00    0.00   99.00
13:42:53       6    5.05    0.00    5.05    0.00    0.00    0.00    0.00    0.00   89.90
13:42:53       7    0.00    0.00    0.00    0.00    0.00    0.00    0.00    0.00  100.00

13:42:53     CPU    %usr   %nice    %sys %iowait    %irq   %soft  %steal  %guest   %idle
13:42:54     all    1.63    0.00    3.77    1.63    0.00    0.00    0.00    9.92   83.04
13:42:54       0    3.03    0.00    1.01    0.00    0.00    0.00    0.00    0.00   95.96
13:42:54       1    0.00    0.00    3.00    6.00    0.00    0.00    0.00    6.00   85.00
13:42:54       2    1.02    0.00    2.04    0.00    0.00    0.00    0.00    0.00   96.94
13:42:54       3    0.00    0.00    8.08    7.07    0.00    0.00    0.00   53.54   31.31
13:42:54       4    2.02    0.00    3.03    0.00    0.00    0.00    0.00    0.00   94.95
13:42:54       5    1.01    0.00    9.09    0.00    0.00    0.00    0.00   15.15   74.75
13:42:54       6    3.00    0.00    4.00    0.00    0.00    0.00    0.00    0.00   93.00
13:42:54       7    0.00    0.00    2.02    0.00    0.00    0.00    0.00    5.05   93.94

13:42:54     CPU    %usr   %nice    %sys %iowait    %irq   %soft  %steal  %guest   %idle
13:42:55     all    1.63    0.00    6.63    0.00    0.00    0.00    0.00    6.88   84.86
13:42:55       0    0.00    0.00    0.00    0.00    0.00    0.00    0.00    0.00  100.00
13:42:55       1    3.03    0.00   28.28    0.00    0.00    0.00    0.00   32.32   36.36
13:42:55       2    1.01    0.00    2.02    0.00    0.00    0.00    0.00    0.00   96.97
13:42:55       3    0.00    0.00    0.00    0.00    0.00    0.00    0.00    0.00  100.00
13:42:55       4    5.00    0.00    2.00    0.00    0.00    0.00    0.00    2.00   91.00
13:42:55       5    0.00    0.00   16.00    0.00    0.00    0.00    0.00   21.00   63.00
13:42:55       6    5.00    0.00    1.00    0.00    0.00    0.00    0.00    0.00   94.00
13:42:55       7    0.98    0.00    1.96    0.00    0.00    0.00    0.00    0.00   97.06

13:42:55     CPU    %usr   %nice    %sys %iowait    %irq   %soft  %steal  %guest   %idle
13:42:56     all    1.38    0.00    4.40    0.25    0.00    0.00    0.00    5.90   88.07
13:42:56       0    3.06    0.00    5.10    0.00    0.00    0.00    0.00    2.04   89.80
13:42:56       1    0.99    0.00    7.92    0.00    0.00    0.00    0.00   23.76   67.33
13:42:56       2    2.00    0.00    5.00    0.00    0.00    0.00    0.00    3.00   90.00
13:42:56       3    3.06    0.00    1.02    1.02    0.00    0.00    0.00    0.00   94.90
13:42:56       4    1.00    0.00   10.00    0.00    0.00    0.00    0.00   10.00   79.00
13:42:56       5    2.02    0.00    0.00    0.00    0.00    0.00    0.00    0.00   97.98
13:42:56       6    0.00    0.00    5.05    0.00    0.00    0.00    0.00    7.07   87.88
13:42:56       7    0.00    0.00    1.00    0.00    0.00    0.00    0.00    0.00   99.00

13:42:56     CPU    %usr   %nice    %sys %iowait    %irq   %soft  %steal  %guest   %idle
13:42:57     all    1.28    0.00    3.98    6.55    0.00    0.26    0.00    8.34   79.59
13:42:57       0    0.00    0.00    3.09    8.25    0.00    0.00    0.00    3.09   86.60
13:42:57       1    0.00    0.00    7.22   11.34    0.00    0.00    0.00   14.43   67.01
13:42:57       2    1.04    0.00    4.17    5.21    0.00    0.00    0.00   15.62   73.96
13:42:57       3    6.12    0.00    7.14    9.18    0.00    0.00    0.00    5.10   72.45
13:42:57       4    2.06    0.00    5.15    6.19    0.00    0.00    0.00   16.49   70.10
13:42:57       5    0.00    0.00    3.06    5.10    0.00    0.00    0.00   10.20   81.63
13:42:57       6    0.00    0.00    1.01    7.07    0.00    0.00    0.00    3.03   88.89
13:42:57       7    0.00    0.00    2.06    2.06    0.00    0.00    0.00    0.00   95.88

13:42:57     CPU    %usr   %nice    %sys %iowait    %irq   %soft  %steal  %guest   %idle
13:42:58     all    1.41    0.00    2.94   18.29    0.00    0.00    0.00    2.69   74.68
13:42:58       0    1.03    0.00    0.00   56.70    0.00    1.03    0.00    1.03   40.21
13:42:58       1    0.00    0.00    1.03   27.84    0.00    0.00    0.00    4.12   67.01
13:42:58       2    2.00    0.00    7.00    8.00    0.00    0.00    0.00    0.00   83.00
13:42:58       3    7.29    0.00    4.17    9.38    0.00    0.00    0.00    2.08   77.08
13:42:58       4    1.02    0.00    3.06   15.31    0.00    0.00    0.00    1.02   79.59
13:42:58       5    2.02    0.00    4.04   10.10    0.00    0.00    0.00    4.04   79.80
13:42:58       6    0.00    0.00    2.00   12.00    0.00    0.00    0.00    5.00   81.00
13:42:58       7    0.00    0.00    1.03    6.19    0.00    0.00    0.00    3.09   89.69

13:42:58     CPU    %usr   %nice    %sys %iowait    %irq   %soft  %steal  %guest   %idle
13:42:59     all    3.55    0.00    4.95   29.57    0.00    0.13    0.00   17.01   44.80
13:42:59       0    3.00    0.00    6.00   44.00    0.00    0.00    0.00   29.00   18.00
13:42:59       1    2.06    0.00    4.12   51.55    0.00    0.00    0.00    5.15   37.11
13:42:59       2   13.68    0.00    3.16   15.79    0.00    0.00    0.00    5.26   62.11
13:42:59       3    2.04    0.00    7.14   25.51    0.00    0.00    0.00   12.24   53.06
13:42:59       4    1.01    0.00    7.07   51.52    0.00    0.00    0.00    8.08   32.32
13:42:59       5    3.03    0.00    3.03   15.15    0.00    0.00    0.00   12.12   66.67
13:42:59       6    1.01    0.00    3.03   23.23    0.00    0.00    0.00   26.26   46.46
13:42:59       7    2.00    0.00    4.00   11.00    0.00    0.00    0.00   38.00   45.00

13:42:59     CPU    %usr   %nice    %sys %iowait    %irq   %soft  %steal  %guest   %idle
13:43:00     all    0.64    0.00    7.20   16.97    0.00    0.00    0.00   13.50   61.70
13:43:00       0    0.00    0.00    4.12   32.99    0.00    0.00    0.00   19.59   43.30
13:43:00       1    1.02    0.00    6.12   46.94    0.00    1.02    0.00    9.18   35.71
13:43:00       2    1.02    0.00    3.06   14.29    0.00    0.00    0.00    5.10   76.53
13:43:00       3    1.04    0.00   11.46    8.33    0.00    0.00    0.00   14.58   64.58
13:43:00       4    0.00    0.00   11.34   14.43    0.00    0.00    0.00   14.43   59.79
13:43:00       5    0.00    0.00    7.14    8.16    0.00    0.00    0.00   20.41   64.29
13:43:00       6    1.04    0.00    9.38    2.08    0.00    0.00    0.00    9.38   78.12
13:43:00       7    0.00    0.00    7.14    9.18    0.00    0.00    0.00   15.31   68.37
