Linux 3.2.0-39-generic (loadgen164) 	02/08/2013 	_x86_64_	(8 CPU)

03:36:55     CPU    %usr   %nice    %sys %iowait    %irq   %soft  %steal  %guest   %idle
03:36:56     all    0.38    0.00    0.13    0.00    0.00    0.00    0.00    0.00   99.50
03:36:56       0    0.00    0.00    0.00    0.00    0.00    0.00    0.00    0.00  100.00
03:36:56       1    4.00    0.00    0.00    0.00    0.00    0.00    0.00    0.00   96.00
03:36:56       2    0.00    0.00    0.00    0.00    0.00    0.00    0.00    0.00  100.00
03:36:56       3    0.00    0.00    0.00    0.00    0.00    0.00    0.00    0.00  100.00
03:36:56       4    0.00    0.00    0.00    0.00    0.00    0.00    0.00    0.00  100.00
03:36:56       5    0.00    0.00    0.00    0.00    0.00    0.00    0.00    0.00  100.00
03:36:56       6    0.00    0.00    0.00    0.00    0.00    0.00    0.00    0.00  100.00
03:36:56       7    0.00    0.00    0.00    0.00    0.00    0.00    0.00    0.00  100.00

03:36:56     CPU    %usr   %nice    %sys %iowait    %irq   %soft  %steal  %guest   %idle
03:36:57     all    0.13    0.00    0.25    0.00    0.00    0.00    0.00    0.00   99.62
03:36:57       0    0.00    0.00    0.00    0.00    0.00    0.00    0.00    0.00  100.00
03:36:57       1    0.00    0.00    0.00    0.00    0.00    0.00    0.00    0.00  100.00
03:36:57       2    0.00    0.00    0.00    0.00    0.00    0.00    0.00    0.00  100.00
03:36:57       3    0.00    0.00    0.00    0.00    0.00    0.00    0.00    0.00  100.00
03:36:57       4    0.00    0.00    2.02    0.00    0.00    0.00    0.00    0.00   97.98
03:36:57       5    0.00    0.00    0.00    0.00    0.00    0.00    0.00    0.00  100.00
03:36:57       6    1.00    0.00    0.00    0.00    0.00    0.00    0.00    0.00   99.00
03:36:57       7    0.00    0.00    0.00    0.00    0.00    0.00    0.00    0.00  100.00

03:36:57     CPU    %usr   %nice    %sys %iowait    %irq   %soft  %steal  %guest   %idle
03:36:58     all    0.00    0.00    0.25    0.00    0.00    0.00    0.00    0.00   99.75
03:36:58       0    0.00    0.00    0.00    0.00    0.00    0.00    0.00    0.00  100.00
03:36:58       1    0.00    0.00    0.00    0.00    0.00    0.00    0.00    0.00  100.00
03:36:58       2    0.00    0.00    0.00    0.00    0.00    0.00    0.00    0.00  100.00
03:36:58       3    0.00    0.00    0.00    0.00    0.00    0.00    0.00    0.00  100.00
03:36:58       4    0.00    0.00    2.02    0.00    0.00    0.00    0.00    0.00   97.98
03:36:58       5    0.00    0.00    0.00    0.00    0.00    0.00    0.00    0.00  100.00
03:36:58       6    0.00    0.00    0.00    0.00    0.00    0.00    0.00    0.00  100.00
03:36:58       7    0.00    0.00    0.00    0.00    0.00    0.00    0.00    0.00  100.00

03:36:58     CPU    %usr   %nice    %sys %iowait    %irq   %soft  %steal  %guest   %idle
03:36:59     all    0.00    0.00    0.25    0.00    0.00    0.00    0.00    0.00   99.75
03:36:59       0    0.00    0.00    0.00    0.00    0.00    0.00    0.00    0.00  100.00
03:36:59       1    0.00    0.00    0.00    0.00    0.00    0.00    0.00    0.00  100.00
03:36:59       2    0.00    0.00    0.00    0.00    0.00    0.00    0.00    0.00  100.00
03:36:59       3    0.00    0.00    0.00    0.00    0.00    0.00    0.00    0.00  100.00
03:36:59       4    0.99    0.00    1.98    0.00    0.00    0.00    0.00    0.00   97.03
03:36:59       5    0.00    0.00    0.00    0.00    0.00    0.00    0.00    0.00  100.00
03:36:59       6    0.00    0.00    0.00    0.00    0.00    0.00    0.00    0.00  100.00
03:36:59       7    0.00    0.00    0.00    0.00    0.00    0.00    0.00    0.00  100.00

03:36:59     CPU    %usr   %nice    %sys %iowait    %irq   %soft  %steal  %guest   %idle
03:37:00     all    0.00    0.00    0.25    0.00    0.00    0.00    0.00    0.00   99.75
03:37:00       0    0.00    0.00    0.00    0.00    0.00    0.00    0.00    0.00  100.00
03:37:00       1    0.00    0.00    0.00    0.00    0.00    0.00    0.00    0.00  100.00
03:37:00       2    0.00    0.00    0.00    0.00    0.00    0.00    0.00    0.00  100.00
03:37:00       3    0.00    0.00    0.00    0.00    0.00    0.00    0.00    0.00  100.00
03:37:00       4    0.00    0.00    3.00    0.00    0.00    0.00    0.00    0.00   97.00
03:37:00       5    0.00    0.00    0.00    0.00    0.00    0.00    0.00    0.00  100.00
03:37:00       6    0.00    0.00    0.00    0.00    0.00    0.00    0.00    0.00  100.00
03:37:00       7    0.00    0.00    0.00    0.00    0.00    0.00    0.00    0.00  100.00

03:37:00     CPU    %usr   %nice    %sys %iowait    %irq   %soft  %steal  %guest   %idle
03:37:01     all    0.12    0.00    0.25    0.00    0.00    0.00    0.00    0.00   99.62
03:37:01       0    0.00    0.00    0.00    0.00    0.00    0.00    0.00    0.00  100.00
03:37:01       1    0.00    0.00    0.00    0.00    0.00    0.00    0.00    0.00  100.00
03:37:01       2    0.00    0.00    0.00    0.00    0.00    0.00    0.00    0.00  100.00
03:37:01       3    0.00    0.00    0.00    0.00    0.00    0.00    0.00    0.00  100.00
03:37:01       4    1.00    0.00    2.00    0.00    0.00    0.00    0.00    0.00   97.00
03:37:01       5    0.00    0.00    0.00    0.00    0.00    0.00    0.00    0.00  100.00
03:37:01       6    0.00    0.00    0.00    0.00    0.00    0.00    0.00    0.00  100.00
03:37:01       7    0.00    0.00    0.00    0.00    0.00    0.00    0.00    0.00  100.00

03:37:01     CPU    %usr   %nice    %sys %iowait    %irq   %soft  %steal  %guest   %idle
03:37:02     all    0.00    0.00    0.38    0.00    0.00    0.12    0.00    0.00   99.50
03:37:02       0    0.00    0.00    0.00    0.00    0.00    0.00    0.00    0.00  100.00
03:37:02       1    0.00    0.00    0.00    0.00    0.00    0.00    0.00    0.00  100.00
03:37:02       2    0.00    0.00    0.00    0.00    0.00    0.00    0.00    0.00  100.00
03:37:02       3    0.00    0.00    0.00    0.00    0.00    0.00    0.00    0.00  100.00
03:37:02       4    0.00    0.00    2.97    0.00    0.00    0.00    0.00    0.00   97.03
03:37:02       5    0.00    0.00    0.00    0.00    0.00    0.00    0.00    0.00  100.00
03:37:02       6    0.00    0.00    0.00    0.00    0.00    0.00    0.00    0.00  100.00
03:37:02       7    0.00    0.00    0.00    0.00    0.00    0.00    0.00    0.00  100.00

03:37:02     CPU    %usr   %nice    %sys %iowait    %irq   %soft  %steal  %guest   %idle
03:37:03     all    0.13    0.00    0.25    0.00    0.00    0.00    0.00    0.00   99.62
03:37:03       0    0.00    0.00    0.00    0.00    0.00    0.00    0.00    0.00  100.00
03:37:03       1    0.00    0.00    0.00    0.00    0.00    0.00    0.00    0.00  100.00
03:37:03       2    0.00    0.00    0.00    0.00    0.00    0.00    0.00    0.00  100.00
03:37:03       3    0.00    0.00    0.00    0.00    0.00    0.00    0.00    0.00  100.00
03:37:03       4    0.00    0.00    2.02    0.00    0.00    0.00    0.00    0.00   97.98
03:37:03       5    0.00    0.00    0.00    0.00    0.00    0.00    0.00    0.00  100.00
03:37:03       6    0.00    0.00    0.00    0.00    0.00    0.00    0.00    1.01  100.00
03:37:03       7    0.00    0.00    0.00    0.00    0.00    0.00    0.00    0.00  100.00

03:37:03     CPU    %usr   %nice    %sys %iowait    %irq   %soft  %steal  %guest   %idle
03:37:04     all    0.00    0.00    0.25    0.00    0.00    0.00    0.00    0.00   99.75
03:37:04       0    0.00    0.00    0.00    0.00    0.00    0.00    0.00    0.00  100.00
03:37:04       1    0.00    0.00    0.00    0.00    0.00    0.00    0.00    0.00  100.00
03:37:04       2    0.00    0.00    0.00    0.00    0.00    0.00    0.00    0.00  100.00
03:37:04       3    0.00    0.00    0.00    0.00    0.00    0.00    0.00    0.00  100.00
03:37:04       4    0.00    0.00    2.02    0.00    0.00    0.00    0.00    0.00   97.98
03:37:04       5    0.00    0.00    0.00    0.00    0.00    0.00    0.00    0.00  100.00
03:37:04       6    0.00    0.00    0.00    0.00    0.00    0.00    0.00    0.00  100.00
03:37:04       7    0.00    0.00    0.00    0.00    0.00    0.00    0.00    0.00  100.00

03:37:04     CPU    %usr   %nice    %sys %iowait    %irq   %soft  %steal  %guest   %idle
03:37:05     all    0.13    0.00    0.88    0.00    0.00    0.00    0.00    0.00   99.00
03:37:05       0    0.00    0.00    0.00    0.00    0.00    0.00    0.00    0.00  100.00
03:37:05       1    0.00    0.00    0.00    0.00    0.00    0.00    0.00    0.00  100.00
03:37:05       2    0.00    0.00    1.01    0.00    0.00    0.00    0.00    0.00   98.99
03:37:05       3    0.99    0.00    1.98    0.00    0.00    0.00    0.00    0.00   97.03
03:37:05       4    0.00    0.00    1.01    0.00    0.00    0.00    0.00    0.00   98.99
03:37:05       5    0.00    0.00    0.00    0.00    0.00    0.00    0.00    0.00  100.00
03:37:05       6    0.00    0.00    1.01    0.00    0.00    0.00    0.00    0.00   98.99
03:37:05       7    0.00    0.00    0.00    0.00    0.00    0.00    0.00    0.00  100.00
