Linux 3.2.0-40-generic (loadgen162) 	02/08/2013 	_x86_64_	(8 CPU)

03:37:05     CPU    %usr   %nice    %sys %iowait    %irq   %soft  %steal  %guest   %idle
03:37:06     all    0.12    0.00    0.50    0.00    0.00    0.00    0.00    0.00   99.38
03:37:06       0    0.00    0.00    0.00    0.00    0.00    0.00    0.00    0.00  100.00
03:37:06       1    0.00    0.00    0.00    0.00    0.00    0.00    0.00    0.00  100.00
03:37:06       2    0.97    0.00    3.88    0.97    0.00    0.00    0.00    0.00   94.17
03:37:06       3    0.00    0.00    0.99    0.00    0.00    0.00    0.00    0.00   99.01
03:37:06       4    0.00    0.00    0.00    0.00    0.00    0.00    0.00    0.00  100.00
03:37:06       5    0.00    0.00    0.00    0.00    0.00    0.00    0.00    0.00  100.00
03:37:06       6    0.00    0.00    0.00    0.00    0.00    0.00    0.00    0.00  100.00
03:37:06       7    0.00    0.00    0.00    0.00    0.00    0.00    0.00    0.00  100.00

03:37:06     CPU    %usr   %nice    %sys %iowait    %irq   %soft  %steal  %guest   %idle
03:37:07     all    0.13    0.00    0.38    0.00    0.00    0.00    0.00   11.68   87.81
03:37:07       0    0.00    0.00    0.00    0.00    0.00    0.00    0.00   11.22   89.80
03:37:07       1    0.00    0.00    1.00    0.00    0.00    0.00    0.00    4.00   95.00
03:37:07       2    1.00    0.00    2.00    0.00    0.00    0.00    0.00    0.00   97.00
03:37:07       3    0.00    0.00    0.00    0.00    0.00    0.00    0.00   10.00   90.00
03:37:07       4    0.00    0.00    0.00    0.00    0.00    0.00    0.00   22.22   77.78
03:37:07       5    1.01    0.00    0.00    0.00    0.00    0.00    0.00   23.23   75.76
03:37:07       6    0.00    0.00    0.00    0.00    0.00    0.00    0.00    0.00  100.00
03:37:07       7    0.00    0.00    0.00    0.00    0.00    0.00    0.00   23.23   76.77

03:37:07     CPU    %usr   %nice    %sys %iowait    %irq   %soft  %steal  %guest   %idle
03:37:08     all    0.12    0.00    0.50    0.00    0.00    0.00    0.00   49.19   50.19
03:37:08       0    0.00    0.00    0.00    0.00    0.00    0.00    0.00   98.04    1.96
03:37:08       1    0.00    0.00    0.00    0.00    0.00    0.00    0.00    0.00  100.00
03:37:08       2    1.01    0.00    1.01    0.00    0.00    0.00    0.00    0.00   97.98
03:37:08       3    0.00    0.00    1.00    0.00    0.00    0.00    0.00    0.00   99.00
03:37:08       4    0.99    0.00    0.00    0.00    0.00    0.00    0.00   97.03    1.98
03:37:08       5    0.00    0.00    0.99    0.00    0.00    0.00    0.00   97.03    1.98
03:37:08       6    0.00    0.00    0.00    0.00    0.00    0.00    0.00    0.00  100.00
03:37:08       7    0.00    0.00    0.99    0.00    0.00    0.00    0.00   97.03    1.98

03:37:08     CPU    %usr   %nice    %sys %iowait    %irq   %soft  %steal  %guest   %idle
03:37:09     all    0.00    0.00    0.88    0.13    0.00    0.00    0.00   49.31   49.69
03:37:09       0    0.00    0.00    1.01    0.00    0.00    0.00    0.00   98.99    0.00
03:37:09       1    0.00    0.00    0.00    0.99    0.00    0.00    0.00    0.00   99.01
03:37:09       2    0.00    0.00    2.02    0.00    0.00    0.00    0.00    0.00   97.98
03:37:09       3    0.00    0.00    0.00    0.00    0.00    0.00    0.00    0.00  100.00
03:37:09       4    0.00    0.00    1.01    0.00    0.00    0.00    0.00   98.99    0.00
03:37:09       5    0.00    0.00    1.01    0.00    0.00    0.00    0.00  100.00    0.00
03:37:09       6    0.00    0.00    0.00    0.00    0.00    0.00    0.00    0.00  100.00
03:37:09       7    0.00    0.00    1.00    0.00    0.00    0.00    0.00   99.00    0.00

03:37:09     CPU    %usr   %nice    %sys %iowait    %irq   %soft  %steal  %guest   %idle
03:37:10     all    0.13    0.00    1.51    0.00    0.00    0.00    0.00   48.99   49.37
03:37:10       0    1.00    0.00    1.00    0.00    0.00    0.00    0.00   98.00    0.00
03:37:10       1    0.00    0.00    0.00    0.00    0.00    0.00    0.00    0.00  100.00
03:37:10       2    1.00    0.00    2.00    0.00    0.00    0.00    0.00    0.00   97.00
03:37:10       3    0.00    0.00    0.99    0.00    0.00    0.00    0.00    0.00   99.01
03:37:10       4    0.00    0.00    3.03    0.00    0.00    0.00    0.00   97.98    0.00
03:37:10       5    1.00    0.00    2.00    0.00    0.00    0.00    0.00   97.00    0.00
03:37:10       6    0.00    0.00    0.00    0.00    0.00    0.00    0.00    0.00  100.00
03:37:10       7    0.00    0.00    2.02    0.00    0.00    0.00    0.00   97.98    0.00

03:37:10     CPU    %usr   %nice    %sys %iowait    %irq   %soft  %steal  %guest   %idle
03:37:11     all    0.38    0.00    1.51    1.13    0.00    0.00    0.00   48.99   47.99
03:37:11       0    0.00    0.00    3.00    0.00    0.00    0.00    0.00   98.00    0.00
03:37:11       1    0.00    0.00    0.00    4.04    0.00    0.00    0.00    0.00   95.96
03:37:11       2    2.02    0.00    0.00    2.02    0.00    0.00    0.00    0.00   95.96
03:37:11       3    1.02    0.00    0.00    0.00    0.00    0.00    0.00    0.00   98.98
03:37:11       4    0.00    0.00    1.98    0.00    0.00    0.00    0.00   98.02    0.00
03:37:11       5    0.00    0.00    3.00    0.00    0.00    0.00    0.00   97.00    0.00
03:37:11       6    0.00    0.00    2.00    3.00    0.00    0.00    0.00    0.00   95.00
03:37:11       7    0.00    0.00    3.96    0.00    0.00    0.00    0.00   96.04    0.00

03:37:11     CPU    %usr   %nice    %sys %iowait    %irq   %soft  %steal  %guest   %idle
03:37:12     all    0.00    0.00    0.75    0.00    0.00    0.00    0.00   37.06   62.19
03:37:12       0    1.00    0.00    1.00    0.00    0.00    0.00    0.00   84.00   14.00
03:37:12       1    0.00    0.00    1.00    0.00    0.00    0.00    0.00    0.00   99.00
03:37:12       2    0.00    0.00    0.00    0.00    0.00    0.00    0.00    0.00  100.00
03:37:12       3    0.00    0.00    0.00    0.00    0.00    0.00    0.00    0.00  100.00
03:37:12       4    0.00    0.00    1.00    0.00    0.00    0.00    0.00   71.00   28.00
03:37:12       5    0.00    0.00    0.99    0.00    0.00    0.00    0.00   71.29   28.71
03:37:12       6    0.00    0.00    2.02    0.00    0.00    0.00    0.00    1.01   96.97
03:37:12       7    0.00    0.00    0.00    0.00    0.00    0.00    0.00   67.68   32.32

03:37:12     CPU    %usr   %nice    %sys %iowait    %irq   %soft  %steal  %guest   %idle
03:37:13     all    0.00    0.00    0.63    0.00    0.00    0.00    0.00   13.35   86.02
03:37:13       0    0.00    0.00    1.00    0.00    0.00    0.00    0.00   20.00   80.00
03:37:13       1    0.00    0.00    0.00    0.00    0.00    0.00    0.00    4.04   95.96
03:37:13       2    0.00    0.00    2.04    0.00    0.00    0.00    0.00   11.22   86.73
03:37:13       3    0.00    0.00    1.00    0.00    0.00    0.00    0.00   10.00   90.00
03:37:13       4    0.00    0.00    0.00    0.00    0.00    0.00    0.00   11.11   88.89
03:37:13       5    1.00    0.00    0.00    0.00    0.00    0.00    0.00    1.00   98.00
03:37:13       6    1.01    0.00    1.01    0.00    0.00    0.00    0.00   12.12   85.86
03:37:13       7    0.00    0.00    0.00    0.00    0.00    0.00    0.00   38.00   62.00
