Linux 3.2.0-39-generic (loadgen167) 	02/08/2013 	_x86_64_	(8 CPU)

03:37:14     CPU    %usr   %nice    %sys %iowait    %irq   %soft  %steal  %guest   %idle
03:37:15     all    1.51    0.00    1.26    0.00    0.00    0.00    0.00    0.00   97.24
03:37:15       0    0.00    0.00    1.00    0.00    0.00    0.00    0.00    0.00   99.00
03:37:15       1    0.00    0.00    1.00    0.00    0.00    0.00    0.00    0.00   99.00
03:37:15       2    2.04    0.00    0.00    0.00    0.00    0.00    0.00    0.00   97.96
03:37:15       3    7.07    0.00    5.05    0.00    0.00    0.00    0.00    0.00   87.88
03:37:15       4    1.01    0.00    1.01    0.00    0.00    0.00    0.00    0.00   97.98
03:37:15       5    0.00    0.00    3.06    0.00    0.00    0.00    0.00    0.00   96.94
03:37:15       6    0.00    0.00    0.00    0.00    0.00    0.00    0.00    0.00  100.00
03:37:15       7    0.00    0.00    1.00    0.00    0.00    0.00    0.00    0.00   99.00

03:37:15     CPU    %usr   %nice    %sys %iowait    %irq   %soft  %steal  %guest   %idle
03:37:16     all    1.51    0.00    1.13    0.00    0.00    0.00    0.00    0.13   97.23
03:37:16       0    0.00    0.00    0.00    0.00    0.00    0.00    0.00    1.01   98.99
03:37:16       1    0.00    0.00    0.00    0.00    0.00    0.00    0.00    0.00  100.00
03:37:16       2    0.00    0.00    0.00    0.00    0.00    0.00    0.00    0.00  100.00
03:37:16       3    7.07    0.00    4.04    0.00    0.00    0.00    0.00    0.00   88.89
03:37:16       4    4.00    0.00    0.00    0.00    0.00    0.00    0.00    0.00   96.00
03:37:16       5    0.99    0.00    3.96    0.00    0.00    0.00    0.00    0.00   95.05
03:37:16       6    0.00    0.00    0.00    0.00    0.00    0.00    0.00    1.01  100.00
03:37:16       7    0.00    0.00    0.00    0.00    0.00    0.00    0.00    0.00  100.00

03:37:16     CPU    %usr   %nice    %sys %iowait    %irq   %soft  %steal  %guest   %idle
03:37:17     all    1.25    0.00    1.13    0.00    0.00    0.00    0.00    0.00   97.62
03:37:17       0    0.99    0.00    0.00    0.00    0.00    0.00    0.00    0.00   99.01
03:37:17       1    1.01    0.00    0.00    0.00    0.00    0.00    0.00    0.00   98.99
03:37:17       2    0.00    0.00    0.00    0.00    0.00    0.00    0.00    0.00  100.00
03:37:17       3    6.00    0.00    4.00    0.00    0.00    0.00    0.00    0.00   90.00
03:37:17       4    2.04    0.00    0.00    0.00    0.00    0.00    0.00    0.00   97.96
03:37:17       5    1.00    0.00    3.00    0.00    0.00    0.00    0.00    0.00   96.00
03:37:17       6    0.00    0.00    0.00    0.00    0.00    0.00    0.00    0.00  100.00
03:37:17       7    0.00    0.00    0.00    0.00    0.00    0.00    0.00    0.00  100.00

03:37:17     CPU    %usr   %nice    %sys %iowait    %irq   %soft  %steal  %guest   %idle
03:37:18     all    1.26    0.00    1.26    0.00    0.00    0.00    0.00    0.00   97.48
03:37:18       0    0.00    0.00    0.00    0.00    0.00    0.00    0.00    0.00  100.00
03:37:18       1    0.00    0.00    0.00    0.00    0.00    0.00    0.00    0.00  100.00
03:37:18       2    6.93    0.00    3.96    0.00    0.00    0.00    0.00    0.00   89.11
03:37:18       3    3.00    0.00    4.00    0.00    0.00    0.00    0.00    0.00   93.00
03:37:18       4    0.99    0.00    0.99    0.00    0.00    0.00    0.00    0.00   98.02
03:37:18       5    0.00    0.00    3.00    0.00    0.00    0.00    0.00    0.00   97.00
03:37:18       6    0.00    0.00    0.00    0.00    0.00    0.00    0.00    0.00  100.00
03:37:18       7    0.00    0.00    0.00    0.00    0.00    0.00    0.00    0.00  100.00

03:37:18     CPU    %usr   %nice    %sys %iowait    %irq   %soft  %steal  %guest   %idle
03:37:19     all    1.25    0.00    1.25    0.00    0.00    0.00    0.00    0.00   97.49
03:37:19       0    0.00    0.00    0.00    0.00    0.00    0.00    0.00    0.00  100.00
03:37:19       1    0.00    0.00    1.00    0.00    0.00    0.00    0.00    0.00   99.00
03:37:19       2    3.03    0.00    3.03    0.00    0.00    0.00    0.00    0.00   93.94
03:37:19       3    5.00    0.00    3.00    0.00    0.00    0.00    0.00    0.00   92.00
03:37:19       4    1.00    0.00    0.00    0.00    0.00    0.00    0.00    0.00   99.00
03:37:19       5    0.00    0.00    3.00    0.00    0.00    0.00    0.00    0.00   97.00
03:37:19       6    0.00    0.00    0.00    0.00    0.00    0.00    0.00    0.00  100.00
03:37:19       7    0.00    0.00    0.00    0.00    0.00    0.00    0.00    0.00  100.00

03:37:19     CPU    %usr   %nice    %sys %iowait    %irq   %soft  %steal  %guest   %idle
03:37:20     all    1.01    0.00    1.01    0.00    0.00    0.00    0.00    0.00   97.99
03:37:20       0    0.00    0.00    0.00    0.00    0.00    0.00    0.00    0.00  100.00
03:37:20       1    0.00    0.00    0.00    0.00    0.00    0.00    0.00    0.00  100.00
03:37:20       2    2.00    0.00    1.00    0.00    0.00    0.00    0.00    0.00   97.00
03:37:20       3    6.06    0.00    3.03    0.00    0.00    0.00    0.00    0.00   90.91
03:37:20       4    0.00    0.00    0.00    0.00    0.00    0.00    0.00    0.00  100.00
03:37:20       5    0.00    0.00    3.03    0.00    0.00    0.00    0.00    0.00   96.97
03:37:20       6    0.00    0.00    0.00    0.00    0.00    0.00    0.00    0.00  100.00
03:37:20       7    0.00    0.00    0.00    0.00    0.00    0.00    0.00    0.00  100.00

03:37:20     CPU    %usr   %nice    %sys %iowait    %irq   %soft  %steal  %guest   %idle
03:37:21     all    1.00    0.00    1.25    0.00    0.00    0.00    0.00    0.00   97.74
03:37:21       0    0.00    0.00    0.00    0.00    0.00    0.00    0.00    0.00  100.00
03:37:21       1    0.00    0.00    1.01    0.00    0.00    0.00    0.00    0.00   98.99
03:37:21       2    2.04    0.00    1.02    0.00    0.00    0.00    0.00    0.00   96.94
03:37:21       3    4.08    0.00    1.02    0.00    0.00    0.00    0.00    0.00   94.90
03:37:21       4    1.01    0.00    1.01    0.00    0.00    0.00    0.00    0.00   97.98
03:37:21       5    0.00    0.00    4.00    0.00    0.00    0.00    0.00    0.00   96.00
03:37:21       6    0.00    0.00    0.99    0.00    0.00    0.00    0.00    0.00   99.01
03:37:21       7    0.00    0.00    0.99    0.00    0.00    0.00    0.00    0.00   99.01

03:37:21     CPU    %usr   %nice    %sys %iowait    %irq   %soft  %steal  %guest   %idle
03:37:22     all    0.88    0.00    1.01    0.00    0.00    0.00    0.00    0.00   98.11
03:37:22       0    0.00    0.00    0.00    0.00    0.00    0.00    0.00    0.00  100.00
03:37:22       1    0.00    0.00    0.00    0.00    0.00    0.00    0.00    0.00  100.00
03:37:22       2    3.96    0.00    2.97    0.00    0.00    0.00    0.00    0.00   93.07
03:37:22       3    3.00    0.00    3.00    0.00    0.00    0.00    0.00    0.00   94.00
03:37:22       4    0.00    0.00    0.00    0.00    0.00    0.00    0.00    0.00  100.00
03:37:22       5    0.00    0.00    3.03    0.00    0.00    0.00    0.00    0.00   96.97
03:37:22       6    1.00    0.00    0.00    0.00    0.00    0.00    0.00    0.00   99.00
03:37:22       7    0.00    0.00    0.00    0.00    0.00    0.00    0.00    0.00  100.00

03:37:22     CPU    %usr   %nice    %sys %iowait    %irq   %soft  %steal  %guest   %idle
03:37:23     all    0.88    0.00    1.13    0.00    0.00    0.13    0.00    0.13   97.74
03:37:23       0    0.00    0.00    0.99    0.00    0.00    0.00    0.00    0.00   99.01
03:37:23       1    0.00    0.00    0.00    0.00    0.00    0.00    0.00    0.00  100.00
03:37:23       2    0.00    0.00    0.00    0.00    0.00    0.00    0.00    0.00  100.00
03:37:23       3    7.07    0.00    4.04    0.00    0.00    0.00    0.00    0.00   88.89
03:37:23       4    0.00    0.00    0.00    0.00    0.00    0.00    0.00    0.00  100.00
03:37:23       5    0.00    0.00    4.95    0.00    0.00    0.00    0.00    0.00   95.05
03:37:23       6    0.00    0.00    0.00    0.00    0.00    0.00    0.00    0.00  100.00
03:37:23       7    0.00    0.00    0.00    0.00    0.00    0.00    0.00    0.00  100.00

03:37:23     CPU    %usr   %nice    %sys %iowait    %irq   %soft  %steal  %guest   %idle
03:37:24     all    1.25    0.00    0.75    0.00    0.00    0.00    0.00    0.00   97.99
03:37:24       0    0.00    0.00    0.00    0.00    0.00    0.00    0.00    0.00  100.00
03:37:24       1    0.00    0.00    0.00    0.00    0.00    0.00    0.00    0.00  100.00
03:37:24       2    5.00    0.00    2.00    0.00    0.00    0.00    0.00    0.00   93.00
03:37:24       3    4.00    0.00    2.00    0.00    0.00    0.00    0.00    0.00   94.00
03:37:24       4    1.00    0.00    0.00    0.00    0.00    0.00    0.00    0.00   99.00
03:37:24       5    1.01    0.00    1.01    0.00    0.00    0.00    0.00    0.00   97.98
03:37:24       6    0.00    0.00    0.00    0.00    0.00    0.00    0.00    0.00  100.00
03:37:24       7    0.00    0.00    1.00    0.00    0.00    0.00    0.00    0.00   99.00

03:37:24     CPU    %usr   %nice    %sys %iowait    %irq   %soft  %steal  %guest   %idle
03:37:25     all    0.88    0.00    0.75    0.00    0.00    0.00    0.00    0.00   98.37
03:37:25       0    0.00    0.00    0.00    0.00    0.00    0.00    0.00    0.00  100.00
03:37:25       1    0.00    0.00    0.00    0.00    0.00    0.00    0.00    0.00  100.00
03:37:25       2    3.03    0.00    2.02    0.00    0.00    0.00    0.00    0.00   94.95
03:37:25       3    2.00    0.00    1.00    0.00    0.00    0.00    0.00    0.00   97.00
03:37:25       4    0.00    0.00    0.00    0.00    0.00    0.00    0.00    0.00  100.00
03:37:25       5    0.00    0.00    0.00    0.00    0.00    0.00    0.00    0.00  100.00
03:37:25       6    0.00    0.00    0.00    0.00    0.00    0.00    0.00    0.00  100.00
03:37:25       7    1.01    0.00    2.02    0.00    0.00    0.00    0.00    0.00   96.97

03:37:25     CPU    %usr   %nice    %sys %iowait    %irq   %soft  %steal  %guest   %idle
03:37:26     all    0.75    0.00    0.87    0.00    0.00    0.00    0.00    0.00   98.38
03:37:26       0    0.00    0.00    0.00    0.00    0.00    0.00    0.00    0.00  100.00
03:37:26       1    0.00    0.00    0.00    0.00    0.00    0.00    0.00    0.00  100.00
03:37:26       2    0.00    0.00    1.98    0.00    0.00    0.00    0.00    0.00   98.02
03:37:26       3    1.02    0.00    0.00    0.00    0.00    0.00    0.00    0.00   98.98
03:37:26       4    4.00    0.00    0.00    0.00    0.00    0.00    0.00    0.00   96.00
03:37:26       5    0.99    0.00    0.99    0.00    0.00    0.00    0.00    0.00   98.02
03:37:26       6    0.00    0.00    0.00    0.00    0.00    0.00    0.00    0.00  100.00
03:37:26       7    0.99    0.00    2.97    0.00    0.00    0.00    0.00    0.00   96.04
