Linux 3.2.0-39-generic (loadgen168) 	02/08/2013 	_x86_64_	(8 CPU)

03:37:25     CPU    %usr   %nice    %sys %iowait    %irq   %soft  %steal  %guest   %idle
03:37:26     all    0.38    0.00    0.38    0.00    0.00    0.00    0.00    0.00   99.25
03:37:26       0    0.00    0.00    0.00    0.00    0.00    0.00    0.00    0.00  100.00
03:37:26       1    0.00    0.00    0.00    0.00    0.00    0.00    0.00    0.00  100.00
03:37:26       2    0.00    0.00    0.00    0.00    0.00    0.00    0.00    0.00  100.00
03:37:26       3    0.00    0.00    1.00    0.00    0.00    0.00    0.00    0.00   99.00
03:37:26       4    3.00    0.00    0.00    0.00    0.00    0.00    0.00    0.00   97.00
03:37:26       5    0.00    0.00    3.09    0.00    0.00    0.00    0.00    0.00   96.91
03:37:26       6    0.00    0.00    0.00    0.00    0.00    0.00    0.00    0.00  100.00
03:37:26       7    0.00    0.00    0.00    0.00    0.00    0.00    0.00    0.00  100.00

03:37:26     CPU    %usr   %nice    %sys %iowait    %irq   %soft  %steal  %guest   %idle
03:37:27     all    1.25    0.00    0.63    0.00    0.00    0.00    0.00    0.00   98.12
03:37:27       0    0.00    0.00    1.00    0.00    0.00    0.00    0.00    0.00   99.00
03:37:27       1    0.00    0.00    1.00    0.00    0.00    0.00    0.00    0.00   99.00
03:37:27       2    5.05    0.00    1.01    0.00    0.00    0.00    0.00    0.00   93.94
03:37:27       3    4.00    0.00    1.00    0.00    0.00    0.00    0.00    0.00   95.00
03:37:27       4    0.00    0.00    0.00    0.00    0.00    0.00    0.00    0.00  100.00
03:37:27       5    1.01    0.00    2.02    0.00    0.00    0.00    0.00    0.00   96.97
03:37:27       6    0.00    0.00    0.00    0.00    0.00    0.00    0.00    0.00  100.00
03:37:27       7    0.00    0.00    0.00    0.00    0.00    0.00    0.00    0.00  100.00

03:37:27     CPU    %usr   %nice    %sys %iowait    %irq   %soft  %steal  %guest   %idle
03:37:28     all    1.25    0.00    0.88    0.00    0.00    0.00    0.00    0.00   97.87
03:37:28       0    0.00    0.00    1.00    0.00    0.00    0.00    0.00    0.00   99.00
03:37:28       1    0.00    0.00    1.01    0.00    0.00    0.00    0.00    0.00   98.99
03:37:28       2    0.00    0.00    1.00    0.00    0.00    0.00    0.00    0.00   99.00
03:37:28       3    8.00    0.00    3.00    0.00    0.00    0.00    0.00    0.00   89.00
03:37:28       4    2.00    0.00    0.00    0.00    0.00    0.00    0.00    0.00   98.00
03:37:28       5    0.00    0.00    3.00    0.00    0.00    0.00    0.00    0.00   97.00
03:37:28       6    0.00    0.00    0.00    0.00    0.00    0.00    0.00    0.00  100.00
03:37:28       7    0.00    0.00    0.00    0.00    0.00    0.00    0.00    0.00  100.00

03:37:28     CPU    %usr   %nice    %sys %iowait    %irq   %soft  %steal  %guest   %idle
03:37:29     all    1.01    0.00    1.13    0.00    0.00    0.00    0.00    0.00   97.86
03:37:29       0    0.00    0.00    0.00    0.00    0.00    0.00    0.00    0.00  100.00
03:37:29       1    0.00    0.00    0.00    0.00    0.00    0.00    0.00    0.00  100.00
03:37:29       2    1.00    0.00    2.00    0.00    0.00    0.00    0.00    0.00   97.00
03:37:29       3    7.00    0.00    3.00    0.00    0.00    0.00    0.00    0.00   90.00
03:37:29       4    0.00    0.00    0.00    0.00    0.00    0.00    0.00    0.00  100.00
03:37:29       5    0.00    0.00    0.00    0.00    0.00    0.00    0.00    0.00  100.00
03:37:29       6    0.00    0.00    0.00    0.00    0.00    0.00    0.00    0.00  100.00
03:37:29       7    0.00    0.00    3.00    0.00    0.00    0.00    0.00    0.00   97.00

03:37:29     CPU    %usr   %nice    %sys %iowait    %irq   %soft  %steal  %guest   %idle
03:37:30     all    1.01    0.00    1.01    0.00    0.00    0.00    0.00    0.00   97.99
03:37:30       0    0.00    0.00    0.00    0.00    0.00    0.00    0.00    0.00  100.00
03:37:30       1    0.00    0.00    0.00    0.00    0.00    0.00    0.00    0.00  100.00
03:37:30       2    3.00    0.00    2.00    0.00    0.00    0.00    0.00    0.00   95.00
03:37:30       3    4.08    0.00    4.08    0.00    0.00    0.00    0.00    0.00   91.84
03:37:30       4    0.00    0.00    0.00    0.00    0.00    0.00    0.00    0.00  100.00
03:37:30       5    1.00    0.00    0.00    0.00    0.00    0.00    0.00    0.00   99.00
03:37:30       6    0.00    0.00    0.00    0.00    0.00    0.00    0.00    0.00  100.00
03:37:30       7    0.99    0.00    2.97    0.00    0.00    0.00    0.00    0.00   96.04

03:37:30     CPU    %usr   %nice    %sys %iowait    %irq   %soft  %steal  %guest   %idle
03:37:31     all    0.75    0.00    1.63    0.00    0.00    0.00    0.00    0.00   97.62
03:37:31       0    0.00    0.00    0.00    0.00    0.00    0.00    0.00    0.00  100.00
03:37:31       1    0.00    0.00    0.00    0.00    0.00    0.00    0.00    0.00  100.00
03:37:31       2    3.03    0.00    5.05    0.00    0.00    0.00    0.00    0.00   91.92
03:37:31       3    2.97    0.00    3.96    0.00    0.00    0.00    0.00    0.00   93.07
03:37:31       4    0.00    0.00    0.00    0.00    0.00    0.00    0.00    0.00  100.00
03:37:31       5    0.00    0.00    0.00    0.00    0.00    0.00    0.00    0.00  100.00
03:37:31       6    0.00    0.00    0.00    0.00    0.00    0.00    0.00    0.00  100.00
03:37:31       7    0.00    0.00    3.03    0.00    0.00    0.00    0.00    0.00   96.97

03:37:31     CPU    %usr   %nice    %sys %iowait    %irq   %soft  %steal  %guest   %idle
03:37:32     all    1.51    0.00    1.25    0.00    0.00    0.00    0.00    0.00   97.24
03:37:32       0    0.00    0.00    0.00    0.00    0.00    0.00    0.00    0.00  100.00
03:37:32       1    0.00    0.00    2.00    0.00    0.00    0.00    0.00    0.00   98.00
03:37:32       2    1.00    0.00    0.00    0.00    0.00    0.00    0.00    0.00   99.00
03:37:32       3    9.09    0.00    5.05    0.00    0.00    0.00    0.00    0.00   85.86
03:37:32       4    1.01    0.00    0.00    0.00    0.00    0.00    0.00    0.00   98.99
03:37:32       5    0.00    0.00    1.00    0.00    0.00    0.00    0.00    0.00   99.00
03:37:32       6    0.00    0.00    0.00    0.00    0.00    0.00    0.00    0.00  100.00
03:37:32       7    0.00    0.00    1.98    0.00    0.00    0.00    0.00    0.00   98.02

03:37:32     CPU    %usr   %nice    %sys %iowait    %irq   %soft  %steal  %guest   %idle
03:37:33     all    1.01    0.00    1.13    0.00    0.00    0.00    0.00    0.00   97.86
03:37:33       0    0.00    0.00    0.00    0.00    0.00    0.00    0.00    0.00  100.00
03:37:33       1    0.00    0.00    0.00    0.00    0.00    0.00    0.00    0.00  100.00
03:37:33       2    4.04    0.00    5.05    0.00    0.00    0.00    0.00    0.00   90.91
03:37:33       3    2.00    0.00    3.00    0.00    0.00    0.00    0.00    0.00   95.00
03:37:33       4    1.00    0.00    0.00    0.00    0.00    0.00    0.00    0.00   99.00
03:37:33       5    0.00    0.00    0.00    0.00    0.00    0.00    0.00    0.00  100.00
03:37:33       6    0.00    0.00    0.00    0.00    0.00    0.00    0.00    0.00  100.00
03:37:33       7    0.00    0.00    0.00    0.00    0.00    0.00    0.00    0.00  100.00

03:37:33     CPU    %usr   %nice    %sys %iowait    %irq   %soft  %steal  %guest   %idle
03:37:34     all    0.88    0.00    1.13    0.00    0.00    0.00    0.00    0.00   97.99
03:37:34       0    0.00    0.00    0.00    0.00    0.00    0.00    0.00    0.00  100.00
03:37:34       1    0.00    0.00    0.00    0.00    0.00    0.00    0.00    0.00  100.00
03:37:34       2    0.00    0.00    1.00    0.00    0.00    0.00    0.00    0.00   99.00
03:37:34       3    7.07    0.00    5.05    0.00    0.00    0.00    0.00    0.00   87.88
03:37:34       4    0.00    0.00    0.00    0.00    0.00    0.00    0.00    0.00  100.00
03:37:34       5    0.00    0.00    3.03    0.00    0.00    0.00    0.00    0.00   96.97
03:37:34       6    0.00    0.00    0.00    0.00    0.00    0.00    0.00    0.00  100.00
03:37:34       7    0.00    0.00    0.00    0.00    0.00    0.00    0.00    0.00  100.00

03:37:34     CPU    %usr   %nice    %sys %iowait    %irq   %soft  %steal  %guest   %idle
03:37:35     all    0.88    0.00    1.01    0.00    0.00    0.00    0.00    0.00   98.11
03:37:35       0    0.00    0.00    0.00    0.00    0.00    0.00    0.00    0.00  100.00
03:37:35       1    0.00    0.00    1.01    0.00    0.00    0.00    0.00    0.00   98.99
03:37:35       2    0.00    0.00    0.00    0.00    0.00    0.00    0.00    0.00  100.00
03:37:35       3    7.00    0.00    5.00    0.00    0.00    0.00    0.00    0.00   88.00
03:37:35       4    0.00    0.00    0.00    0.00    0.00    0.00    0.00    0.00  100.00
03:37:35       5    1.01    0.00    2.02    0.00    0.00    0.00    0.00    0.00   96.97
03:37:35       6    0.00    0.00    0.99    0.00    0.00    0.00    0.00    0.00   99.01
03:37:35       7    0.00    0.00    0.00    0.00    0.00    0.00    0.00    0.00  100.00

03:37:35     CPU    %usr   %nice    %sys %iowait    %irq   %soft  %steal  %guest   %idle
03:37:36     all    1.51    0.00    0.88    0.00    0.00    0.00    0.00    0.00   97.61
03:37:36       0    0.00    0.00    0.00    0.00    0.00    0.00    0.00    0.00  100.00
03:37:36       1    0.00    0.00    0.00    0.00    0.00    0.00    0.00    0.00  100.00
03:37:36       2    3.96    0.00    0.99    0.00    0.00    0.00    0.00    0.00   95.05
03:37:36       3    6.06    0.00    3.03    0.00    0.00    0.00    0.00    0.00   90.91
03:37:36       4    2.02    0.00    0.00    0.00    0.00    0.00    0.00    0.00   97.98
03:37:36       5    1.00    0.00    2.00    0.00    0.00    0.00    0.00    0.00   97.00
03:37:36       6    0.00    0.00    0.00    0.00    0.00    0.00    0.00    0.00  100.00
03:37:36       7    0.00    0.00    0.00    0.00    0.00    0.00    0.00    0.00  100.00

03:37:36     CPU    %usr   %nice    %sys %iowait    %irq   %soft  %steal  %guest   %idle
03:37:37     all    1.00    0.00    1.25    0.00    0.00    0.00    0.00    0.00   97.74
03:37:37       0    0.00    0.00    0.00    0.00    0.00    0.00    0.00    0.00  100.00
03:37:37       1    0.00    0.00    0.00    0.00    0.00    0.00    0.00    0.00  100.00
03:37:37       2    3.03    0.00    3.03    0.00    0.00    0.00    0.00    0.00   93.94
03:37:37       3    3.00    0.00    4.00    0.00    0.00    0.00    0.00    0.00   93.00
03:37:37       4    0.99    0.00    0.00    0.00    0.00    0.00    0.00    0.00   99.01
03:37:37       5    1.00    0.00    3.00    0.00    0.00    0.00    0.00    0.00   96.00
03:37:37       6    0.00    0.00    0.00    0.00    0.00    0.00    0.00    0.00  100.00
03:37:37       7    0.00    0.00    0.00    0.00    0.00    0.00    0.00    0.00  100.00
