Linux 3.2.0-40-generic (loadgen166) 	02/08/2013 	_x86_64_	(8 CPU)

03:37:04     CPU    %usr   %nice    %sys %iowait    %irq   %soft  %steal  %guest   %idle
03:37:05     all    0.13    0.00    0.38    0.00    0.00    0.00    0.00    0.00   99.50
03:37:05       0    0.00    0.00    0.00    0.00    0.00    0.00    0.00    0.00  100.00
03:37:05       1    0.00    0.00    0.00    0.00    0.00    0.00    0.00    0.00  100.00
03:37:05       2    0.00    0.00    0.00    0.00    0.00    0.00    0.00    0.00  100.00
03:37:05       3    0.00    0.00    0.00    0.00    0.00    0.00    0.00    0.00  100.00
03:37:05       4    0.00    0.00    1.00    0.00    0.00    0.00    0.00    0.00   99.00
03:37:05       5    1.00    0.00    2.00    0.00    0.00    0.00    0.00    0.00   97.00
03:37:05       6    0.00    0.00    0.00    0.00    0.00    0.00    0.00    0.00  100.00
03:37:05       7    0.00    0.00    0.00    0.00    0.00    0.00    0.00    0.00  100.00

03:37:05     CPU    %usr   %nice    %sys %iowait    %irq   %soft  %steal  %guest   %idle
03:37:06     all    0.50    0.00    0.38    0.00    0.00    0.00    0.00    0.00   99.12
03:37:06       0    4.00    0.00    0.00    0.00    0.00    0.00    0.00    0.00   96.00
03:37:06       1    0.00    0.00    0.00    0.00    0.00    0.00    0.00    0.00  100.00
03:37:06       2    0.00    0.00    0.00    0.00    0.00    0.00    0.00    0.00  100.00
03:37:06       3    0.00    0.00    0.00    0.00    0.00    0.00    0.00    0.00  100.00
03:37:06       4    0.00    0.00    0.00    0.00    0.00    0.00    0.00    0.00  100.00
03:37:06       5    0.00    0.00    3.00    0.00    0.00    0.00    0.00    0.00   97.00
03:37:06       6    0.00    0.00    0.00    0.00    0.00    0.00    0.00    0.00  100.00
03:37:06       7    0.00    0.00    0.00    0.00    0.00    0.00    0.00    0.00  100.00

03:37:06     CPU    %usr   %nice    %sys %iowait    %irq   %soft  %steal  %guest   %idle
03:37:07     all    0.00    0.00    0.38    0.00    0.00    0.00    0.00    0.00   99.62
03:37:07       0    0.00    0.00    0.00    0.00    0.00    0.00    0.00    0.00  100.00
03:37:07       1    0.00    0.00    0.00    0.00    0.00    0.00    0.00    0.00  100.00
03:37:07       2    0.00    0.00    0.00    0.00    0.00    0.00    0.00    0.00  100.00
03:37:07       3    0.00    0.00    0.00    0.00    0.00    0.00    0.00    0.00  100.00
03:37:07       4    0.00    0.00    0.00    0.00    0.00    0.00    0.00    0.00  100.00
03:37:07       5    0.00    0.00    3.00    0.00    0.00    0.00    0.00    0.00   97.00
03:37:07       6    0.00    0.00    0.00    0.00    0.00    0.00    0.00    0.00  100.00
03:37:07       7    0.00    0.00    0.00    0.00    0.00    0.00    0.00    0.00  100.00

03:37:07     CPU    %usr   %nice    %sys %iowait    %irq   %soft  %steal  %guest   %idle
03:37:08     all    0.00    0.00    0.38    0.00    0.00    0.00    0.00    0.00   99.62
03:37:08       0    0.00    0.00    0.00    0.00    0.00    0.00    0.00    0.00  100.00
03:37:08       1    0.00    0.00    0.00    0.00    0.00    0.00    0.00    0.00  100.00
03:37:08       2    0.00    0.00    0.00    0.00    0.00    0.00    0.00    0.00  100.00
03:37:08       3    0.00    0.00    0.00    0.00    0.00    0.00    0.00    0.00  100.00
03:37:08       4    0.00    0.00    0.00    0.00    0.00    0.00    0.00    0.00  100.00
03:37:08       5    0.00    0.00    2.97    0.00    0.00    0.00    0.00    0.00   97.03
03:37:08       6    0.00    0.00    0.00    0.00    0.00    0.00    0.00    0.00  100.00
03:37:08       7    0.00    0.00    0.00    0.00    0.00    0.00    0.00    0.00  100.00

03:37:08     CPU    %usr   %nice    %sys %iowait    %irq   %soft  %steal  %guest   %idle
03:37:09     all    0.00    0.00    0.25    0.00    0.00    0.00    0.00    0.00   99.75
03:37:09       0    0.00    0.00    0.00    0.00    0.00    0.00    0.00    0.00  100.00
03:37:09       1    0.00    0.00    0.00    0.00    0.00    0.00    0.00    0.00  100.00
03:37:09       2    0.00    0.00    0.00    0.00    0.00    0.00    0.00    0.00  100.00
03:37:09       3    0.00    0.00    0.00    0.00    0.00    0.00    0.00    0.00  100.00
03:37:09       4    0.00    0.00    0.99    0.00    0.00    0.00    0.00    0.00   99.01
03:37:09       5    0.00    0.00    2.02    0.00    0.00    0.00    0.00    0.00   97.98
03:37:09       6    0.00    0.00    0.00    0.00    0.00    0.00    0.00    0.00  100.00
03:37:09       7    0.00    0.00    0.00    0.00    0.00    0.00    0.00    0.00  100.00

03:37:09     CPU    %usr   %nice    %sys %iowait    %irq   %soft  %steal  %guest   %idle
03:37:10     all    0.00    0.00    0.38    0.00    0.00    0.00    0.00    0.00   99.62
03:37:10       0    0.00    0.00    0.00    0.00    0.00    0.00    0.00    0.00  100.00
03:37:10       1    0.00    0.00    0.00    0.00    0.00    0.00    0.00    0.00  100.00
03:37:10       2    0.00    0.00    0.00    0.00    0.00    0.00    0.00    0.00  100.00
03:37:10       3    0.00    0.00    0.99    0.00    0.00    0.00    0.00    0.00   99.01
03:37:10       4    0.00    0.00    0.00    0.00    0.00    0.00    0.00    0.00  100.00
03:37:10       5    0.00    0.00    2.02    0.00    0.00    0.00    0.00    0.00   97.98
03:37:10       6    0.00    0.00    0.00    0.00    0.00    0.00    0.00    0.00  100.00
03:37:10       7    0.00    0.00    0.00    0.00    0.00    0.00    0.00    0.00  100.00

03:37:10     CPU    %usr   %nice    %sys %iowait    %irq   %soft  %steal  %guest   %idle
03:37:11     all    0.12    0.00    0.37    0.00    0.00    0.00    0.00    0.00   99.50
03:37:11       0    0.00    0.00    0.00    0.00    0.00    0.00    0.00    0.00  100.00
03:37:11       1    0.00    0.00    0.00    0.00    0.00    0.00    0.00    0.00  100.00
03:37:11       2    0.00    0.00    0.00    0.00    0.00    0.00    0.00    0.00  100.00
03:37:11       3    0.00    0.00    0.00    0.00    0.00    0.00    0.00    0.00  100.00
03:37:11       4    0.00    0.00    0.00    0.00    0.00    0.00    0.00    0.00  100.00
03:37:11       5    0.00    0.00    3.00    0.00    0.00    0.00    0.00    0.00   97.00
03:37:11       6    0.00    0.00    0.00    0.00    0.00    0.00    0.00    0.00  100.00
03:37:11       7    0.00    0.00    0.00    0.00    0.00    0.00    0.00    0.00  100.00

03:37:11     CPU    %usr   %nice    %sys %iowait    %irq   %soft  %steal  %guest   %idle
03:37:12     all    0.00    0.00    0.50    0.00    0.00    0.00    0.00    0.00   99.50
03:37:12       0    0.00    0.00    0.00    0.00    0.00    0.00    0.00    0.00  100.00
03:37:12       1    0.00    0.00    0.00    0.00    0.00    0.00    0.00    0.00  100.00
03:37:12       2    0.00    0.00    0.00    0.00    0.00    0.00    0.00    0.00  100.00
03:37:12       3    0.00    0.00    0.00    0.00    0.00    0.00    0.00    0.00  100.00
03:37:12       4    0.00    0.00    0.00    0.00    0.00    0.00    0.00    0.00  100.00
03:37:12       5    0.00    0.00    3.00    0.00    0.00    0.00    0.00    0.00   97.00
03:37:12       6    0.00    0.00    0.00    0.00    0.00    0.00    0.00    0.00  100.00
03:37:12       7    0.00    0.00    0.00    0.00    0.00    0.00    0.00    0.00  100.00

03:37:12     CPU    %usr   %nice    %sys %iowait    %irq   %soft  %steal  %guest   %idle
03:37:13     all    0.00    0.00    0.25    0.00    0.00    0.00    0.00    0.00   99.75
03:37:13       0    0.00    0.00    0.00    0.00    0.00    0.00    0.00    0.00  100.00
03:37:13       1    0.00    0.00    0.00    0.00    0.00    0.00    0.00    0.00  100.00
03:37:13       2    0.00    0.00    0.00    0.00    0.00    0.00    0.00    0.00  100.00
03:37:13       3    1.00    0.00    0.00    0.00    0.00    0.00    0.00    0.00   99.00
03:37:13       4    0.00    0.00    0.00    0.00    0.00    0.00    0.00    0.00  100.00
03:37:13       5    0.00    0.00    2.97    0.00    0.00    0.00    0.00    0.00   97.03
03:37:13       6    0.00    0.00    0.00    0.00    0.00    0.00    0.00    0.00  100.00
03:37:13       7    0.00    0.00    0.00    0.00    0.00    0.00    0.00    0.00  100.00

03:37:13     CPU    %usr   %nice    %sys %iowait    %irq   %soft  %steal  %guest   %idle
03:37:14     all    0.13    0.00    0.38    0.00    0.00    0.00    0.00    0.00   99.50
03:37:14       0    0.00    0.00    0.00    0.00    0.00    0.00    0.00    0.00  100.00
03:37:14       1    0.00    0.00    0.00    0.00    0.00    0.00    0.00    0.00  100.00
03:37:14       2    0.00    0.00    0.00    0.00    0.00    0.00    0.00    0.00  100.00
03:37:14       3    0.00    0.00    0.00    0.00    0.00    0.00    0.00    0.00  100.00
03:37:14       4    0.00    0.00    0.00    0.00    0.00    0.00    0.00    0.00  100.00
03:37:14       5    1.01    0.00    2.02    0.00    0.00    0.00    0.00    0.00   96.97
03:37:14       6    0.00    0.00    0.00    0.00    0.00    0.00    0.00    0.00  100.00
03:37:14       7    0.00    0.00    0.00    0.00    0.00    0.00    0.00    0.00  100.00

03:37:14     CPU    %usr   %nice    %sys %iowait    %irq   %soft  %steal  %guest   %idle
03:37:15     all    0.12    0.00    0.38    0.00    0.00    0.00    0.00    0.00   99.50
03:37:15       0    0.00    0.00    0.00    0.00    0.00    0.00    0.00    0.00  100.00
03:37:15       1    0.00    0.00    0.00    0.00    0.00    0.00    0.00    0.00  100.00
03:37:15       2    0.00    0.00    0.00    0.00    0.00    0.00    0.00    0.00  100.00
03:37:15       3    0.00    0.00    0.99    0.00    0.00    0.00    0.00    0.00   99.01
03:37:15       4    0.00    0.00    0.00    0.00    0.00    0.00    0.00    0.00  100.00
03:37:15       5    0.00    0.00    2.00    0.00    0.00    0.00    0.00    0.00   98.00
03:37:15       6    0.00    0.00    0.00    0.00    0.00    0.00    0.00    0.00  100.00
03:37:15       7    0.00    0.00    0.00    0.00    0.00    0.00    0.00    0.00  100.00
