Linux 3.2.0-39-generic (loadgen165) 	02/08/2013 	_x86_64_	(8 CPU)

19:15:11     CPU    %usr   %nice    %sys %iowait    %irq   %soft  %steal  %guest   %idle
19:15:12     all    1.64    0.00    1.39    0.00    0.00    0.00    0.00    0.50   96.47
19:15:12       0    1.01    0.00    1.01    0.00    0.00    0.00    0.00    0.00   97.98
19:15:12       1    0.00    0.00    0.00    0.00    0.00    0.00    0.00    1.02  100.00
19:15:12       2    9.00    0.00    4.00    0.00    0.00    0.00    0.00    0.00   87.00
19:15:12       3    4.00    0.00    4.00    0.00    0.00    0.00    0.00    0.00   92.00
19:15:12       4    0.00    0.00    0.00    0.00    0.00    0.00    0.00    1.05   98.95
19:15:12       5    0.00    0.00    1.00    0.00    0.00    0.00    0.00    0.00   99.00
19:15:12       6    0.00    0.00    0.00    0.00    0.00    0.00    0.00    1.00   99.00
19:15:12       7    0.00    0.00    0.00    0.00    0.00    0.00    0.00    1.00   99.00

19:15:12     CPU    %usr   %nice    %sys %iowait    %irq   %soft  %steal  %guest   %idle
19:15:13     all    1.13    0.00    1.25    0.00    0.00    0.00    0.00    0.50   97.11
19:15:13       0    0.00    0.00    0.00    0.00    0.00    0.00    0.00    1.02  100.00
19:15:13       1    0.00    0.00    0.00    0.00    0.00    0.00    0.00    1.01   98.99
19:15:13       2    0.00    0.00    1.01    0.00    0.00    0.00    0.00    0.00   98.99
19:15:13       3    7.92    0.00    4.95    0.00    0.00    0.00    0.00    0.00   87.13
19:15:13       4    0.00    0.00    0.99    0.00    0.00    0.00    0.00    0.99   98.02
19:15:13       5    0.00    0.00    1.00    0.00    0.00    0.00    0.00    1.00   98.00
19:15:13       6    0.00    0.00    2.02    0.00    0.00    0.00    0.00    0.00   97.98
19:15:13       7    0.00    0.00    0.00    0.00    0.00    0.00    0.00    1.00  100.00

19:15:13     CPU    %usr   %nice    %sys %iowait    %irq   %soft  %steal  %guest   %idle
19:15:14     all    0.88    0.00    1.13    0.00    0.00    0.13    0.00    0.50   97.37
19:15:14       0    0.00    0.00    0.00    0.00    0.00    0.00    0.00    1.01   98.99
19:15:14       1    0.00    0.00    1.01    0.00    0.00    0.00    0.00    0.00   98.99
19:15:14       2    6.93    0.00    3.96    0.00    0.00    0.99    0.00    0.00   88.12
19:15:14       3    1.98    0.00    1.98    0.00    0.00    0.99    0.00    0.00   95.05
19:15:14       4    0.00    0.00    2.00    0.00    0.00    0.00    0.00    1.00   97.00
19:15:14       5    0.00    0.00    0.00    0.00    0.00    0.00    0.00    0.00  100.00
19:15:14       6    1.00    0.00    1.00    0.00    0.00    0.00    0.00    0.00   98.00
19:15:14       7    1.00    0.00    0.00    0.00    0.00    0.00    0.00    0.00   99.00

19:15:14     CPU    %usr   %nice    %sys %iowait    %irq   %soft  %steal  %guest   %idle
19:15:15     all    1.76    0.00    1.13    0.13    0.00    0.00    0.00    0.25   96.73
19:15:15       0    4.04    0.00    1.01    0.00    0.00    0.00    0.00    0.00   94.95
19:15:15       1    0.99    0.00    0.99    0.99    0.00    0.00    0.00    0.00   97.03
19:15:15       2    5.10    0.00    3.06    0.00    0.00    0.00    0.00    0.00   91.84
19:15:15       3    3.03    0.00    1.01    0.00    0.00    0.00    0.00    0.00   95.96
19:15:15       4    1.01    0.00    1.01    0.00    0.00    0.00    0.00    0.00   97.98
19:15:15       5    0.00    0.00    1.00    0.00    0.00    0.00    0.00    0.00   99.00
19:15:15       6    0.00    0.00    1.00    0.00    0.00    0.00    0.00    1.00   98.00
19:15:15       7    0.00    0.00    0.00    0.00    0.00    0.00    0.00    1.01   98.99

19:15:15     CPU    %usr   %nice    %sys %iowait    %irq   %soft  %steal  %guest   %idle
19:15:16     all    1.51    0.00    1.76    0.00    0.00    0.00    0.00    0.50   96.23
19:15:16       0    1.01    0.00    2.02    0.00    0.00    0.00    0.00    0.00   96.97
19:15:16       1    0.00    0.00    0.00    0.00    0.00    0.00    0.00    0.00  100.00
19:15:16       2    9.00    0.00    9.00    0.00    0.00    0.00    0.00    1.00   81.00
19:15:16       3    2.02    0.00    1.01    0.00    0.00    0.00    0.00    0.00   96.97
19:15:16       4    0.00    0.00    1.00    0.00    0.00    0.00    0.00    2.00   97.00
19:15:16       5    0.00    0.00    0.00    0.00    0.00    0.00    0.00    0.00  100.00
19:15:16       6    0.00    0.00    0.00    0.00    0.00    0.00    0.00    0.00  100.00
19:15:16       7    1.00    0.00    0.00    0.00    0.00    0.00    0.00    0.00   99.00

19:15:16     CPU    %usr   %nice    %sys %iowait    %irq   %soft  %steal  %guest   %idle
19:15:17     all    1.01    0.00    1.38    0.00    0.00    0.00    0.00    0.75   96.86
19:15:17       0    0.00    0.00    0.00    0.00    0.00    0.00    0.00    2.04   98.98
19:15:17       1    0.00    0.00    0.00    0.00    0.00    0.00    0.00    0.00  100.00
19:15:17       2    3.06    0.00    2.04    0.00    0.00    0.00    0.00    2.04   92.86
19:15:17       3    3.96    0.00    2.97    0.00    0.00    0.00    0.00    0.99   92.08
19:15:17       4    0.00    0.00    1.02    0.00    0.00    0.00    0.00    1.02   98.98
19:15:17       5    0.00    0.00    1.96    0.00    0.00    0.00    0.00    0.98   97.06
19:15:17       6    0.00    0.00    2.00    0.00    0.00    0.00    0.00    2.00   96.00
19:15:17       7    0.00    0.00    0.00    0.00    0.00    0.00    0.00    0.00  100.00

19:15:17     CPU    %usr   %nice    %sys %iowait    %irq   %soft  %steal  %guest   %idle
19:15:18     all    1.26    0.00    1.13    0.00    0.00    0.00    0.00    0.38   97.23
19:15:18       0    1.96    0.00    0.98    0.00    0.00    0.00    0.00    0.00   97.06
19:15:18       1    0.00    0.00    1.00    0.00    0.00    0.00    0.00    1.00   98.00
19:15:18       2    4.00    0.00    3.00    0.00    0.00    0.00    0.00    1.00   92.00
19:15:18       3    3.00    0.00    2.00    0.00    0.00    0.00    0.00    0.00   95.00
19:15:18       4    0.00    0.00    0.00    0.00    0.00    0.00    0.00    0.00  100.00
19:15:18       5    2.04    0.00    0.00    0.00    0.00    0.00    0.00    0.00   97.96
19:15:18       6    0.00    0.00    3.03    0.00    0.00    0.00    0.00    0.00   96.97
19:15:18       7    0.00    0.00    0.00    0.00    0.00    0.00    0.00    1.00  100.00

19:15:18     CPU    %usr   %nice    %sys %iowait    %irq   %soft  %steal  %guest   %idle
19:15:19     all    1.51    0.00    2.51    0.13    0.00    0.00    0.00    0.63   95.23
19:15:19       0    0.00    0.00    1.02    1.02    0.00    0.00    0.00    1.02   97.96
19:15:19       1    0.00    0.00    0.00    0.00    0.00    0.00    0.00    1.00   99.00
19:15:19       2    3.03    0.00    6.06    0.00    0.00    0.00    0.00    0.00   90.91
19:15:19       3    8.08    0.00    5.05    0.00    0.00    0.00    0.00    0.00   86.87
19:15:19       4    1.00    0.00    2.00    0.00    0.00    0.00    0.00    0.00   97.00
19:15:19       5    0.00    0.00    3.00    0.00    0.00    0.00    0.00    1.00   96.00
19:15:19       6    1.01    0.00    3.03    0.00    0.00    0.00    0.00    0.00   95.96
19:15:19       7    0.00    0.00    1.00    0.00    0.00    0.00    0.00    1.00   98.00

19:15:19     CPU    %usr   %nice    %sys %iowait    %irq   %soft  %steal  %guest   %idle
19:15:20     all    2.01    0.00    2.51    0.13    0.00    0.25    0.00    2.76   92.35
19:15:20       0    1.01    0.00    2.02    0.00    0.00    1.01    0.00    3.03   92.93
19:15:20       1    1.01    0.00    3.03    0.00    0.00    0.00    0.00    0.00   95.96
19:15:20       2    5.05    0.00    4.04    0.00    0.00    0.00    0.00    6.06   84.85
19:15:20       3    4.00    0.00    4.00    1.00    0.00    0.00    0.00    0.00   91.00
19:15:20       4    1.01    0.00    2.02    0.00    0.00    0.00    0.00    6.06   90.91
19:15:20       5    3.92    0.00    2.94    0.00    0.00    0.00    0.00    0.00   93.14
19:15:20       6    0.00    0.00    0.00    1.02    0.00    0.00    0.00    4.08   94.90
19:15:20       7    1.98    0.00    0.99    0.00    0.00    0.00    0.00    1.98   95.05

19:15:20     CPU    %usr   %nice    %sys %iowait    %irq   %soft  %steal  %guest   %idle
19:15:21     all    2.16    0.00    2.29    0.00    0.00    0.00    0.00    2.41   93.14
19:15:21       0    5.10    0.00    2.04    0.00    0.00    0.00    0.00    2.04   90.82
19:15:21       1    0.00    0.00    0.00    0.00    0.00    0.00    0.00    0.00  100.00
19:15:21       2    3.06    0.00    4.08    0.00    0.00    0.00    0.00    6.12   86.73
19:15:21       3    5.10    0.00    6.12    0.00    0.00    0.00    0.00    0.00   88.78
19:15:21       4    0.00    0.00    2.04    0.00    0.00    0.00    0.00    5.10   92.86
19:15:21       5    0.00    0.00    2.04    0.00    0.00    0.00    0.00    0.00   97.96
19:15:21       6    0.00    0.00    1.01    0.00    0.00    0.00    0.00    6.06   92.93
19:15:21       7    2.00    0.00    3.00    0.00    0.00    0.00    0.00    1.00   94.00

19:15:21     CPU    %usr   %nice    %sys %iowait    %irq   %soft  %steal  %guest   %idle
19:15:22     all    1.39    0.00    2.64    0.50    0.00    0.13    0.00   15.24   80.10
19:15:22       0    4.08    0.00    3.06    0.00    0.00    0.00    0.00   13.27   79.59
19:15:22       1    0.00    0.00    2.04    0.00    0.00    0.00    0.00   13.27   84.69
19:15:22       2    1.01    0.00    2.02    0.00    0.00    0.00    0.00   20.20   76.77
19:15:22       3    0.00    0.00    1.01    2.02    0.00    0.00    0.00   15.15   81.82
19:15:22       4    2.02    0.00    2.02    0.00    0.00    0.00    0.00   19.19   76.77
19:15:22       5    2.02    0.00    4.04    0.00    0.00    0.00    0.00    9.09   84.85
19:15:22       6    0.99    0.00    2.97    0.00    0.00    0.00    0.00   22.77   73.27
19:15:22       7    1.03    0.00    1.03    1.03    0.00    0.00    0.00   10.31   86.60

19:15:22     CPU    %usr   %nice    %sys %iowait    %irq   %soft  %steal  %guest   %idle
19:15:23     all    1.13    0.00    1.25    0.00    0.00    0.00    0.00   21.78   75.84
19:15:23       0    0.98    0.00    0.98    0.00    0.00    0.98    0.00    6.86   90.20
19:15:23       1    0.00    0.00    1.00    0.00    0.00    0.00    0.00   45.00   55.00
19:15:23       2    1.00    0.00    2.00    0.00    0.00    0.00    0.00   11.00   86.00
19:15:23       3    0.00    0.00    1.00    0.00    0.00    0.00    0.00   81.00   18.00
19:15:23       4    6.12    0.00    5.10    0.00    0.00    0.00    0.00    0.00   88.78
19:15:23       5    0.00    0.00    0.99    0.00    0.00    0.00    0.00   19.80   79.21
19:15:23       6    0.00    0.00    0.00    0.00    0.00    0.00    0.00    5.05   94.95
19:15:23       7    0.00    0.00    0.99    0.00    0.00    0.00    0.00    5.94   94.06

19:15:23     CPU    %usr   %nice    %sys %iowait    %irq   %soft  %steal  %guest   %idle
19:15:24     all    1.26    0.00    1.89    0.75    0.00    0.13    0.00   25.91   70.06
19:15:24       0    3.03    0.00    6.06    2.02    0.00    0.00    0.00   23.23   65.66
19:15:24       1    1.01    0.00    1.01    1.01    0.00    0.00    0.00    0.00   96.97
19:15:24       2    2.02    0.00    1.01    1.01    0.00    0.00    0.00    0.00   95.96
19:15:24       3    1.02    0.00    0.00    0.00    0.00    0.00    0.00   43.88   55.10
19:15:24       4    2.00    0.00    4.00    0.00    0.00    0.00    0.00    0.00   94.00
19:15:24       5    1.00    0.00    0.00    0.00    0.00    0.00    0.00   92.00    7.00
19:15:24       6    3.00    0.00    4.00    0.00    0.00    0.00    0.00   21.00   72.00
19:15:24       7    0.00    0.00    0.00    1.02    0.00    0.00    0.00   25.51   73.47

19:15:24     CPU    %usr   %nice    %sys %iowait    %irq   %soft  %steal  %guest   %idle
19:15:25     all    1.39    0.00    1.64    0.00    0.00    0.00    0.00   28.25   68.73
19:15:25       0    5.05    0.00    4.04    0.00    0.00    0.00    0.00   37.37   53.54
19:15:25       1    1.01    0.00    1.01    0.00    0.00    0.00    0.00   42.42   55.56
19:15:25       2    0.00    0.00    1.01    0.00    0.00    0.00    0.00    0.00   98.99
19:15:25       3    0.00    0.00    0.00    0.00    0.00    0.00    0.00   87.88   13.13
19:15:25       4    5.10    0.00    3.06    0.00    0.00    0.00    0.00    0.00   91.84
19:15:25       5    0.00    0.00    0.00    0.00    0.00    0.00    0.00   46.46   53.54
19:15:25       6    1.01    0.00    2.02    0.00    0.00    0.00    0.00    1.01   95.96
19:15:25       7    0.00    0.00    0.99    0.00    0.00    0.00    0.00   10.89   88.12

19:15:25     CPU    %usr   %nice    %sys %iowait    %irq   %soft  %steal  %guest   %idle
19:15:26     all    1.38    0.00    0.88    0.50    0.00    0.00    0.00   15.35   81.89
19:15:26       0    0.00    0.00    0.00    0.00    0.00    0.00    0.00   15.46   84.54
19:15:26       1    0.00    0.00    0.00    1.01    0.00    0.00    0.00    5.05   93.94
19:15:26       2    3.00    0.00    0.00    0.00    0.00    0.00    0.00   29.00   68.00
19:15:26       3    0.00    0.00    0.00    0.00    0.00    0.00    0.00   70.71   29.29
19:15:26       4    1.00    0.00    3.00    1.00    0.00    0.00    0.00    0.00   95.00
19:15:26       5    5.05    0.00    2.02    1.01    0.00    0.00    0.00    0.00   91.92
19:15:26       6    1.01    0.00    1.01    0.00    0.00    0.00    0.00    0.00   97.98
19:15:26       7    0.00    0.00    0.00    0.00    0.00    0.00    0.00    4.04   95.96

19:15:26     CPU    %usr   %nice    %sys %iowait    %irq   %soft  %steal  %guest   %idle
19:15:27     all    1.51    0.00    1.38    0.00    0.00    0.00    0.00   16.94   80.18
19:15:27       0    1.00    0.00    2.00    0.00    0.00    0.00    0.00    0.00   97.00
19:15:27       1    0.98    0.00    0.98    0.00    0.00    0.00    0.00   21.57   76.47
19:15:27       2    5.10    0.00    1.02    0.00    0.00    0.00    0.00   15.31   78.57
19:15:27       3    0.00    0.00    1.02    0.00    0.00    0.00    0.00   34.69   64.29
19:15:27       4    3.00    0.00    1.00    0.00    0.00    0.00    0.00    1.00   95.00
19:15:27       5    0.00    0.00    0.00    0.00    0.00    0.00    0.00   38.00   62.00
19:15:27       6    2.97    0.00    3.96    0.00    0.00    0.00    0.00    0.00   93.07
19:15:27       7    0.00    0.00    1.00    0.00    0.00    0.00    0.00   24.00   75.00

19:15:27     CPU    %usr   %nice    %sys %iowait    %irq   %soft  %steal  %guest   %idle
19:15:28     all    1.38    0.00    1.38    0.00    0.00    0.00    0.00   26.13   71.11
19:15:28       0    2.00    0.00    2.00    0.00    0.00    0.00    0.00    0.00   96.00
19:15:28       1    0.00    0.00    0.00    0.00    0.00    0.00    0.00   97.98    3.03
19:15:28       2    1.98    0.00    3.96    0.00    0.00    0.00    0.00    0.00   94.06
19:15:28       3    0.00    0.00    0.99    0.00    0.00    0.00    0.00   51.49   47.52
19:15:28       4    3.03    0.00    3.03    0.00    0.00    0.00    0.00    0.00   93.94
19:15:28       5    2.00    0.00    1.00    0.00    0.00    0.00    0.00    3.00   94.00
19:15:28       6    2.04    0.00    1.02    0.00    0.00    0.00    0.00    0.00   96.94
19:15:28       7    1.00    0.00    1.00    0.00    0.00    0.00    0.00   56.00   42.00

19:15:28     CPU    %usr   %nice    %sys %iowait    %irq   %soft  %steal  %guest   %idle
19:15:29     all    1.13    0.00    1.01    0.00    0.00    0.00    0.00   17.61   80.25
19:15:29       0    0.00    0.00    0.00    0.00    0.00    0.00    0.00    3.06   96.94
19:15:29       1    0.00    0.00    0.00    0.00    0.00    0.00    0.00    7.14   92.86
19:15:29       2    1.00    0.00    1.00    0.00    0.00    0.00    0.00    5.00   93.00
19:15:29       3    0.00    0.00    0.00    0.00    0.00    0.00    0.00   19.39   80.61
19:15:29       4    8.00    0.00    2.00    0.00    0.00    0.00    0.00    0.00   90.00
19:15:29       5    0.00    0.00    0.00    0.00    0.00    0.00    0.00   33.33   67.68
19:15:29       6    2.02    0.00    3.03    0.00    0.00    0.00    0.00    0.00   94.95
19:15:29       7    0.00    0.00    0.00    0.00    0.00    0.00    0.00   72.73   27.27

19:15:29     CPU    %usr   %nice    %sys %iowait    %irq   %soft  %steal  %guest   %idle
19:15:30     all    1.01    0.00    1.26    0.76    0.00    0.00    0.00   13.22   83.75
19:15:30       0    0.00    0.00    0.00    2.04    0.00    0.00    0.00   14.29   84.69
19:15:30       1    0.00    0.00    0.00    0.00    0.00    0.00    0.00   56.12   43.88
19:15:30       2    3.96    0.00    4.95    0.99    0.00    0.00    0.00    2.97   87.13
19:15:30       3    0.00    0.00    1.00    2.00    0.00    0.00    0.00    9.00   88.00
19:15:30       4    0.00    0.00    3.03    0.00    0.00    0.00    0.00    6.06   90.91
19:15:30       5    1.00    0.00    0.00    1.00    0.00    0.00    0.00    0.00   98.00
19:15:30       6    2.00    0.00    1.00    1.00    0.00    0.00    0.00    1.00   95.00
19:15:30       7    0.00    0.00    0.00    0.00    0.00    0.00    0.00   19.00   81.00

19:15:30     CPU    %usr   %nice    %sys %iowait    %irq   %soft  %steal  %guest   %idle
19:15:31     all    1.01    0.00    1.52    0.51    0.00    0.00    0.00   23.36   73.61
19:15:31       0    1.98    0.00    1.98    0.00    0.00    0.00    0.00    0.00   96.04
19:15:31       1    1.98    0.00    1.98    1.98    0.00    0.00    0.00   10.89   83.17
19:15:31       2    2.04    0.00    0.00    0.00    0.00    0.00    0.00   48.98   48.98
19:15:31       3    2.04    0.00    3.06    1.02    0.00    0.00    0.00   26.53   67.35
19:15:31       4    0.00    0.00    2.06    0.00    0.00    0.00    0.00    0.00   97.94
19:15:31       5    1.00    0.00    1.00    1.00    0.00    0.00    0.00   26.00   71.00
19:15:31       6    0.00    0.00    1.01    0.00    0.00    0.00    0.00   53.54   45.45
19:15:31       7    0.00    0.00    1.01    1.01    0.00    0.00    0.00   20.20   77.78

19:15:31     CPU    %usr   %nice    %sys %iowait    %irq   %soft  %steal  %guest   %idle
19:15:32     all    1.13    0.00    2.14    0.00    0.00    0.00    0.00   38.66   58.06
19:15:32       0    0.00    0.00    1.02    0.00    0.00    0.00    0.00   24.49   74.49
19:15:32       1    1.00    0.00    0.00    0.00    0.00    0.00    0.00    5.00   94.00
19:15:32       2    0.00    0.00    2.02    0.00    0.00    1.01    0.00   64.65   32.32
19:15:32       3    3.96    0.00    3.96    0.00    0.00    0.00    0.00   59.41   32.67
19:15:32       4    1.98    0.00    2.97    0.00    0.00    0.00    0.00    0.00   95.05
19:15:32       5    0.00    0.00    3.00    0.00    0.00    0.00    0.00   94.00    4.00
19:15:32       6    0.00    0.00    1.00    0.00    0.00    0.00    0.00   61.00   38.00
19:15:32       7    2.02    0.00    4.04    0.00    0.00    0.00    0.00    1.01   92.93

19:15:32     CPU    %usr   %nice    %sys %iowait    %irq   %soft  %steal  %guest   %idle
19:15:33     all    1.01    0.00    2.27    0.00    0.00    0.00    0.00   38.97   57.76
19:15:33       0    1.01    0.00    1.01    0.00    0.00    0.00    0.00   49.49   48.48
19:15:33       1    0.00    0.00    2.02    0.00    0.00    0.00    0.00   40.40   57.58
19:15:33       2    0.00    0.00    5.05    0.00    0.00    0.00    0.00   79.80   15.15
19:15:33       3    3.00    0.00    4.00    0.00    0.00    0.00    0.00   65.00   28.00
19:15:33       4    1.03    0.00    1.03    0.00    0.00    0.00    0.00    6.19   91.75
19:15:33       5    0.00    0.00    1.03    0.00    0.00    0.00    0.00   45.36   53.61
19:15:33       6    1.01    0.00    0.00    0.00    0.00    0.00    0.00   14.14   84.85
19:15:33       7    4.08    0.00    1.02    0.00    0.00    0.00    0.00    9.18   85.71

19:15:33     CPU    %usr   %nice    %sys %iowait    %irq   %soft  %steal  %guest   %idle
19:15:34     all    0.76    0.00    1.51    0.00    0.00    0.00    0.00   45.84   51.89
19:15:34       0    0.99    0.00    2.97    0.00    0.00    0.00    0.00    0.99   95.05
19:15:34       1    0.00    0.00    1.98    0.00    0.00    0.00    0.00   94.06    3.96
19:15:34       2    0.00    0.00    2.00    0.00    0.00    0.00    0.00   86.00   12.00
19:15:34       3    0.00    0.00    1.01    0.00    0.00    0.00    0.00   85.86   13.13
19:15:34       4    3.00    0.00    2.00    0.00    0.00    0.00    0.00    2.00   93.00
19:15:34       5    1.00    0.00    2.00    0.00    0.00    0.00    0.00    1.00   96.00
19:15:34       6    0.00    0.00    1.01    0.00    0.00    0.00    0.00   95.96    4.04
19:15:34       7    2.02    0.00    2.02    0.00    0.00    0.00    0.00    0.00   95.96

19:15:34     CPU    %usr   %nice    %sys %iowait    %irq   %soft  %steal  %guest   %idle
19:15:35     all    0.75    0.00    4.52    0.13    0.00    0.00    0.00   24.12   70.48
19:15:35       0    4.00    0.00    2.00    1.00    0.00    0.00    0.00    1.00   92.00
19:15:35       1    0.00    0.00    1.02    0.00    0.00    0.00    0.00    8.16   90.82
19:15:35       2    0.00    0.00   15.00    0.00    0.00    0.00    0.00   54.00   31.00
19:15:35       3    1.00    0.00   15.00    0.00    0.00    0.00    0.00   72.00   12.00
19:15:35       4    0.00    0.00    1.00    0.00    0.00    0.00    0.00   24.00   75.00
19:15:35       5    0.00    0.00    0.00    0.00    0.00    0.00    0.00    9.28   90.72
19:15:35       6    0.00    0.00    1.01    0.00    0.00    0.00    0.00   22.22   76.77
19:15:35       7    0.00    0.00    0.00    0.00    0.00    0.00    0.00    2.02   97.98

19:15:35     CPU    %usr   %nice    %sys %iowait    %irq   %soft  %steal  %guest   %idle
19:15:36     all    0.13    0.00    0.75    1.13    0.00    0.13    0.00   24.59   73.27
19:15:36       0    0.00    0.00    0.00    5.00    0.00    1.00    0.00    1.00   94.00
19:15:36       1    0.00    0.00    0.00    1.00    0.00    0.00    0.00    2.00   97.00
19:15:36       2    0.00    0.00    2.00    0.00    0.00    0.00    0.00   49.00   49.00
19:15:36       3    0.00    0.00    0.00    0.00    0.00    0.00    0.00    2.00   98.00
19:15:36       4    0.00    0.00    1.02    2.04    0.00    0.00    0.00    0.00   96.94
19:15:36       5    1.01    0.00    1.01    0.00    0.00    0.00    0.00   46.46   51.52
19:15:36       6    0.00    0.00    1.00    0.00    0.00    0.00    0.00   49.00   50.00
19:15:36       7    0.00    0.00    1.96    0.98    0.00    0.00    0.00   48.04   49.02

19:15:36     CPU    %usr   %nice    %sys %iowait    %irq   %soft  %steal  %guest   %idle
19:15:37     all    0.13    0.00    0.50    0.00    0.00    0.00    0.00    1.38   97.99
19:15:37       0    0.00    0.00    0.00    0.00    0.00    0.00    0.00    0.00  100.00
19:15:37       1    0.00    0.00    0.00    0.00    0.00    0.00    0.00    3.03   96.97
19:15:37       2    0.00    0.00    0.00    0.00    0.00    0.00    0.00    3.06   97.96
19:15:37       3    0.00    0.00    1.00    0.00    0.00    0.00    0.00    0.00   99.00
19:15:37       4    1.98    0.00    1.98    0.00    0.00    0.00    0.00    0.99   95.05
19:15:37       5    0.00    0.00    1.00    0.00    0.00    0.00    0.00    0.00   99.00
19:15:37       6    0.00    0.00    0.00    0.00    0.00    0.00    0.00    2.00   98.00
19:15:37       7    0.00    0.00    0.00    0.00    0.00    0.00    0.00    1.00   99.00

19:15:37     CPU    %usr   %nice    %sys %iowait    %irq   %soft  %steal  %guest   %idle
19:15:38     all    0.00    0.00    0.50    0.00    0.00    0.12    0.00    0.75   98.62
19:15:38       0    1.00    0.00    0.00    0.00    0.00    0.00    0.00    0.00   99.00
19:15:38       1    0.00    0.00    0.98    0.00    0.00    0.00    0.00    0.98   98.04
19:15:38       2    0.00    0.00    0.00    0.00    0.00    0.00    0.00    0.00  100.00
19:15:38       3    0.00    0.00    0.00    0.00    0.00    0.00    0.00    1.00   99.00
19:15:38       4    0.00    0.00    0.00    0.00    0.00    0.00    0.00    3.00   98.00
19:15:38       5    0.00    0.00    0.00    0.00    0.00    0.00    0.00    2.02   98.99
19:15:38       6    0.00    0.00    3.03    0.00    0.00    0.00    0.00    0.00   96.97
19:15:38       7    0.00    0.00    0.00    0.00    0.00    0.00    0.00    0.00  100.00

19:15:38     CPU    %usr   %nice    %sys %iowait    %irq   %soft  %steal  %guest   %idle
19:15:39     all    0.00    0.00    0.62    0.00    0.00    0.00    0.00    1.12   98.25
19:15:39       0    0.00    0.00    1.00    0.00    0.00    0.00    0.00    2.00   98.00
19:15:39       1    0.00    0.00    0.00    0.00    0.00    1.00    0.00    0.00   99.00
19:15:39       2    0.99    0.00    0.00    0.00    0.00    0.00    0.00    0.00   99.01
19:15:39       3    0.00    0.00    1.00    0.00    0.00    0.00    0.00    2.00   98.00
19:15:39       4    0.00    0.00    0.00    0.00    0.00    0.00    0.00    0.00  100.00
19:15:39       5    1.00    0.00    0.00    0.00    0.00    0.00    0.00    2.00   97.00
19:15:39       6    1.00    0.00    3.00    0.00    0.00    0.00    0.00    0.00   96.00
19:15:39       7    0.99    0.00    0.00    0.00    0.00    0.00    0.00    0.99   98.02

19:15:39     CPU    %usr   %nice    %sys %iowait    %irq   %soft  %steal  %guest   %idle
19:15:40     all    0.25    0.00    0.38    0.00    0.00    0.00    0.00    0.88   98.49
19:15:40       0    0.99    0.00    0.99    0.00    0.00    0.00    0.00    0.00   98.02
19:15:40       1    0.00    0.00    0.00    0.00    0.00    0.00    0.00    1.00   99.00
19:15:40       2    0.00    0.00    0.00    0.00    0.00    0.00    0.00    4.04   95.96
19:15:40       3    1.00    0.00    0.00    0.00    0.00    0.00    0.00    0.00   99.00
19:15:40       4    0.00    0.00    0.00    0.00    0.00    0.00    0.00    1.00   99.00
19:15:40       5    0.00    0.00    0.00    0.00    0.00    0.00    0.00    1.01  100.00
19:15:40       6    1.01    0.00    1.01    0.00    0.00    0.00    0.00    0.00   97.98
19:15:40       7    0.00    0.00    1.01    0.00    0.00    0.00    0.00    1.01   98.99

19:15:40     CPU    %usr   %nice    %sys %iowait    %irq   %soft  %steal  %guest   %idle
19:15:41     all    0.13    0.00    0.50    0.38    0.00    0.00    0.00    0.38   98.62
19:15:41       0    0.00    0.00    0.00    0.00    0.00    0.00    0.00    0.00  100.00
19:15:41       1    0.00    0.00    0.00    2.00    0.00    0.00    0.00    1.00   97.00
19:15:41       2    0.00    0.00    0.00    0.00    0.00    0.00    0.00    1.01  100.00
19:15:41       3    0.00    0.00    0.00    0.00    0.00    0.00    0.00    1.00  100.00
19:15:41       4    0.00    0.00    0.00    0.00    0.00    0.00    0.00    1.00   99.00
19:15:41       5    1.01    0.00    0.00    0.00    0.00    0.00    0.00    0.00   98.99
19:15:41       6    0.99    0.00    2.97    0.00    0.00    0.00    0.00    0.00   96.04
19:15:41       7    0.00    0.00    0.00    0.00    0.00    0.00    0.00    0.00  100.00

19:15:41     CPU    %usr   %nice    %sys %iowait    %irq   %soft  %steal  %guest   %idle
19:15:42     all    0.00    0.00    0.25    0.25    0.00    0.00    0.00    0.75   98.87
19:15:42       0    0.00    0.00    0.00    2.02    0.00    0.00    0.00    0.00   97.98
19:15:42       1    0.00    0.00    0.00    0.00    0.00    0.00    0.00    0.00  100.00
19:15:42       2    0.00    0.00    0.00    0.00    0.00    0.00    0.00    0.00  100.00
19:15:42       3    0.99    0.00    0.00    0.00    0.00    0.00    0.00    0.00   99.01
19:15:42       4    1.00    0.00    0.00    0.00    0.00    0.00    0.00    1.00   98.00
19:15:42       5    0.00    0.00    0.00    0.00    0.00    0.00    0.00    1.01  100.00
19:15:42       6    0.00    0.00    2.00    0.00    0.00    0.00    0.00    2.00   96.00
19:15:42       7    0.99    0.00    0.00    0.00    0.00    0.00    0.00    0.99   98.02

19:15:42     CPU    %usr   %nice    %sys %iowait    %irq   %soft  %steal  %guest   %idle
19:15:43     all    0.25    0.00    0.50    0.38    0.00    0.00    0.00    4.76   94.11
19:15:43       0    1.00    0.00    1.00    1.00    0.00    0.00    0.00    2.00   95.00
19:15:43       1    0.00    0.00    0.00    2.00    0.00    0.00    0.00    2.00   96.00
19:15:43       2    1.00    0.00    1.00    0.00    0.00    0.00    0.00    0.00   98.00
19:15:43       3    0.00    0.00    0.00    0.00    0.00    1.01    0.00    0.00   98.99
19:15:43       4    0.00    0.00    1.00    0.00    0.00    0.00    0.00    1.00   98.00
19:15:43       5    0.00    0.00    1.00    0.00    0.00    0.00    0.00   13.00   86.00
19:15:43       6    0.00    0.00    1.00    0.00    0.00    0.00    0.00    3.00   96.00
19:15:43       7    0.00    0.00    0.00    0.00    0.00    0.00    0.00   16.33   84.69

19:15:43     CPU    %usr   %nice    %sys %iowait    %irq   %soft  %steal  %guest   %idle
19:15:44     all    0.12    0.00    0.75    0.00    0.00    0.00    0.00    1.38   97.75
19:15:44       0    0.00    0.00    1.98    0.00    0.00    0.00    0.00    0.99   97.03
19:15:44       1    0.00    0.00    0.00    0.00    0.00    0.00    0.00    0.00  100.00
19:15:44       2    0.00    0.00    0.00    0.00    0.00    0.00    0.00    3.03   96.97
19:15:44       3    0.00    0.00    1.00    0.00    0.00    0.00    0.00    1.00   99.00
19:15:44       4    0.00    0.00    3.00    0.00    0.00    0.00    0.00    2.00   96.00
19:15:44       5    0.99    0.00    0.00    0.00    0.00    0.00    0.00    0.00   99.01
19:15:44       6    0.00    0.00    0.00    0.00    0.00    0.00    0.00    4.04   95.96
19:15:44       7    1.00    0.00    0.00    0.00    0.00    0.00    0.00    0.00   99.00

19:15:44     CPU    %usr   %nice    %sys %iowait    %irq   %soft  %steal  %guest   %idle
19:15:45     all    0.38    0.00    0.50    0.00    0.00    0.13    0.00    1.51   97.49
19:15:45       0    2.00    0.00    1.00    0.00    0.00    0.00    0.00    1.00   96.00
19:15:45       1    0.00    0.00    0.00    0.00    0.00    0.00    0.00    1.00   99.00
19:15:45       2    1.01    0.00    0.00    0.00    0.00    0.00    0.00    3.03   95.96
19:15:45       3    0.00    0.00    0.00    0.00    0.00    0.00    0.00    0.00  100.00
19:15:45       4    1.01    0.00    2.02    0.00    0.00    0.00    0.00    1.01   95.96
19:15:45       5    0.00    0.00    0.00    1.01    0.00    0.00    0.00    0.00   98.99
19:15:45       6    0.00    0.00    0.00    0.00    0.00    0.00    0.00    4.95   95.05
19:15:45       7    0.00    0.00    0.99    0.00    0.00    0.00    0.00    0.99   98.02

19:15:45     CPU    %usr   %nice    %sys %iowait    %irq   %soft  %steal  %guest   %idle
19:15:46     all    0.13    0.00    0.50    0.00    0.00    0.13    0.00    5.04   94.21
19:15:46       0    0.00    0.00    2.02    0.00    0.00    1.01    0.00    9.09   87.88
19:15:46       1    0.00    0.00    0.00    0.00    0.00    0.00    0.00    0.00  100.00
19:15:46       2    0.99    0.00    0.99    0.00    0.00    0.99    0.00   10.89   86.14
19:15:46       3    0.00    0.00    0.00    0.00    0.00    0.00    0.00    0.99   99.01
19:15:46       4    0.00    0.00    0.00    0.00    0.00    0.00    0.00    9.09   90.91
19:15:46       5    0.00    0.00    0.00    0.00    0.00    0.00    0.00    1.01  100.00
19:15:46       6    0.00    0.00    1.01    0.00    0.00    0.00    0.00   10.10   88.89
19:15:46       7    1.00    0.00    0.00    0.00    0.00    0.00    0.00    0.00   99.00

19:15:46     CPU    %usr   %nice    %sys %iowait    %irq   %soft  %steal  %guest   %idle
19:15:47     all    0.00    0.00    0.38    0.00    0.00    0.00    0.00    0.63   99.12
19:15:47       0    0.00    0.00    2.02    0.00    0.00    0.00    0.00    0.00   97.98
19:15:47       1    0.00    0.00    0.00    0.00    0.00    0.00    0.00    0.00  100.00
19:15:47       2    0.00    0.00    0.00    0.00    0.00    0.00    0.00    1.01  100.00
19:15:47       3    0.00    0.00    1.00    0.00    0.00    0.00    0.00    0.00   99.00
19:15:47       4    0.00    0.00    0.00    0.00    0.00    0.00    0.00    2.00   98.00
19:15:47       5    0.00    0.00    0.00    0.00    0.00    0.00    0.00    1.98   98.02
19:15:47       6    0.00    0.00    0.00    0.00    0.00    0.00    0.00    0.00  100.00
19:15:47       7    0.00    0.00    0.00    0.00    0.00    0.00    0.00    0.00  100.00

19:15:47     CPU    %usr   %nice    %sys %iowait    %irq   %soft  %steal  %guest   %idle
19:15:48     all    0.13    0.00    0.25    0.00    0.00    0.00    0.00    0.13   99.50
19:15:48       0    1.00    0.00    2.00    0.00    0.00    0.00    0.00    0.00   97.00
19:15:48       1    0.00    0.00    0.00    0.00    0.00    0.00    0.00    0.00  100.00
19:15:48       2    0.00    0.00    0.00    0.00    0.00    0.00    0.00    0.00  100.00
19:15:48       3    0.00    0.00    0.00    0.00    0.00    0.00    0.00    0.00  100.00
19:15:48       4    0.00    0.00    0.00    0.00    0.00    0.00    0.00    0.00  100.00
19:15:48       5    0.00    0.00    0.00    0.00    0.00    0.00    0.00    0.00  100.00
19:15:48       6    0.00    0.00    0.00    0.00    0.00    0.00    0.00    0.00  100.00
19:15:48       7    0.00    0.00    0.00    0.00    0.00    0.00    0.00    1.00  100.00

19:15:48     CPU    %usr   %nice    %sys %iowait    %irq   %soft  %steal  %guest   %idle
19:15:49     all    0.13    0.00    0.63    0.50    0.00    0.00    0.00    1.13   97.62
19:15:49       0    0.00    0.00    4.04    0.00    0.00    0.00    0.00    0.00   95.96
19:15:49       1    0.00    0.00    0.00    2.02    0.00    0.00    0.00    2.02   95.96
19:15:49       2    0.00    0.00    1.01    1.01    0.00    0.00    0.00    0.00   97.98
19:15:49       3    1.02    0.00    0.00    0.00    0.00    0.00    0.00    0.00   98.98
19:15:49       4    0.00    0.00    0.00    1.00    0.00    0.00    0.00    0.00   99.00
19:15:49       5    0.00    0.00    0.00    0.00    0.00    0.00    0.00    4.04   95.96
19:15:49       6    0.00    0.00    0.00    0.00    0.00    0.00    0.00    0.00  100.00
19:15:49       7    0.00    0.00    0.00    0.00    0.00    0.00    0.00    2.02   97.98

19:15:49     CPU    %usr   %nice    %sys %iowait    %irq   %soft  %steal  %guest   %idle
19:15:50     all    0.25    0.00    1.13    0.00    0.00    0.00    0.00    0.25   98.37
19:15:50       0    0.00    0.00    0.00    0.00    0.00    0.00    0.00    0.00  100.00
19:15:50       1    0.00    0.00    0.99    0.00    0.00    0.00    0.00    0.99   98.02
19:15:50       2    1.00    0.00    2.00    0.00    0.00    0.00    0.00    0.00   97.00
19:15:50       3    0.00    0.00    1.02    0.00    0.00    0.00    0.00    1.02   98.98
19:15:50       4    1.01    0.00    2.02    0.00    0.00    0.00    0.00    0.00   96.97
19:15:50       5    0.00    0.00    1.00    0.00    0.00    0.00    0.00    0.00   99.00
19:15:50       6    0.00    0.00    0.99    0.00    0.00    0.00    0.00    0.00   99.01
19:15:50       7    1.00    0.00    0.00    0.00    0.00    0.00    0.00    0.00   99.00
