Linux 3.2.0-40-generic (loadgen162) 	02/08/2013 	_x86_64_	(8 CPU)

19:15:22     CPU    %usr   %nice    %sys %iowait    %irq   %soft  %steal  %guest   %idle
19:15:23     all    0.25    0.00    1.00    0.00    0.00    0.00    0.00    0.50   98.25
19:15:23       0    0.00    0.00    0.00    0.00    0.00    0.00    0.00    0.00  100.00
19:15:23       1    0.00    0.00    0.00    0.00    0.00    0.00    0.00    0.99   99.01
19:15:23       2    0.00    0.00    1.01    0.00    0.00    0.00    0.00    0.00   98.99
19:15:23       3    1.96    0.00    3.92    0.00    0.00    0.00    0.00    0.98   93.14
19:15:23       4    0.98    0.00    0.98    0.00    0.00    0.00    0.00    0.98   97.06
19:15:23       5    0.00    0.00    3.00    0.00    0.00    0.00    0.00    1.00   96.00
19:15:23       6    0.00    0.00    0.00    0.00    0.00    0.00    0.00    1.00  100.00
19:15:23       7    0.00    0.00    1.00    0.00    0.00    0.00    0.00    0.00   99.00

19:15:23     CPU    %usr   %nice    %sys %iowait    %irq   %soft  %steal  %guest   %idle
19:15:24     all    0.00    0.00    0.50    0.00    0.00    0.00    0.00    1.51   97.99
19:15:24       0    0.00    0.00    0.00    0.00    0.00    0.00    0.00    0.00  100.00
19:15:24       1    0.00    0.00    1.02    0.00    0.00    0.00    0.00    0.00   98.98
19:15:24       2    0.00    0.00    1.01    0.00    0.00    0.00    0.00    0.00   98.99
19:15:24       3    0.00    0.00    0.00    0.00    0.00    0.00    0.00    2.00   98.00
19:15:24       4    0.00    0.00    0.00    0.00    0.00    0.00    0.00    3.03   96.97
19:15:24       5    0.99    0.00    0.99    0.00    0.00    0.00    0.00    1.98   96.04
19:15:24       6    1.00    0.00    0.00    0.00    0.00    0.00    0.00    2.00   97.00
19:15:24       7    1.00    0.00    0.00    0.00    0.00    0.00    0.00    0.00   99.00

19:15:24     CPU    %usr   %nice    %sys %iowait    %irq   %soft  %steal  %guest   %idle
19:15:25     all    0.62    0.00    1.12    0.37    0.00    0.00    0.00   45.52   52.36
19:15:25       0    0.99    0.00    0.99    0.99    0.00    0.00    0.00    0.00   97.03
19:15:25       1    1.01    0.00    3.03    2.02    0.00    0.00    0.00    0.00   93.94
19:15:25       2    1.98    0.00    0.99    0.00    0.00    0.00    0.00    0.00   97.03
19:15:25       3    0.00    0.00    2.91    0.00    0.00    0.00    0.00    3.88   93.20
19:15:25       4    0.00    0.00    0.00    0.00    0.00    0.00    0.00   94.00    6.00
19:15:25       5    0.00    0.00    0.00    0.00    0.00    0.00    0.00   90.00   10.00
19:15:25       6    0.00    0.00    0.00    0.00    0.00    0.00    0.00   90.10    9.90
19:15:25       7    1.00    0.00    0.00    0.00    0.00    0.00    0.00   89.00   10.00

19:15:25     CPU    %usr   %nice    %sys %iowait    %irq   %soft  %steal  %guest   %idle
19:15:26     all    0.00    0.00    0.38    0.00    0.00    0.00    0.00   50.00   49.62
19:15:26       0    0.00    0.00    0.00    0.00    0.00    0.00    0.00    0.00  100.00
19:15:26       1    0.00    0.00    3.00    0.00    0.00    0.00    0.00    0.00   97.00
19:15:26       2    0.00    0.00    1.01    0.00    0.00    0.00    0.00    0.00   98.99
19:15:26       3    0.00    0.00    0.00    0.00    0.00    0.00    0.00    2.00   98.00
19:15:26       4    0.00    0.00    0.00    0.00    0.00    0.00    0.00  100.00    0.00
19:15:26       5    0.00    0.00    0.00    0.00    0.00    0.00    0.00  100.00    1.00
19:15:26       6    0.00    0.00    0.00    0.00    0.00    0.00    0.00   99.00    1.00
19:15:26       7    0.00    0.00    0.00    0.00    0.00    0.00    0.00   98.00    2.00

19:15:26     CPU    %usr   %nice    %sys %iowait    %irq   %soft  %steal  %guest   %idle
19:15:27     all    0.00    0.00    1.88    0.25    0.00    0.00    0.00   48.87   48.99
19:15:27       0    0.00    0.00    0.00    2.02    0.00    0.00    0.00    0.00   97.98
19:15:27       1    0.00    0.00    0.00    0.00    0.00    0.00    0.00    2.04   98.98
19:15:27       2    0.00    0.00    0.00    0.00    0.00    0.00    0.00    0.00  100.00
19:15:27       3    0.00    0.00    2.02    1.01    0.00    0.00    0.00    0.00   96.97
19:15:27       4    0.00    0.00    4.00    0.00    0.00    0.00    0.00   96.00    0.00
19:15:27       5    1.00    0.00    5.00    0.00    0.00    0.00    0.00   94.00    0.00
19:15:27       6    0.00    0.00    2.00    0.00    0.00    0.00    0.00   98.00    0.00
19:15:27       7    0.00    0.00    2.00    0.00    0.00    0.00    0.00   99.00    0.00

19:15:27     CPU    %usr   %nice    %sys %iowait    %irq   %soft  %steal  %guest   %idle
19:15:28     all    0.00    0.00    1.88    1.00    0.00    0.00    0.00   49.06   48.06
19:15:28       0    0.00    0.00    0.00    1.02    0.00    0.00    0.00    0.00   98.98
19:15:28       1    0.99    0.00    0.99    2.97    0.00    0.00    0.00    0.99   94.06
19:15:28       2    0.00    0.00    1.00    0.00    0.00    0.00    0.00    0.00   99.00
19:15:28       3    0.00    0.00    3.00    3.00    0.00    0.00    0.00    0.00   94.00
19:15:28       4    0.00    0.00    3.00    0.00    0.00    0.00    0.00   97.00    0.00
19:15:28       5    0.00    0.00    2.00    0.00    0.00    0.00    0.00   98.00    0.00
19:15:28       6    0.00    0.00    2.00    0.00    0.00    0.00    0.00   98.00    0.00
19:15:28       7    1.00    0.00    2.00    0.00    0.00    0.00    0.00   97.00    0.00

19:15:28     CPU    %usr   %nice    %sys %iowait    %irq   %soft  %steal  %guest   %idle
19:15:29     all    0.13    0.00    1.76    0.13    0.00    0.00    0.00   48.87   49.12
19:15:29       0    0.00    0.00    0.00    2.00    0.00    0.00    0.00    0.00   98.00
19:15:29       1    0.00    0.00    0.00    0.00    0.00    0.00    0.00    1.02  100.00
19:15:29       2    0.00    0.00    0.00    0.00    0.00    0.00    0.00    0.00  100.00
19:15:29       3    0.00    0.00    3.06    0.00    0.00    0.00    0.00    0.00   96.94
19:15:29       4    0.00    0.00    1.00    0.00    0.00    0.00    0.00   99.00    0.00
19:15:29       5    0.00    0.00    3.00    0.00    0.00    0.00    0.00   97.00    0.00
19:15:29       6    0.00    0.00    2.00    0.00    0.00    0.00    0.00   98.00    0.00
19:15:29       7    0.00    0.00    5.00    0.00    0.00    0.00    0.00   95.00    0.00

19:15:29     CPU    %usr   %nice    %sys %iowait    %irq   %soft  %steal  %guest   %idle
19:15:30     all    0.12    0.00    1.62    0.00    0.00    0.50    0.00   49.07   48.69
19:15:30       0    1.00    0.00    1.00    0.00    0.00    0.00    0.00    0.00   98.00
19:15:30       1    0.98    0.00    1.96    0.00    0.00    0.98    0.00    0.98   95.10
19:15:30       2    0.99    0.00    0.99    0.00    0.00    0.99    0.00    0.00   97.03
19:15:30       3    0.99    0.00    1.98    0.00    0.00    0.99    0.00    0.00   96.04
19:15:30       4    0.00    0.00    3.00    0.00    0.00    0.00    0.00   97.00    0.00
19:15:30       5    0.00    0.00    2.00    0.00    0.00    0.00    0.00   98.00    0.00
19:15:30       6    0.00    0.00    2.00    0.00    0.00    0.00    0.00   99.00    0.00
19:15:30       7    0.00    0.00    2.00    0.00    0.00    1.00    0.00   98.00    0.00

19:15:30     CPU    %usr   %nice    %sys %iowait    %irq   %soft  %steal  %guest   %idle
19:15:31     all    0.63    0.00    1.38    0.38    0.00    0.25    0.00   48.31   49.06
19:15:31       0    2.02    0.00    1.01    1.01    0.00    0.00    0.00    0.00   95.96
19:15:31       1    0.00    0.00    0.00    0.00    0.00    1.98    0.00    0.99   97.03
19:15:31       2    1.00    0.00    1.00    0.00    0.00    0.00    0.00    0.00   98.00
19:15:31       3    0.00    0.00    3.03    1.01    0.00    0.00    0.00    1.01   94.95
19:15:31       4    1.00    0.00    1.00    0.00    0.00    0.00    0.00   97.00    1.00
19:15:31       5    0.00    0.00    2.00    0.00    0.00    0.00    0.00   97.00    2.00
19:15:31       6    0.00    0.00    0.00    0.00    0.00    0.00    0.00   98.99    1.01
19:15:31       7    1.00    0.00    2.00    0.00    0.00    0.00    0.00   93.00    4.00

19:15:31     CPU    %usr   %nice    %sys %iowait    %irq   %soft  %steal  %guest   %idle
19:15:32     all    0.00    0.00    0.88    0.00    0.00    0.13    0.00   46.29   52.70
19:15:32       0    0.00    0.00    0.00    0.00    0.00    0.00    0.00   86.00   14.00
19:15:32       1    1.02    0.00    2.04    0.00    0.00    0.00    0.00   10.20   86.73
19:15:32       2    0.00    0.00    1.00    0.00    0.00    1.00    0.00   45.00   53.00
19:15:32       3    0.00    0.00    1.02    0.00    0.00    0.00    0.00    4.08   94.90
19:15:32       4    0.00    0.00    1.00    0.00    0.00    1.00    0.00    1.00   97.00
19:15:32       5    0.99    0.00    0.99    0.00    0.00    0.00    0.00   78.22   19.80
19:15:32       6    0.00    0.00    0.00    0.00    0.00    0.00    0.00   48.98   51.02
19:15:32       7    0.00    0.00    1.00    0.00    0.00    0.00    0.00   94.00    5.00

19:15:32     CPU    %usr   %nice    %sys %iowait    %irq   %soft  %steal  %guest   %idle
19:15:33     all    0.25    0.00    1.00    0.00    0.00    0.12    0.00   13.75   84.88
19:15:33       0    0.00    0.00    1.00    0.00    0.00    0.00    0.00   21.00   78.00
19:15:33       1    0.00    0.00    1.00    0.00    0.00    0.00    0.00   17.00   82.00
19:15:33       2    0.00    0.00    2.02    0.00    0.00    0.00    0.00   19.19   78.79
19:15:33       3    0.98    0.00    0.98    0.00    0.00    0.98    0.00    5.88   91.18
19:15:33       4    0.00    0.00    0.00    0.00    0.00    0.00    0.00    0.00  100.00
19:15:33       5    0.00    0.00    1.96    0.00    0.00    0.00    0.00   29.41   68.63
19:15:33       6    0.00    0.00    1.00    0.00    0.00    0.00    0.00    0.00   99.00
19:15:33       7    0.00    0.00    0.99    0.00    0.00    0.00    0.00   17.82   81.19

19:15:33     CPU    %usr   %nice    %sys %iowait    %irq   %soft  %steal  %guest   %idle
19:15:34     all    0.00    0.00    0.63    0.00    0.00    0.00    0.00    1.88   97.62
19:15:34       0    0.00    0.00    0.00    0.00    0.00    0.00    0.00    0.00  100.00
19:15:34       1    0.00    0.00    1.98    0.00    0.00    0.00    0.00    2.97   95.05
19:15:34       2    0.00    0.00    0.00    0.00    0.00    0.00    0.00    0.00  100.00
19:15:34       3    0.00    0.00    0.98    0.00    0.00    0.00    0.00    4.90   94.12
19:15:34       4    0.00    0.00    0.00    0.00    0.00    0.00    0.00    0.00  100.00
19:15:34       5    0.00    0.00    0.00    0.00    0.00    0.00    0.00    4.00   96.00
19:15:34       6    0.00    0.00    0.00    0.00    0.00    0.00    0.00    0.00  100.00
19:15:34       7    0.00    0.00    3.00    0.00    0.00    0.00    0.00    2.00   95.00

19:15:34     CPU    %usr   %nice    %sys %iowait    %irq   %soft  %steal  %guest   %idle
19:15:35     all    0.25    0.00    0.50    0.13    0.00    0.00    0.00    1.25   97.87
19:15:35       0    1.01    0.00    0.00    0.00    0.00    0.00    0.00    0.00   98.99
19:15:35       1    0.00    0.00    0.00    0.00    0.00    0.00    0.00    3.03   96.97
19:15:35       2    0.00    0.00    0.00    0.00    0.00    0.00    0.00    0.00  100.00
19:15:35       3    0.00    0.00    1.01    0.00    0.00    0.00    0.00    2.02   96.97
19:15:35       4    0.00    0.00    0.00    0.00    0.00    0.00    0.00    0.00  100.00
19:15:35       5    0.00    0.00    2.00    0.00    0.00    0.00    0.00    3.00   96.00
19:15:35       6    1.00    0.00    0.00    1.00    0.00    0.00    0.00    0.00   98.00
19:15:35       7    0.00    0.00    0.00    0.00    0.00    0.00    0.00    2.97   97.03

19:15:35     CPU    %usr   %nice    %sys %iowait    %irq   %soft  %steal  %guest   %idle
19:15:36     all    0.12    0.00    0.50    0.00    0.00    0.00    0.00    2.38   97.00
19:15:36       0    0.00    0.00    0.00    0.00    0.00    0.00    0.00    2.00   98.00
19:15:36       1    0.00    0.00    0.00    0.00    0.00    0.00    0.00    5.05   94.95
19:15:36       2    0.99    0.00    0.00    0.00    0.00    0.00    0.00    0.00   99.01
19:15:36       3    0.98    0.00    1.96    0.00    0.00    0.00    0.00    3.92   93.14
19:15:36       4    0.00    0.00    0.00    0.00    0.00    0.00    0.00    2.00   98.00
19:15:36       5    0.99    0.00    1.98    0.00    0.00    0.00    0.00    1.98   95.05
19:15:36       6    0.00    0.00    0.00    0.00    0.00    0.00    0.00    0.00  100.00
19:15:36       7    1.01    0.00    0.00    0.00    0.00    0.00    0.00    2.02   96.97

19:15:36     CPU    %usr   %nice    %sys %iowait    %irq   %soft  %steal  %guest   %idle
19:15:37     all    0.25    0.00    0.50    0.13    0.00    0.00    0.00    2.01   97.11
19:15:37       0    0.00    0.00    0.00    0.00    0.00    0.00    0.00    3.06   97.96
19:15:37       1    0.00    0.00    0.00    0.00    0.00    0.00    0.00    0.00  100.00
19:15:37       2    1.00    0.00    0.00    0.00    0.00    0.00    0.00    1.00   98.00
19:15:37       3    0.00    0.00    0.00    0.00    0.00    0.00    0.00    3.92   96.08
19:15:37       4    0.00    0.00    0.00    1.02    0.00    0.00    0.00    1.02   97.96
19:15:37       5    1.01    0.00    2.02    0.00    0.00    0.00    0.00    0.00   96.97
19:15:37       6    0.00    0.00    0.00    0.00    0.00    0.00    0.00    5.94   94.06
19:15:37       7    0.00    0.00    1.98    0.00    0.00    0.00    0.00    1.98   97.03

19:15:37     CPU    %usr   %nice    %sys %iowait    %irq   %soft  %steal  %guest   %idle
19:15:38     all    0.13    0.00    0.63    0.38    0.00    0.00    0.00    2.38   96.49
19:15:38       0    1.01    0.00    0.00    0.00    0.00    0.00    0.00    4.04   94.95
19:15:38       1    0.00    0.00    0.00    0.00    0.00    0.00    0.00    1.02   98.98
19:15:38       2    0.00    0.00    0.00    0.00    0.00    0.00    0.00    2.00   98.00
19:15:38       3    0.00    0.00    1.00    1.00    0.00    0.00    0.00    1.00   98.00
19:15:38       4    0.00    0.00    0.00    0.00    0.00    0.00    0.00    5.00   95.00
19:15:38       5    1.01    0.00    2.02    0.00    0.00    0.00    0.00    0.00   96.97
19:15:38       6    0.00    0.00    1.01    2.02    0.00    0.00    0.00    2.02   94.95
19:15:38       7    0.99    0.00    0.99    0.00    0.00    0.00    0.00    2.97   95.05

19:15:38     CPU    %usr   %nice    %sys %iowait    %irq   %soft  %steal  %guest   %idle
19:15:39     all    0.12    0.00    0.87    0.00    0.00    0.00    0.00    5.34   93.66
19:15:39       0    0.00    0.00    0.00    0.00    0.00    0.00    0.00    7.92   92.08
19:15:39       1    0.00    0.00    0.99    0.00    0.00    0.00    0.00    4.95   94.06
19:15:39       2    0.00    0.00    1.00    0.00    0.00    0.00    0.00    3.00   96.00
19:15:39       3    0.00    0.00    0.00    0.00    0.00    0.00    0.00    1.00   99.00
19:15:39       4    0.00    0.00    0.98    0.00    0.00    0.00    0.00   13.73   85.29
19:15:39       5    0.00    0.00    2.04    0.00    0.00    0.00    0.00    1.02   96.94
19:15:39       6    0.00    0.00    1.01    0.00    0.00    0.00    0.00    6.06   92.93
19:15:39       7    0.00    0.00    0.00    0.00    0.00    0.00    0.00    5.88   94.12

19:15:39     CPU    %usr   %nice    %sys %iowait    %irq   %soft  %steal  %guest   %idle
19:15:40     all    0.12    0.00    0.62    0.00    0.00    0.00    0.00    5.75   93.50
19:15:40       0    0.00    0.00    0.99    0.00    0.00    0.00    0.00    9.90   89.11
19:15:40       1    1.01    0.00    2.02    0.00    0.00    0.00    0.00    1.01   95.96
19:15:40       2    0.00    0.00    1.00    0.00    0.00    0.00    0.00    5.00   94.00
19:15:40       3    0.99    0.00    0.99    0.00    0.00    0.00    0.00    2.97   95.05
19:15:40       4    0.00    0.00    0.00    0.00    0.00    0.00    0.00    9.09   90.91
19:15:40       5    0.00    0.00    0.97    0.00    0.00    0.00    0.00    8.74   91.26
19:15:40       6    0.00    0.00    0.00    0.00    0.00    0.00    0.00    2.04   98.98
19:15:40       7    0.00    0.00    0.00    0.00    0.00    0.99    0.00    7.92   91.09

19:15:40     CPU    %usr   %nice    %sys %iowait    %irq   %soft  %steal  %guest   %idle
19:15:41     all    0.13    0.00    1.00    0.00    0.00    0.13    0.00    4.26   94.49
19:15:41       0    0.00    0.00    1.01    0.00    0.00    0.00    0.00    2.02   97.98
19:15:41       1    0.00    0.00    3.00    0.00    0.00    0.00    0.00    3.00   94.00
19:15:41       2    0.00    0.00    1.01    0.00    0.00    0.00    0.00    9.09   89.90
19:15:41       3    0.00    0.00    1.01    0.00    0.00    0.00    0.00    4.04   94.95
19:15:41       4    1.02    0.00    0.00    0.00    0.00    0.00    0.00    0.00   98.98
19:15:41       5    0.00    0.00    0.00    0.00    0.00    0.00    0.00    4.04   95.96
19:15:41       6    1.01    0.00    0.00    0.00    0.00    0.00    0.00    4.04   94.95
19:15:41       7    0.00    0.00    1.00    0.00    0.00    0.00    0.00    7.00   92.00

19:15:41     CPU    %usr   %nice    %sys %iowait    %irq   %soft  %steal  %guest   %idle
19:15:42     all    0.75    0.00    0.63    0.00    0.00    0.00    0.00    3.38   95.24
19:15:42       0    1.96    0.00    0.00    0.00    0.00    0.00    0.00    3.92   94.12
19:15:42       1    0.00    0.00    3.03    0.00    0.00    0.00    0.00    2.02   94.95
19:15:42       2    0.00    0.00    0.00    0.00    0.00    0.00    0.00    2.02   97.98
19:15:42       3    1.00    0.00    1.00    0.00    0.00    0.00    0.00    2.00   96.00
19:15:42       4    2.94    0.00    0.98    0.00    0.00    0.00    0.00    3.92   92.16
19:15:42       5    0.99    0.00    0.99    0.00    0.00    0.00    0.00    3.96   94.06
19:15:42       6    0.00    0.00    1.00    0.00    0.00    0.00    0.00    4.00   95.00
19:15:42       7    0.00    0.00    0.00    0.00    0.00    0.00    0.00    5.00   95.00

19:15:42     CPU    %usr   %nice    %sys %iowait    %irq   %soft  %steal  %guest   %idle
19:15:43     all    0.13    0.00    1.00    0.00    0.00    0.00    0.00    1.13   97.74
19:15:43       0    0.00    0.00    1.01    0.00    0.00    0.00    0.00    0.00   98.99
19:15:43       1    0.99    0.00    2.97    0.00    0.00    0.00    0.00    0.00   96.04
19:15:43       2    0.00    0.00    1.00    0.00    0.00    0.00    0.00    2.00   97.00
19:15:43       3    0.00    0.00    0.99    0.00    0.00    0.00    0.00    0.99   98.02
19:15:43       4    0.00    0.00    1.01    0.00    0.00    0.00    0.00    1.01   97.98
19:15:43       5    0.00    0.00    0.00    0.00    0.00    0.00    0.00    1.02   98.98
19:15:43       6    0.00    0.00    0.00    0.00    0.00    0.00    0.00    3.96   96.04
19:15:43       7    0.00    0.00    0.00    0.00    0.00    0.00    0.00    0.00  100.00

19:15:43     CPU    %usr   %nice    %sys %iowait    %irq   %soft  %steal  %guest   %idle
19:15:44     all    0.25    0.00    0.75    0.00    0.00    0.00    0.00    1.25   97.74
19:15:44       0    0.00    0.00    1.03    0.00    0.00    0.00    0.00    1.03   97.94
19:15:44       1    1.00    0.00    3.00    0.00    0.00    0.00    0.00    0.00   96.00
19:15:44       2    0.00    0.00    0.99    0.00    0.00    0.00    0.00    1.98   97.03
19:15:44       3    0.00    0.00    0.00    0.00    0.00    0.00    0.00    0.00  100.00
19:15:44       4    0.00    0.00    0.00    0.00    0.00    0.00    0.00    0.99   99.01
19:15:44       5    0.00    0.00    0.00    0.00    0.00    0.00    0.00    2.97   97.03
19:15:44       6    0.00    0.00    0.00    0.00    0.00    0.00    0.00    1.01   98.99
19:15:44       7    0.00    0.00    1.01    0.00    0.00    0.00    0.00    2.02   96.97

19:15:44     CPU    %usr   %nice    %sys %iowait    %irq   %soft  %steal  %guest   %idle
19:15:45     all    0.75    0.00    1.12    0.00    0.00    0.12    0.00    2.73   95.28
19:15:45       0    1.01    0.00    0.00    0.00    0.00    0.00    0.00    3.03   95.96
19:15:45       1    0.00    0.00    1.00    0.00    0.00    0.00    0.00    2.00   97.00
19:15:45       2    0.00    0.00    1.00    0.00    0.00    0.00    0.00    6.00   93.00
19:15:45       3    4.00    0.00    2.00    0.00    0.00    0.00    0.00    0.00   94.00
19:15:45       4    1.00    0.00    0.00    0.00    0.00    0.00    0.00    3.00   96.00
19:15:45       5    0.00    0.00    1.96    0.00    0.00    0.00    0.00    3.92   94.12
19:15:45       6    0.00    0.00    0.99    0.00    0.00    0.00    0.00    1.98   97.03
19:15:45       7    0.00    0.00    0.98    0.00    0.00    0.00    0.00    2.94   96.08

19:15:45     CPU    %usr   %nice    %sys %iowait    %irq   %soft  %steal  %guest   %idle
19:15:46     all    0.50    0.00    1.13    0.00    0.00    0.00    0.00    2.14   96.23
19:15:46       0    1.00    0.00    2.00    0.00    0.00    0.00    0.00    2.00   95.00
19:15:46       1    2.04    0.00    2.04    0.00    0.00    0.00    0.00    0.00   95.92
19:15:46       2    0.99    0.00    0.99    0.00    0.00    0.00    0.00    0.99   97.03
19:15:46       3    3.03    0.00    1.01    0.00    0.00    0.00    0.00    1.01   94.95
19:15:46       4    0.00    0.00    1.00    0.00    0.00    0.00    0.00    5.00   95.00
19:15:46       5    0.00    0.00    1.01    0.00    0.00    0.00    0.00    2.02   96.97
19:15:46       6    0.00    0.00    0.99    0.00    0.00    0.00    0.00    2.97   96.04
19:15:46       7    0.00    0.00    1.00    0.00    0.00    1.00    0.00    2.00   96.00

19:15:46     CPU    %usr   %nice    %sys %iowait    %irq   %soft  %steal  %guest   %idle
19:15:47     all    1.25    0.00    1.51    0.00    0.00    0.13    0.00    3.26   93.85
19:15:47       0    0.00    0.00    1.98    0.00    0.00    0.00    0.00    5.94   92.08
19:15:47       1    0.00    0.00    1.01    0.00    0.00    0.00    0.00    7.07   91.92
19:15:47       2    0.00    0.00    1.03    0.00    0.00    0.00    0.00    1.03   97.94
19:15:47       3    4.04    0.00    3.03    0.00    0.00    1.01    0.00    1.01   90.91
19:15:47       4    3.00    0.00    1.00    0.00    0.00    0.00    0.00    1.00   95.00
19:15:47       5    1.98    0.00    0.99    0.00    0.00    0.99    0.00    2.97   93.07
19:15:47       6    0.00    0.00    0.00    0.00    0.00    0.00    0.00    4.04   95.96
19:15:47       7    1.02    0.00    1.02    0.00    0.00    0.00    0.00    2.04   95.92

19:15:47     CPU    %usr   %nice    %sys %iowait    %irq   %soft  %steal  %guest   %idle
19:15:48     all    0.75    0.00    1.12    0.00    0.00    0.00    0.00    2.38   95.75
19:15:48       0    0.00    0.00    2.00    0.00    0.00    0.00    0.00    4.00   94.00
19:15:48       1    0.99    0.00    0.00    0.00    0.00    0.00    0.00    0.99   98.02
19:15:48       2    3.03    0.00    2.02    0.00    0.00    0.00    0.00    1.01   93.94
19:15:48       3    0.00    0.00    1.00    0.00    0.00    0.00    0.00    1.00   98.00
19:15:48       4    1.00    0.00    1.00    0.00    0.00    0.00    0.00    1.00   97.00
19:15:48       5    1.98    0.00    0.99    0.00    0.00    0.00    0.00    2.97   94.06
19:15:48       6    0.00    0.00    0.99    0.00    0.00    0.00    0.00    4.95   94.06
19:15:48       7    1.00    0.00    2.00    0.00    0.00    0.00    0.00    2.00   95.00

19:15:48     CPU    %usr   %nice    %sys %iowait    %irq   %soft  %steal  %guest   %idle
19:15:49     all    1.25    0.00    1.13    0.00    0.00    0.13    0.00    1.88   95.61
19:15:49       0    0.00    0.00    0.00    0.00    0.00    0.00    0.00    1.01   98.99
19:15:49       1    0.00    0.00    0.00    0.00    0.00    0.00    0.00    5.15   95.88
19:15:49       2    3.00    0.00    2.00    0.00    0.00    0.00    0.00    0.00   95.00
19:15:49       3    5.00    0.00    1.00    0.00    0.00    0.00    0.00    2.00   92.00
19:15:49       4    0.00    0.00    1.00    0.00    0.00    0.00    0.00    3.00   97.00
19:15:49       5    0.00    0.00    1.00    0.00    0.00    0.00    0.00    2.00   98.00
19:15:49       6    1.01    0.00    0.00    0.00    0.00    0.00    0.00    1.01   97.98
19:15:49       7    0.00    0.00    3.00    0.00    0.00    0.00    0.00    3.00   94.00

19:15:49     CPU    %usr   %nice    %sys %iowait    %irq   %soft  %steal  %guest   %idle
19:15:50     all    1.00    0.00    1.13    0.00    0.00    0.00    0.00    2.13   95.74
19:15:50       0    0.00    0.00    0.00    0.00    0.00    0.00    0.00    1.02   98.98
19:15:50       1    1.98    0.00    2.97    0.00    0.00    0.00    0.00    1.98   93.07
19:15:50       2    2.00    0.00    2.00    0.00    0.00    0.00    0.00    0.00   96.00
19:15:50       3    4.90    0.00    1.96    0.00    0.00    0.98    0.00    3.92   88.24
19:15:50       4    0.00    0.00    0.00    0.00    0.00    0.00    0.00    0.00  100.00
19:15:50       5    1.00    0.00    0.00    0.00    0.00    0.00    0.00    4.00   95.00
19:15:50       6    0.00    0.00    0.99    0.00    0.00    0.00    0.00    0.99   98.02
19:15:50       7    0.00    0.00    1.00    0.00    0.00    0.00    0.00    4.00   95.00

19:15:50     CPU    %usr   %nice    %sys %iowait    %irq   %soft  %steal  %guest   %idle
19:15:51     all    1.12    0.00    1.50    0.38    0.00    0.12    0.00    2.88   94.00
19:15:51       0    0.00    0.00    1.00    0.00    0.00    0.00    0.00    0.00   99.00
19:15:51       1    0.00    0.00    1.98    0.99    0.00    0.00    0.00    4.95   92.08
19:15:51       2    3.03    0.00    2.02    0.00    0.00    0.00    0.00    1.01   93.94
19:15:51       3    4.00    0.00    5.00    2.00    0.00    0.00    0.00    2.00   87.00
19:15:51       4    1.01    0.00    1.01    0.00    0.00    0.00    0.00    1.01   96.97
19:15:51       5    0.00    0.00    1.96    0.00    0.00    0.00    0.00    6.86   91.18
19:15:51       6    0.00    0.00    0.00    1.01    0.00    0.00    0.00    1.01   97.98
19:15:51       7    0.00    0.00    0.00    0.00    0.00    0.00    0.00    6.06   93.94

19:15:51     CPU    %usr   %nice    %sys %iowait    %irq   %soft  %steal  %guest   %idle
19:15:52     all    1.00    0.00    1.51    0.00    0.00    0.13    0.00    1.13   96.24
19:15:52       0    0.99    0.00    0.99    0.00    0.00    0.00    0.00    0.99   97.03
19:15:52       1    1.00    0.00    2.00    0.00    0.00    1.00    0.00    0.00   96.00
19:15:52       2    1.03    0.00    1.03    0.00    0.00    0.00    0.00    0.00   97.94
19:15:52       3    3.03    0.00    4.04    0.00    0.00    0.00    0.00    1.01   91.92
19:15:52       4    3.96    0.00    0.99    0.00    0.00    0.00    0.00    0.00   95.05
19:15:52       5    0.00    0.00    1.00    0.00    0.00    0.00    0.00    4.00   95.00
19:15:52       6    0.00    0.00    1.00    0.00    0.00    0.00    0.00    0.00   99.00
19:15:52       7    0.00    0.00    1.98    0.00    0.00    0.00    0.00    1.98   96.04

19:15:52     CPU    %usr   %nice    %sys %iowait    %irq   %soft  %steal  %guest   %idle
19:15:53     all    1.51    0.00    1.38    0.00    0.00    0.00    0.00    1.51   95.60
19:15:53       0    0.00    0.00    1.01    0.00    0.00    0.00    0.00    1.01   98.99
19:15:53       1    0.00    0.00    2.04    0.00    0.00    0.00    0.00    2.04   96.94
19:15:53       2    5.05    0.00    0.00    0.00    0.00    0.00    0.00    0.00   94.95
19:15:53       3    6.12    0.00    3.06    0.00    0.00    0.00    0.00    1.02   89.80
19:15:53       4    0.00    0.00    0.00    0.00    0.00    0.00    0.00    0.00  100.00
19:15:53       5    0.98    0.00    2.94    0.00    0.00    0.00    0.00    2.94   93.14
19:15:53       6    0.00    0.00    0.99    0.00    0.00    0.00    0.00    1.98   97.03
19:15:53       7    0.00    0.00    0.00    0.00    0.00    0.00    0.00    4.12   95.88

19:15:53     CPU    %usr   %nice    %sys %iowait    %irq   %soft  %steal  %guest   %idle
19:15:54     all    0.75    0.00    1.38    0.00    0.00    0.00    0.00    5.51   92.37
19:15:54       0    1.00    0.00    0.00    0.00    0.00    0.00    0.00   12.00   87.00
19:15:54       1    2.00    0.00    2.00    0.00    0.00    0.00    0.00    3.00   93.00
19:15:54       2    0.00    0.00    1.98    0.00    0.00    0.00    0.00    2.97   95.05
19:15:54       3    1.00    0.00    2.00    0.00    0.00    0.00    0.00    3.00   94.00
19:15:54       4    0.99    0.00    1.98    0.00    0.00    0.00    0.00    8.91   88.12
19:15:54       5    0.00    0.00    1.01    0.00    0.00    0.00    0.00    5.05   93.94
19:15:54       6    0.00    0.00    1.00    0.00    0.00    0.00    0.00    5.00   94.00
19:15:54       7    0.00    0.00    1.00    0.00    0.00    0.00    0.00    5.00   94.00

19:15:54     CPU    %usr   %nice    %sys %iowait    %irq   %soft  %steal  %guest   %idle
19:15:55     all    1.25    0.00    1.63    0.25    0.00    0.25    0.00    7.13   89.49
19:15:55       0    2.94    0.00    0.98    0.00    0.00    0.98    0.00    7.84   87.25
19:15:55       1    0.00    0.00    1.01    0.00    0.00    0.00    0.00    5.05   93.94
19:15:55       2    5.10    0.00    4.08    0.00    0.00    0.00    0.00    5.10   85.71
19:15:55       3    2.02    0.00    2.02    0.00    0.00    1.01    0.00    4.04   90.91
19:15:55       4    0.98    0.00    0.98    0.00    0.00    0.00    0.00   14.71   83.33
19:15:55       5    0.98    0.00    3.92    1.96    0.00    0.00    0.00    4.90   88.24
19:15:55       6    0.00    0.00    0.00    0.00    0.00    0.00    0.00    7.07   92.93
19:15:55       7    0.00    0.00    0.00    0.00    0.00    0.00    0.00    7.92   92.08

19:15:55     CPU    %usr   %nice    %sys %iowait    %irq   %soft  %steal  %guest   %idle
19:15:56     all    0.62    0.00    2.09    0.00    0.00    0.12    0.00   17.84   79.34
19:15:56       0    0.00    0.00    1.00    0.00    0.00    0.00    0.00   22.00   77.00
19:15:56       1    0.95    0.00    1.90    0.00    0.00    0.00    0.00   36.19   60.95
19:15:56       2    4.95    0.00    2.97    0.00    0.00    0.00    0.00   25.74   66.34
19:15:56       3    0.00    0.00    2.06    0.00    0.00    0.00    0.00    8.25   89.69
19:15:56       4    0.00    0.00    1.00    0.00    0.00    0.00    0.00    3.00   97.00
19:15:56       5    0.00    0.00    2.88    0.00    0.00    0.00    0.00   32.69   65.38
19:15:56       6    0.00    0.00    1.00    0.00    0.00    0.00    0.00    0.00   99.00
19:15:56       7    0.98    0.00    2.94    0.00    0.00    0.00    0.00   12.75   83.33

19:15:56     CPU    %usr   %nice    %sys %iowait    %irq   %soft  %steal  %guest   %idle
19:15:57     all    0.63    0.00    1.13    0.00    0.00    0.13    0.00    2.14   95.97
19:15:57       0    0.00    0.00    0.00    0.00    0.00    0.00    0.00    2.06   97.94
19:15:57       1    0.00    0.00    1.01    0.00    0.00    0.00    0.00    0.00   98.99
19:15:57       2    0.00    0.00    1.01    0.00    0.00    0.00    0.00    6.06   93.94
19:15:57       3    3.96    0.00    2.97    0.00    0.00    0.00    0.00    3.96   89.11
19:15:57       4    1.02    0.00    1.02    0.00    0.00    0.00    0.00    1.02   96.94
19:15:57       5    2.00    0.00    0.00    0.00    0.00    0.00    0.00    0.00   98.00
19:15:57       6    0.00    0.00    0.00    0.00    0.00    1.01    0.00    1.01   97.98
19:15:57       7    0.00    0.00    3.92    0.00    0.00    0.98    0.00    2.94   92.16

19:15:57     CPU    %usr   %nice    %sys %iowait    %irq   %soft  %steal  %guest   %idle
19:15:58     all    1.38    0.00    1.51    0.00    0.00    0.00    0.00   13.71   83.40
19:15:58       0    0.00    0.00    2.00    0.00    0.00    0.00    0.00   18.00   80.00
19:15:58       1    0.00    0.00    0.00    0.00    0.00    0.00    0.00    0.00  100.00
19:15:58       2    1.01    0.00    2.02    0.00    0.00    0.00    0.00   23.23   73.74
19:15:58       3    5.05    0.00    1.01    0.00    0.00    0.00    0.00    0.00   93.94
19:15:58       4    0.00    0.00    1.00    0.00    0.00    0.00    0.00   53.00   47.00
19:15:58       5    3.00    0.00    3.00    0.00    0.00    0.00    0.00    0.00   94.00
19:15:58       6    0.99    0.00    1.98    0.00    0.00    0.00    0.00   14.85   82.18
19:15:58       7    1.01    0.00    2.02    0.00    0.00    0.00    0.00    0.00   96.97

19:15:58     CPU    %usr   %nice    %sys %iowait    %irq   %soft  %steal  %guest   %idle
19:15:59     all    0.88    0.00    1.25    0.50    0.00    0.25    0.00   13.17   83.94
19:15:59       0    0.00    0.00    1.01    3.03    0.00    0.00    0.00   17.17   78.79
19:15:59       1    2.02    0.00    1.01    2.02    0.00    0.00    0.00    1.01   93.94
19:15:59       2    0.00    0.00    1.02    0.00    0.00    0.00    0.00   13.27   85.71
19:15:59       3    0.00    0.00    2.02    0.00    0.00    0.00    0.00    0.00   97.98
19:15:59       4    0.97    0.00    1.94    0.00    0.00    0.97    0.00   38.83   57.28
19:15:59       5    2.04    0.00    1.02    0.00    0.00    0.00    0.00    0.00   96.94
19:15:59       6    0.00    0.00    0.00    0.00    0.00    0.00    0.00   33.67   66.33
19:15:59       7    1.00    0.00    1.00    0.00    0.00    0.00    0.00    1.00   97.00
