Linux 3.2.0-40-generic (loadgen166) 	02/08/2013 	_x86_64_	(8 CPU)

19:15:20     CPU    %usr   %nice    %sys %iowait    %irq   %soft  %steal  %guest   %idle
19:15:21     all    0.38    0.00    0.63    0.00    0.00    0.00    0.00    0.25   98.75
19:15:21       0    0.00    0.00    0.00    0.00    0.00    0.00    0.00    0.99   99.01
19:15:21       1    0.00    0.00    0.00    0.00    0.00    0.00    0.00    0.99   99.01
19:15:21       2    0.00    0.00    1.02    0.00    0.00    0.00    0.00    0.00   98.98
19:15:21       3    1.00    0.00    1.00    0.00    0.00    0.00    0.00    0.00   98.00
19:15:21       4    1.01    0.00    1.01    0.00    0.00    0.00    0.00    0.00   97.98
19:15:21       5    0.00    0.00    0.00    0.00    0.00    0.00    0.00    0.00  100.00
19:15:21       6    0.00    0.00    0.00    0.00    0.00    0.00    0.00    0.00  100.00
19:15:21       7    0.00    0.00    1.00    0.00    0.00    0.00    0.00    0.00   99.00

19:15:21     CPU    %usr   %nice    %sys %iowait    %irq   %soft  %steal  %guest   %idle
19:15:22     all    0.00    0.00    0.38    0.00    0.00    0.00    0.00    0.25   99.37
19:15:22       0    0.00    0.00    0.00    0.00    0.00    0.00    0.00    0.00  100.00
19:15:22       1    1.01    0.00    0.00    0.00    0.00    0.00    0.00    0.00   98.99
19:15:22       2    0.00    0.00    0.00    0.00    0.00    0.00    0.00    0.00  100.00
19:15:22       3    0.00    0.00    0.00    0.00    0.00    0.00    0.00    0.00  100.00
19:15:22       4    0.00    0.00    3.00    0.00    0.00    0.00    0.00    0.00   97.00
19:15:22       5    1.00    0.00    0.00    0.00    0.00    0.00    0.00    0.00   99.00
19:15:22       6    0.00    0.00    0.00    0.00    0.00    0.00    0.00    0.00  100.00
19:15:22       7    1.00    0.00    0.00    0.00    0.00    0.00    0.00    0.00   99.00

19:15:22     CPU    %usr   %nice    %sys %iowait    %irq   %soft  %steal  %guest   %idle
19:15:23     all    0.75    0.00    0.62    0.00    0.00    0.00    0.00    0.12   98.50
19:15:23       0    0.00    0.00    0.00    0.00    0.00    0.00    0.00    0.00  100.00
19:15:23       1    0.00    0.00    0.00    0.00    0.00    0.00    0.00    2.00   98.00
19:15:23       2    0.00    0.00    1.01    0.00    0.00    0.00    0.00    1.01   98.99
19:15:23       3    1.00    0.00    1.00    0.00    0.00    0.00    0.00    0.00   98.00
19:15:23       4    0.99    0.00    2.97    0.00    0.00    0.00    0.00    0.00   96.04
19:15:23       5    0.00    0.00    0.00    0.00    0.00    0.00    0.00    0.00  100.00
19:15:23       6    0.99    0.00    0.00    0.00    0.00    0.00    0.00    0.00   99.01
19:15:23       7    3.03    0.00    0.00    0.00    0.00    0.00    0.00    0.00   96.97

19:15:23     CPU    %usr   %nice    %sys %iowait    %irq   %soft  %steal  %guest   %idle
19:15:24     all    0.25    0.00    0.38    0.00    0.00    0.00    0.00    0.25   99.12
19:15:24       0    1.00    0.00    0.00    0.00    0.00    0.00    0.00    0.00   99.00
19:15:24       1    0.00    0.00    1.00    0.00    0.00    0.00    0.00    0.00   99.00
19:15:24       2    0.00    0.00    0.00    0.00    0.00    0.00    0.00    0.00  100.00
19:15:24       3    0.00    0.00    0.00    0.00    0.00    0.00    0.00    0.00  100.00
19:15:24       4    0.00    0.00    1.00    0.00    0.00    0.00    0.00    1.00   98.00
19:15:24       5    0.00    0.00    0.00    0.00    0.00    0.00    0.00    0.00  100.00
19:15:24       6    0.00    0.00    1.01    0.00    0.00    0.00    0.00    0.00   98.99
19:15:24       7    0.00    0.00    0.00    0.00    0.00    0.00    0.00    0.99   99.01

19:15:24     CPU    %usr   %nice    %sys %iowait    %irq   %soft  %steal  %guest   %idle
19:15:25     all    0.00    0.00    0.50    0.25    0.00    0.13    0.00    0.63   98.62
19:15:25       0    0.00    0.00    0.00    1.00    0.00    0.00    0.00    0.00   99.00
19:15:25       1    1.00    0.00    0.00    0.00    0.00    0.00    0.00    0.00   99.00
19:15:25       2    0.00    0.00    0.99    0.00    0.00    0.00    0.00    0.00   99.01
19:15:25       3    0.00    0.00    0.00    0.00    0.00    0.00    0.00    1.00   99.00
19:15:25       4    0.00    0.00    0.00    0.00    0.00    0.00    0.00    0.00  100.00
19:15:25       5    0.00    0.00    0.99    1.98    0.00    0.00    0.00    1.98   96.04
19:15:25       6    0.00    0.00    2.02    0.00    0.00    0.00    0.00    0.00   97.98
19:15:25       7    0.00    0.00    0.00    0.00    0.00    0.00    0.00    1.01   98.99

19:15:25     CPU    %usr   %nice    %sys %iowait    %irq   %soft  %steal  %guest   %idle
19:15:26     all    0.25    0.00    0.25    0.00    0.00    0.00    0.00    0.13   99.37
19:15:26       0    0.00    0.00    0.00    0.00    0.00    0.00    0.00    0.00  100.00
19:15:26       1    0.00    0.00    0.00    0.00    0.00    0.00    0.00    0.00  100.00
19:15:26       2    1.00    0.00    0.00    0.00    0.00    0.00    0.00    0.00   99.00
19:15:26       3    0.00    0.00    1.00    0.00    0.00    0.00    0.00    1.00   98.00
19:15:26       4    0.00    0.00    0.00    0.00    0.00    0.00    0.00    0.00  100.00
19:15:26       5    1.00    0.00    0.00    0.00    0.00    0.00    0.00    0.00   99.00
19:15:26       6    1.00    0.00    2.00    0.00    0.00    0.00    0.00    0.00   97.00
19:15:26       7    1.01    0.00    0.00    0.00    0.00    0.00    0.00    0.00   98.99

19:15:26     CPU    %usr   %nice    %sys %iowait    %irq   %soft  %steal  %guest   %idle
19:15:27     all    0.12    0.00    0.38    0.00    0.00    0.00    0.00    1.00   98.50
19:15:27       0    0.00    0.00    0.00    0.00    0.00    0.00    0.00    0.00  100.00
19:15:27       1    0.00    0.00    0.99    0.00    0.00    0.00    0.00    0.99   98.02
19:15:27       2    0.00    0.00    0.00    0.00    0.00    0.00    0.00    1.00   99.00
19:15:27       3    0.00    0.00    0.00    0.00    0.00    1.01    0.00    1.01   97.98
19:15:27       4    0.00    0.00    0.00    0.00    0.00    0.00    0.00    0.00  100.00
19:15:27       5    0.00    0.00    0.00    0.00    0.00    0.00    0.00    1.00   99.00
19:15:27       6    1.00    0.00    2.00    0.00    0.00    0.00    0.00    0.00   97.00
19:15:27       7    0.00    0.00    0.00    0.00    0.00    0.00    0.00    2.00   98.00

19:15:27     CPU    %usr   %nice    %sys %iowait    %irq   %soft  %steal  %guest   %idle
19:15:28     all    0.00    0.00    0.38    0.00    0.00    0.13    0.00    0.25   99.25
19:15:28       0    1.00    0.00    2.00    0.00    0.00    0.00    0.00    0.00   97.00
19:15:28       1    0.00    0.00    0.00    0.00    0.00    0.00    0.00    1.01  100.00
19:15:28       2    0.00    0.00    0.00    0.00    0.00    0.00    0.00    0.00  100.00
19:15:28       3    0.00    0.00    0.99    0.00    0.00    0.00    0.00    0.99   98.02
19:15:28       4    0.00    0.00    0.00    0.00    0.00    0.00    0.00    0.00  100.00
19:15:28       5    0.00    0.00    0.00    0.00    0.00    0.00    0.00    1.00   99.00
19:15:28       6    0.00    0.00    0.00    0.00    0.00    0.00    0.00    0.00  100.00
19:15:28       7    0.00    0.00    1.01    0.00    0.00    0.00    0.00    1.01   98.99

19:15:28     CPU    %usr   %nice    %sys %iowait    %irq   %soft  %steal  %guest   %idle
19:15:29     all    0.00    0.00    0.63    0.00    0.00    0.00    0.00    1.01   98.36
19:15:29       0    0.00    0.00    2.02    0.00    0.00    0.00    0.00    0.00   97.98
19:15:29       1    1.00    0.00    1.00    0.00    0.00    0.00    0.00    0.00   98.00
19:15:29       2    0.00    0.00    0.00    0.00    0.00    0.00    0.00    1.01  100.00
19:15:29       3    0.00    0.00    0.00    0.00    0.00    0.00    0.00    0.00  100.00
19:15:29       4    0.99    0.00    0.99    0.00    0.00    0.00    0.00    0.99   97.03
19:15:29       5    0.00    0.00    0.00    0.00    0.00    0.00    0.00    1.01   98.99
19:15:29       6    0.00    0.00    0.00    0.00    0.00    0.00    0.00    2.02   97.98
19:15:29       7    0.99    0.00    0.00    0.00    0.00    0.00    0.00    1.98   97.03

19:15:29     CPU    %usr   %nice    %sys %iowait    %irq   %soft  %steal  %guest   %idle
19:15:30     all    0.38    0.00    1.13    0.50    0.00    0.00    0.00    4.65   93.33
19:15:30       0    0.00    0.00    1.03    0.00    0.00    0.00    0.00    6.19   92.78
19:15:30       1    0.00    0.00    1.01    2.02    0.00    0.00    0.00    1.01   95.96
19:15:30       2    1.03    0.00    2.06    0.00    0.00    0.00    0.00    4.12   92.78
19:15:30       3    0.99    0.00    0.00    0.99    0.00    0.99    0.00    3.96   93.07
19:15:30       4    0.00    0.00    2.00    0.00    0.00    0.00    0.00   11.00   87.00
19:15:30       5    0.00    0.00    0.00    1.01    0.00    0.00    0.00    2.02   97.98
19:15:30       6    0.00    0.00    1.98    0.00    0.00    0.00    0.00    9.90   88.12
19:15:30       7    0.00    0.00    0.00    0.00    0.00    0.00    0.00    0.00  100.00

19:15:30     CPU    %usr   %nice    %sys %iowait    %irq   %soft  %steal  %guest   %idle
19:15:31     all    0.13    0.00    1.14    0.13    0.00    0.13    0.00   19.60   78.89
19:15:31       0    0.99    0.00    1.98    0.00    0.00    0.00    0.00   29.70   67.33
19:15:31       1    0.00    0.00    1.00    1.00    0.00    1.00    0.00    7.00   90.00
19:15:31       2    0.00    0.00    2.00    0.00    0.00    1.00    0.00   41.00   56.00
19:15:31       3    0.00    0.00    2.00    0.00    0.00    0.00    0.00    2.00   97.00
19:15:31       4    0.00    0.00    0.00    0.00    0.00    0.00    0.00   46.39   53.61
19:15:31       5    1.00    0.00    0.00    0.00    0.00    0.00    0.00    0.00   99.00
19:15:31       6    0.00    0.00    3.09    0.00    0.00    0.00    0.00   30.93   65.98
19:15:31       7    0.00    0.00    0.00    0.00    0.00    0.00    0.00    1.01  100.00

19:15:31     CPU    %usr   %nice    %sys %iowait    %irq   %soft  %steal  %guest   %idle
19:15:32     all    0.12    0.00    1.38    0.25    0.00    0.12    0.00   35.25   62.88
19:15:32       0    0.00    0.00    3.06    0.00    0.00    0.00    0.00    4.08   92.86
19:15:32       1    1.02    0.00    1.02    0.00    0.00    0.00    0.00   64.29   33.67
19:15:32       2    0.00    0.00    2.97    0.00    0.00    0.00    0.00   73.27   23.76
19:15:32       3    1.00    0.00    1.00    0.00    0.00    0.00    0.00    0.00   98.00
19:15:32       4    0.00    0.00    0.00    0.00    0.00    0.00    0.00   66.67   33.33
19:15:32       5    0.00    0.00    0.00    1.01    0.00    0.00    0.00    1.01   97.98
19:15:32       6    0.00    0.00    1.96    0.00    0.00    0.00    0.00   70.59   27.45
19:15:32       7    0.00    0.00    0.00    1.01    0.00    0.00    0.00    0.00   98.99

19:15:32     CPU    %usr   %nice    %sys %iowait    %irq   %soft  %steal  %guest   %idle
19:15:33     all    0.38    0.00    0.75    0.75    0.00    0.00    0.00   43.66   54.45
19:15:33       0    0.00    0.00    2.02    3.03    0.00    0.00    0.00    0.00   94.95
19:15:33       1    0.00    0.00    0.00    0.00    0.00    0.00    0.00   98.00    3.00
19:15:33       2    0.00    0.00    1.00    0.00    0.00    0.00    0.00   79.00   20.00
19:15:33       3    0.00    0.00    1.00    1.00    0.00    0.00    0.00    1.00   97.00
19:15:33       4    1.00    0.00    1.00    0.00    0.00    0.00    0.00   75.00   23.00
19:15:33       5    0.00    0.00    0.00    1.01    0.00    0.00    0.00    1.01   97.98
19:15:33       6    1.00    0.00    0.00    0.00    0.00    0.00    0.00   93.00    6.00
19:15:33       7    2.97    0.00    0.99    0.99    0.00    0.00    0.00    0.99   94.06

19:15:33     CPU    %usr   %nice    %sys %iowait    %irq   %soft  %steal  %guest   %idle
19:15:34     all    0.00    0.00    1.51    0.88    0.00    0.00    0.00   40.45   57.16
19:15:34       0    0.00    0.00    2.04    1.02    0.00    0.00    0.00    0.00   96.94
19:15:34       1    0.00    0.00    2.02    0.00    0.00    0.00    0.00   73.74   24.24
19:15:34       2    0.00    0.00    1.00    0.00    0.00    0.00    0.00   77.00   22.00
19:15:34       3    0.00    0.00    3.00    0.00    0.00    0.00    0.00   77.00   20.00
19:15:34       4    0.00    0.00    1.00    0.00    0.00    0.00    0.00    1.00   98.00
19:15:34       5    0.00    0.00    1.00    3.00    0.00    0.00    0.00    0.00   96.00
19:15:34       6    0.00    0.00    3.00    0.00    0.00    0.00    0.00   94.00    4.00
19:15:34       7    0.00    0.00    0.00    3.03    0.00    0.00    0.00    1.01   95.96

19:15:34     CPU    %usr   %nice    %sys %iowait    %irq   %soft  %steal  %guest   %idle
19:15:35     all    0.13    0.00    1.38    1.25    0.00    0.00    0.00   33.71   63.53
19:15:35       0    0.98    0.00    1.96    0.98    0.00    0.00    0.00   46.08   50.00
19:15:35       1    0.00    0.00    1.98    1.98    0.00    0.00    0.00   56.44   39.60
19:15:35       2    1.01    0.00    2.02    0.00    0.00    0.00    0.00   25.25   71.72
19:15:35       3    0.00    0.00    3.00    0.00    0.00    0.00    0.00   77.00   20.00
19:15:35       4    0.00    0.00    2.06    0.00    0.00    0.00    0.00    0.00   97.94
19:15:35       5    0.00    0.00    0.00    3.06    0.00    0.00    0.00    1.02   96.94
19:15:35       6    1.00    0.00    0.00    0.00    0.00    0.00    0.00   60.00   39.00
19:15:35       7    0.00    0.00    0.00    2.02    0.00    0.00    0.00    1.01   96.97

19:15:35     CPU    %usr   %nice    %sys %iowait    %irq   %soft  %steal  %guest   %idle
19:15:36     all    0.13    0.00    1.13    0.25    0.00    0.00    0.00   40.33   58.17
19:15:36       0    0.00    0.00    1.01    0.00    0.00    0.00    0.00   61.62   37.37
19:15:36       1    0.00    0.00    1.01    0.00    0.00    0.00    0.00   74.75   24.24
19:15:36       2    0.00    0.00    0.00    0.00    0.00    0.00    0.00    0.00  100.00
19:15:36       3    0.00    0.00    1.00    0.00    0.00    0.00    0.00   29.00   70.00
19:15:36       4    1.00    0.00    2.00    0.00    0.00    0.00    0.00    0.00   97.00
19:15:36       5    1.01    0.00    0.00    0.00    0.00    0.00    0.00   64.65   34.34
19:15:36       6    0.00    0.00    3.96    1.98    0.00    0.00    0.00   91.09    3.96
19:15:36       7    0.00    0.00    0.00    0.00    0.00    0.00    0.00    1.01   98.99

19:15:36     CPU    %usr   %nice    %sys %iowait    %irq   %soft  %steal  %guest   %idle
19:15:37     all    0.00    0.00    1.50    0.00    0.00    0.00    0.00   39.60   58.90
19:15:37       0    0.00    0.00    0.00    0.00    0.00    0.00    0.00   25.25   74.75
19:15:37       1    0.00    0.00    4.95    0.00    0.00    0.00    0.00   73.27   21.78
19:15:37       2    0.00    0.00    1.01    0.00    0.00    0.00    0.00   48.48   51.52
19:15:37       3    0.00    0.00    0.00    0.00    0.00    0.00    0.00    0.00  100.00
19:15:37       4    0.00    0.00    2.02    0.00    0.00    0.00    0.00    0.00   97.98
19:15:37       5    0.00    0.00    2.97    0.00    0.00    0.00    0.00   75.25   21.78
19:15:37       6    0.00    0.00    0.00    0.00    0.00    0.00    0.00   90.82    9.18
19:15:37       7    1.01    0.00    0.00    0.00    0.00    0.00    0.00    4.04   94.95

19:15:37     CPU    %usr   %nice    %sys %iowait    %irq   %soft  %steal  %guest   %idle
19:15:38     all    0.13    0.00    1.25    0.00    0.00    0.00    0.00   21.53   77.10
19:15:38       0    0.00    0.00    2.97    0.00    0.00    0.00    0.00    0.00   97.03
19:15:38       1    0.98    0.00    0.98    0.00    0.00    0.00    0.00    7.84   90.20
19:15:38       2    0.00    0.00    1.98    0.00    0.00    0.00    0.00   39.60   58.42
19:15:38       3    0.00    0.00    0.00    0.00    0.00    0.00    0.00    1.00   99.00
19:15:38       4    0.00    0.00    0.00    0.00    0.00    0.00    0.00    0.00  100.00
19:15:38       5    0.00    0.00    1.00    0.00    0.00    0.00    0.00   33.00   66.00
19:15:38       6    0.00    0.00    3.96    0.00    0.00    0.00    0.00   66.34   29.70
19:15:38       7    0.00    0.00    1.00    0.00    0.00    0.00    0.00   25.00   75.00

19:15:38     CPU    %usr   %nice    %sys %iowait    %irq   %soft  %steal  %guest   %idle
19:15:39     all    0.13    0.00    1.25    0.88    0.00    0.00    0.00    6.52   91.23
19:15:39       0    0.00    0.00    2.02    0.00    0.00    0.00    0.00    0.00   97.98
19:15:39       1    0.00    0.00    0.00    6.06    0.00    0.00    0.00    1.01   93.94
19:15:39       2    0.00    0.00    2.02    0.00    0.00    0.00    0.00   14.14   83.84
19:15:39       3    0.00    0.00    0.00    0.00    0.00    0.00    0.00    0.00  100.00
19:15:39       4    0.00    0.00    0.00    1.00    0.00    0.00    0.00    1.00   99.00
19:15:39       5    0.00    0.00    2.97    0.99    0.00    0.00    0.00    9.90   86.14
19:15:39       6    0.98    0.00    0.98    0.00    0.00    0.00    0.00    8.82   89.22
19:15:39       7    1.01    0.00    1.01    0.00    0.00    0.00    0.00   17.17   80.81

19:15:39     CPU    %usr   %nice    %sys %iowait    %irq   %soft  %steal  %guest   %idle
19:15:40     all    0.00    0.00    2.27    0.25    0.00    0.13    0.00   29.85   67.51
19:15:40       0    0.00    0.00    2.04    0.00    0.00    0.00    0.00    0.00   97.96
19:15:40       1    0.00    0.00    5.00    1.00    0.00    0.00    0.00   56.00   38.00
19:15:40       2    0.00    0.00    1.02    0.00    0.00    0.00    0.00   46.94   52.04
19:15:40       3    0.00    0.00    3.03    0.00    0.00    0.00    0.00   27.27   69.70
19:15:40       4    0.00    0.00    1.00    0.00    0.00    1.00    0.00    0.00   98.00
19:15:40       5    0.00    0.00    0.99    0.99    0.00    0.00    0.00   12.87   85.15
19:15:40       6    0.00    0.00    5.05    0.00    0.00    0.00    0.00   77.78   18.18
19:15:40       7    0.00    0.00    1.02    0.00    0.00    0.00    0.00   18.37   81.63

19:15:40     CPU    %usr   %nice    %sys %iowait    %irq   %soft  %steal  %guest   %idle
19:15:41     all    0.00    0.00    2.00    0.38    0.00    0.00    0.00   38.62   59.00
19:15:41       0    1.01    0.00    2.02    2.02    0.00    0.00    0.00   45.45   49.49
19:15:41       1    0.99    0.00    1.98    0.00    0.00    0.00    0.00   26.73   70.30
19:15:41       2    0.99    0.00    2.97    0.00    0.00    0.00    0.00   11.88   84.16
19:15:41       3    0.00    0.00    3.00    0.00    0.00    1.00    0.00   70.00   26.00
19:15:41       4    0.00    0.00    0.99    0.00    0.00    0.00    0.00    0.00   99.01
19:15:41       5    0.00    0.00    1.00    0.00    0.00    0.00    0.00   66.00   33.00
19:15:41       6    0.99    0.00    3.96    0.00    0.00    0.00    0.00   84.16   10.89
19:15:41       7    0.00    0.00    0.00    0.00    0.00    0.00    0.00    2.02   97.98

19:15:41     CPU    %usr   %nice    %sys %iowait    %irq   %soft  %steal  %guest   %idle
19:15:42     all    0.00    0.00    1.62    0.00    0.00    0.12    0.00   41.12   57.12
19:15:42       0    0.00    0.00    2.97    0.00    0.00    0.00    0.00   76.24   20.79
19:15:42       1    0.00    0.00    0.00    0.00    0.00    0.00    0.00    1.02  100.00
19:15:42       2    0.00    0.00    2.02    0.00    0.00    0.00    0.00    1.01   97.98
19:15:42       3    0.00    0.00    4.00    0.00    0.00    0.00    0.00   72.00   24.00
19:15:42       4    0.00    0.00    0.00    0.00    0.00    0.00    0.00    0.00  100.00
19:15:42       5    0.00    0.00    0.00    0.00    0.00    0.00    0.00   91.92    8.08
19:15:42       6    0.00    0.00    2.00    0.00    0.00    0.00    0.00   86.00   12.00
19:15:42       7    0.00    0.00    0.00    0.00    0.00    0.00    0.00    2.00   98.00

19:15:42     CPU    %usr   %nice    %sys %iowait    %irq   %soft  %steal  %guest   %idle
19:15:43     all    0.38    0.00    1.00    0.00    0.00    0.00    0.00   43.88   54.75
19:15:43       0    0.00    0.00    1.00    0.00    0.00    0.00    0.00   80.00   19.00
19:15:43       1    0.00    0.00    1.00    0.00    0.00    0.00    0.00    0.00   99.00
19:15:43       2    0.00    0.00    2.00    0.00    0.00    0.00    0.00    0.00   98.00
19:15:43       3    0.00    0.00    0.00    0.00    0.00    0.00    0.00   96.97    3.03
19:15:43       4    0.00    0.00    0.00    0.00    0.00    0.00    0.00    0.00  100.00
19:15:43       5    0.00    0.00    1.00    0.00    0.00    0.00    0.00   93.00    6.00
19:15:43       6    0.00    0.00    2.02    0.00    0.00    0.00    0.00   80.81   17.17
19:15:43       7    1.96    0.00    1.96    0.00    0.00    0.00    0.00    1.96   94.12

19:15:43     CPU    %usr   %nice    %sys %iowait    %irq   %soft  %steal  %guest   %idle
19:15:44     all    0.00    0.00    3.03    0.00    0.00    0.00    0.00   32.95   64.02
19:15:44       0    0.99    0.00    5.94    0.00    0.00    0.00    0.00   15.84   77.23
19:15:44       1    0.00    0.00    0.00    0.00    0.00    0.00    0.00    0.00  100.00
19:15:44       2    1.01    0.00    1.01    0.00    0.00    0.00    0.00   41.41   56.57
19:15:44       3    0.00    0.00    1.02    0.00    0.00    0.00    0.00   19.39   79.59
19:15:44       4    0.00    0.00    1.01    0.00    0.00    0.00    0.00    0.00   98.99
19:15:44       5    0.00    0.00    2.02    0.00    0.00    0.00    0.00   54.55   43.43
19:15:44       6    0.00    0.00   12.12    0.00    0.00    0.00    0.00   73.74   14.14
19:15:44       7    1.00    0.00    0.00    0.00    0.00    0.00    0.00   56.00   43.00

19:15:44     CPU    %usr   %nice    %sys %iowait    %irq   %soft  %steal  %guest   %idle
19:15:45     all    0.13    0.00    0.38    0.00    0.00    0.13    0.00    2.89   96.48
19:15:45       0    0.00    0.00    2.04    0.00    0.00    0.00    0.00    3.06   94.90
19:15:45       1    0.00    0.00    0.99    0.00    0.00    0.00    0.00    0.99   98.02
19:15:45       2    0.00    0.00    0.00    0.00    0.00    0.00    0.00    0.00  100.00
19:15:45       3    0.00    0.00    0.00    0.00    0.00    0.00    0.00    0.00  100.00
19:15:45       4    1.00    0.00    1.00    0.00    0.00    0.00    0.00    5.00   93.00
19:15:45       5    0.00    0.00    0.00    0.00    0.00    0.00    0.00    6.00   94.00
19:15:45       6    0.00    0.00    0.00    0.00    0.00    0.00    0.00    8.00   92.00
19:15:45       7    0.00    0.00    0.00    0.00    0.00    0.00    0.00    2.02   98.99

19:15:45     CPU    %usr   %nice    %sys %iowait    %irq   %soft  %steal  %guest   %idle
19:15:46     all    0.00    0.00    0.88    0.38    0.00    0.00    0.00    5.01   93.73
19:15:46       0    0.00    0.00    1.02    1.02    0.00    0.00    0.00   10.20   87.76
19:15:46       1    0.00    0.00    0.00    2.02    0.00    0.00    0.00    0.00   97.98
19:15:46       2    1.00    0.00    1.00    1.00    0.00    0.00    0.00    5.00   92.00
19:15:46       3    0.00    0.00    0.00    0.00    0.00    0.00    0.00    0.00  100.00
19:15:46       4    0.00    0.00    1.98    0.00    0.00    0.00    0.00    4.95   94.06
19:15:46       5    0.00    0.00    0.00    0.00    0.00    0.00    0.00    7.84   92.16
19:15:46       6    0.00    0.00    1.01    0.00    0.00    0.00    0.00    9.09   89.90
19:15:46       7    0.00    0.00    0.00    0.00    0.00    0.00    0.00    3.03   96.97

19:15:46     CPU    %usr   %nice    %sys %iowait    %irq   %soft  %steal  %guest   %idle
19:15:47     all    0.13    0.00    0.88    0.00    0.00    0.00    0.00    3.26   95.73
19:15:47       0    0.00    0.00    1.98    0.00    0.00    0.00    0.00    2.97   95.05
19:15:47       1    0.00    0.00    2.02    0.00    0.00    0.00    0.00    2.02   95.96
19:15:47       2    0.00    0.00    2.00    0.00    0.00    0.00    0.00    7.00   92.00
19:15:47       3    0.00    0.00    1.00    0.00    0.00    0.00    0.00    0.00   99.00
19:15:47       4    1.01    0.00    1.01    0.00    0.00    0.00    0.00    4.04   93.94
19:15:47       5    0.00    0.00    0.00    0.00    0.00    0.00    0.00    1.01   98.99
19:15:47       6    0.00    0.00    0.00    0.00    0.00    0.00    0.00    0.00  100.00
19:15:47       7    0.00    0.00    1.00    0.00    0.00    0.00    0.00    8.00   91.00

19:15:47     CPU    %usr   %nice    %sys %iowait    %irq   %soft  %steal  %guest   %idle
19:15:48     all    0.00    0.00    0.75    0.00    0.00    0.00    0.00   22.90   76.47
19:15:48       0    0.00    0.00    0.00    0.00    0.00    0.00    0.00   10.20   89.80
19:15:48       1    0.00    0.00    1.00    0.00    0.00    0.00    0.00   26.00   73.00
19:15:48       2    1.00    0.00    0.00    0.00    0.00    0.00    0.00   44.00   55.00
19:15:48       3    0.00    0.00    0.00    0.00    0.00    0.00    0.00    2.02   98.99
19:15:48       4    0.00    0.00    0.00    0.00    0.00    0.00    0.00    2.97   97.03
19:15:48       5    0.00    0.00    1.00    0.00    0.00    0.00    0.00   33.00   66.00
19:15:48       6    0.00    0.00    3.03    0.00    0.00    0.00    0.00    1.01   96.97
19:15:48       7    0.00    0.00    0.99    0.00    0.00    0.00    0.00   64.36   34.65

19:15:48     CPU    %usr   %nice    %sys %iowait    %irq   %soft  %steal  %guest   %idle
19:15:49     all    0.00    0.00    0.88    0.00    0.00    0.00    0.00   28.14   70.98
19:15:49       0    0.00    0.00    0.98    0.00    0.00    0.98    0.00   56.86   41.18
19:15:49       1    1.00    0.00    1.00    0.00    0.00    0.00    0.00   53.00   45.00
19:15:49       2    0.00    0.00    0.00    0.00    0.00    0.00    0.00    0.00  100.00
19:15:49       3    1.01    0.00    1.01    0.00    0.00    0.00    0.00    6.06   91.92
19:15:49       4    0.00    0.00    1.01    0.00    0.00    0.00    0.00    1.01   98.99
19:15:49       5    0.00    0.00    0.00    0.00    0.00    0.00    0.00   61.00   39.00
19:15:49       6    0.99    0.00    2.97    0.00    0.00    0.00    0.00    0.00   96.04
19:15:49       7    0.00    0.00    0.00    0.00    0.00    0.00    0.00   44.44   55.56

19:15:49     CPU    %usr   %nice    %sys %iowait    %irq   %soft  %steal  %guest   %idle
19:15:50     all    0.38    0.00    0.50    0.00    0.00    0.13    0.00   32.17   66.83
19:15:50       0    0.00    0.00    0.00    0.00    0.00    0.00    0.00   74.75   26.26
19:15:50       1    0.00    0.00    0.00    0.00    0.00    1.01    0.00   86.87   12.12
19:15:50       2    0.00    0.00    0.00    0.00    0.00    0.00    0.00    0.00  100.00
19:15:50       3    1.00    0.00    0.00    0.00    0.00    0.00    0.00    4.00   95.00
19:15:50       4    0.99    0.00    0.99    0.00    0.00    0.00    0.00    0.00   98.02
19:15:50       5    0.00    0.00    0.00    0.00    0.00    0.00    0.00   40.40   59.60
19:15:50       6    1.00    0.00    2.00    0.00    0.00    0.00    0.00    0.00   97.00
19:15:50       7    0.00    0.00    0.00    0.00    0.00    0.00    0.00   54.55   45.45

19:15:50     CPU    %usr   %nice    %sys %iowait    %irq   %soft  %steal  %guest   %idle
19:15:51     all    0.88    0.00    1.38    1.38    0.00    0.00    0.00   20.73   75.63
19:15:51       0    4.95    0.00    1.98    3.96    0.00    0.00    0.00    1.98   87.13
19:15:51       1    0.00    0.00    0.00    3.06    0.00    0.00    0.00   41.84   55.10
19:15:51       2    0.99    0.00    3.96    2.97    0.00    0.00    0.00    0.99   91.09
19:15:51       3    1.00    0.00    0.00    0.00    0.00    0.00    0.00   10.00   89.00
19:15:51       4    1.01    0.00    1.01    1.01    0.00    0.00    0.00    0.00   96.97
19:15:51       5    1.00    0.00    1.00    0.00    0.00    0.00    0.00   47.00   51.00
19:15:51       6    1.01    0.00    2.02    0.00    0.00    0.00    0.00   30.30   66.67
19:15:51       7    0.00    0.00    0.99    0.00    0.00    0.00    0.00   31.68   67.33

19:15:51     CPU    %usr   %nice    %sys %iowait    %irq   %soft  %steal  %guest   %idle
19:15:52     all    1.01    0.00    0.76    0.38    0.00    0.13    0.00   18.54   79.19
19:15:52       0    0.00    0.00    0.00    0.00    0.00    0.00    0.00   29.17   70.83
19:15:52       1    0.00    0.00    0.99    0.00    0.00    0.00    0.00   52.48   46.53
19:15:52       2    2.08    0.00    1.04    0.00    0.00    0.00    0.00    3.12   93.75
19:15:52       3    0.00    0.00    0.00    0.00    0.00    0.00    0.00   13.13   86.87
19:15:52       4    1.02    0.00    1.02    1.02    0.00    0.00    0.00    3.06   93.88
19:15:52       5    0.00    0.00    0.00    0.00    0.00    0.00    0.00   37.76   62.24
19:15:52       6    0.99    0.00    2.97    1.98    0.00    0.00    0.00    8.91   85.15
19:15:52       7    0.00    0.00    0.00    0.00    0.00    0.00    0.00    3.03   96.97

19:15:52     CPU    %usr   %nice    %sys %iowait    %irq   %soft  %steal  %guest   %idle
19:15:53     all    1.51    0.00    1.64    0.13    0.00    0.00    0.00    5.67   91.06
19:15:53       0    0.00    0.00    2.04    1.02    0.00    0.00    0.00   10.20   86.73
19:15:53       1    0.99    0.00    0.99    0.00    0.00    0.99    0.00    0.00   97.03
19:15:53       2    2.04    0.00    1.02    0.00    0.00    0.00    0.00   14.29   82.65
19:15:53       3    7.00    0.00    4.00    0.00    0.00    0.00    0.00    0.00   89.00
19:15:53       4    0.00    0.00    1.01    0.00    0.00    0.00    0.00   10.10   88.89
19:15:53       5    1.00    0.00    1.00    0.00    0.00    0.00    0.00    0.00   98.00
19:15:53       6    0.00    0.00    1.96    0.00    0.00    0.00    0.00    9.80   88.24
19:15:53       7    2.02    0.00    1.01    0.00    0.00    0.00    0.00    1.01   95.96

19:15:53     CPU    %usr   %nice    %sys %iowait    %irq   %soft  %steal  %guest   %idle
19:15:54     all    0.63    0.00    1.01    0.13    0.00    0.13    0.00    7.93   90.18
19:15:54       0    0.00    0.00    1.03    0.00    0.00    0.00    0.00   15.46   84.54
19:15:54       1    0.00    0.00    0.00    0.00    0.00    0.00    0.00    0.00  100.00
19:15:54       2    0.00    0.00    2.97    0.00    0.00    0.00    0.00   17.82   79.21
19:15:54       3    2.02    0.00    2.02    0.00    0.00    0.00    0.00    1.01   94.95
19:15:54       4    1.00    0.00    0.00    0.00    0.00    0.00    0.00   16.00   83.00
19:15:54       5    0.00    0.00    1.01    0.00    0.00    0.00    0.00    1.01   98.99
19:15:54       6    0.00    0.00    0.00    0.00    0.00    0.00    0.00   13.40   86.60
19:15:54       7    1.96    0.00    1.96    0.00    0.00    0.00    0.00    0.00   96.08

19:15:54     CPU    %usr   %nice    %sys %iowait    %irq   %soft  %steal  %guest   %idle
19:15:55     all    1.25    0.00    1.25    0.00    0.00    0.00    0.00    0.50   96.99
19:15:55       0    1.00    0.00    1.00    0.00    0.00    0.00    0.00    0.00   98.00
19:15:55       1    0.00    0.00    0.00    0.00    0.00    0.00    0.00    0.00  100.00
19:15:55       2    7.14    0.00    1.02    0.00    0.00    0.00    0.00    0.00   91.84
19:15:55       3    2.02    0.00    2.02    0.00    0.00    0.00    0.00    0.00   95.96
19:15:55       4    0.00    0.00    3.96    0.00    0.00    0.00    0.00    0.99   95.05
19:15:55       5    0.99    0.00    0.99    0.00    0.00    0.00    0.00    0.99   97.03
19:15:55       6    0.00    0.00    1.00    0.00    0.00    0.00    0.00    1.00   98.00
19:15:55       7    1.01    0.00    0.00    0.00    0.00    0.00    0.00    0.00   98.99

19:15:55     CPU    %usr   %nice    %sys %iowait    %irq   %soft  %steal  %guest   %idle
19:15:56     all    0.50    0.00    0.88    0.13    0.00    0.00    0.00    0.50   97.98
19:15:56       0    0.00    0.00    0.00    0.00    0.00    0.00    0.00    1.00   99.00
19:15:56       1    0.00    0.00    0.00    0.00    0.00    0.00    0.00    1.01   98.99
19:15:56       2    0.00    0.00    1.00    1.00    0.00    0.00    0.00    1.00   97.00
19:15:56       3    4.04    0.00    2.02    0.00    0.00    0.00    0.00    0.00   93.94
19:15:56       4    0.00    0.00    2.06    0.00    0.00    0.00    0.00    0.00   97.94
19:15:56       5    0.00    0.00    0.00    0.00    0.00    0.00    0.00    1.01   98.99
19:15:56       6    0.00    0.00    0.00    1.98    0.00    0.00    0.00    0.00   98.02
19:15:56       7    0.00    0.00    2.00    0.00    0.00    0.00    0.00    0.00   98.00

19:15:56     CPU    %usr   %nice    %sys %iowait    %irq   %soft  %steal  %guest   %idle
19:15:57     all    0.50    0.00    1.00    0.50    0.00    0.00    0.00    1.51   96.49
19:15:57       0    0.00    0.00    2.02    0.00    0.00    0.00    0.00    1.01   96.97
19:15:57       1    2.02    0.00    1.01    3.03    0.00    0.00    0.00    0.00   93.94
19:15:57       2    0.00    0.00    0.00    1.00    0.00    0.00    0.00    0.00   99.00
19:15:57       3    1.01    0.00    3.03    0.00    0.00    0.00    0.00    0.00   95.96
19:15:57       4    0.00    0.00    1.00    0.00    0.00    0.00    0.00    6.00   93.00
19:15:57       5    0.00    0.00    1.02    0.00    0.00    0.00    0.00    1.02   97.96
19:15:57       6    0.00    0.00    0.00    0.00    0.00    0.00    0.00    3.00   97.00
19:15:57       7    0.00    0.00    0.00    0.00    0.00    0.00    0.00    1.00   99.00

19:15:57     CPU    %usr   %nice    %sys %iowait    %irq   %soft  %steal  %guest   %idle
19:15:58     all    1.13    0.00    1.64    0.00    0.00    0.00    0.00    2.02   95.21
19:15:58       0    0.00    0.00    2.04    0.00    0.00    0.00    0.00    1.02   96.94
19:15:58       1    0.99    0.00    0.99    0.00    0.00    0.00    0.00    0.00   98.02
19:15:58       2    1.02    0.00    0.00    0.00    0.00    0.00    0.00    1.02   97.96
19:15:58       3    3.03    0.00    3.03    0.00    0.00    0.00    0.00    0.00   93.94
19:15:58       4    0.99    0.00    0.99    0.00    0.00    0.00    0.00    8.91   89.11
19:15:58       5    1.02    0.00    0.00    0.00    0.00    0.00    0.00    0.00   98.98
19:15:58       6    0.00    0.00    1.02    0.00    0.00    0.00    0.00    3.06   95.92
19:15:58       7    2.94    0.00    4.90    0.00    0.00    0.00    0.00    0.98   91.18

19:15:58     CPU    %usr   %nice    %sys %iowait    %irq   %soft  %steal  %guest   %idle
19:15:59     all    1.26    0.00    1.51    0.00    0.00    0.13    0.00    2.39   94.71
19:15:59       0    0.00    0.00    1.02    0.00    0.00    0.00    0.00    6.12   93.88
19:15:59       1    0.00    0.00    0.00    0.00    0.00    0.00    0.00    1.02  100.00
19:15:59       2    1.01    0.00    2.02    0.00    0.00    0.00    0.00    0.00   96.97
19:15:59       3    9.18    0.00    4.08    0.00    0.00    0.00    0.00    5.10   81.63
19:15:59       4    0.00    0.00    0.00    0.00    0.00    0.00    0.00    0.00  100.00
19:15:59       5    0.00    0.00    2.00    0.00    0.00    0.00    0.00    5.00   94.00
19:15:59       6    0.99    0.00    0.99    0.00    0.00    0.00    0.00    0.99   97.03
19:15:59       7    0.00    0.00    2.02    0.00    0.00    0.00    0.00    2.02   95.96
