Linux 3.2.0-39-generic (loadgen168) 	02/08/2013 	_x86_64_	(8 CPU)

19:15:41     CPU    %usr   %nice    %sys %iowait    %irq   %soft  %steal  %guest   %idle
19:15:42     all    1.13    0.00    1.26    0.00    0.00    0.00    0.00    0.38   97.23
19:15:42       0    0.00    0.00    1.01    0.00    0.00    0.00    0.00    0.00   98.99
19:15:42       1    0.00    0.00    3.03    0.00    0.00    0.00    0.00    0.00   96.97
19:15:42       2    6.06    0.00    3.03    0.00    0.00    0.00    0.00    0.00   90.91
19:15:42       3    3.96    0.00    1.98    0.00    0.00    0.00    0.00    0.00   94.06
19:15:42       4    0.00    0.00    1.01    0.00    0.00    0.00    0.00    2.02   96.97
19:15:42       5    0.00    0.00    0.00    0.00    0.00    0.00    0.00    0.00  100.00
19:15:42       6    0.00    0.00    0.00    0.00    0.00    0.00    0.00    1.01   98.99
19:15:42       7    0.00    0.00    1.00    0.00    0.00    0.00    0.00    0.00   99.00

19:15:42     CPU    %usr   %nice    %sys %iowait    %irq   %soft  %steal  %guest   %idle
19:15:43     all    1.39    0.00    1.13    0.00    0.00    0.00    0.00    0.13   97.36
19:15:43       0    0.00    0.00    0.00    0.00    0.00    0.00    0.00    1.01   98.99
19:15:43       1    1.01    0.00    2.02    0.00    0.00    0.00    0.00    0.00   96.97
19:15:43       2    2.02    0.00    1.01    0.00    0.00    0.00    0.00    0.00   96.97
19:15:43       3    5.10    0.00    3.06    0.00    0.00    0.00    0.00    0.00   91.84
19:15:43       4    1.00    0.00    1.00    0.00    0.00    0.00    0.00    0.00   98.00
19:15:43       5    1.00    0.00    0.00    0.00    0.00    0.00    0.00    0.00   99.00
19:15:43       6    0.00    0.00    0.00    0.00    0.00    0.00    0.00    1.00   99.00
19:15:43       7    1.00    0.00    0.00    0.00    0.00    0.00    0.00    0.00   99.00

19:15:43     CPU    %usr   %nice    %sys %iowait    %irq   %soft  %steal  %guest   %idle
19:15:44     all    0.00    0.00   14.16    0.13    0.00    0.00    0.00    0.13   85.59
19:15:44       0    0.99    0.00    0.00    0.99    0.00    0.00    0.00    0.00   98.02
19:15:44       1    0.00    0.00    3.03    0.00    0.00    0.00    0.00    0.00   96.97
19:15:44       2    0.00    0.00   16.16    0.00    0.00    0.00    0.00    0.00   83.84
19:15:44       3    0.00    0.00    0.00    0.00    0.00    0.00    0.00    0.00  100.00
19:15:44       4    0.00    0.00    0.00    0.00    0.00    0.00    0.00    0.00  100.00
19:15:44       5    0.00    0.00   93.94    0.00    0.00    0.00    0.00    0.00    6.06
19:15:44       6    1.00    0.00    0.00    0.00    0.00    0.00    0.00    0.00   99.00
19:15:44       7    0.00    0.00    0.00    0.00    0.00    0.00    0.00    0.00  100.00

19:15:44     CPU    %usr   %nice    %sys %iowait    %irq   %soft  %steal  %guest   %idle
19:15:45     all    1.64    0.00   10.71    0.38    0.00    0.13    0.00    2.02   85.14
19:15:45       0   10.00    0.00    2.00    1.00    0.00    1.00    0.00    1.00   85.00
19:15:45       1    1.02    0.00    2.04    0.00    0.00    0.00    0.00    0.00   96.94
19:15:45       2    1.01    0.00   36.36    0.00    0.00    0.00    0.00    3.03   59.60
19:15:45       3    1.00    0.00    2.00    0.00    0.00    0.00    0.00    0.00   97.00
19:15:45       4    0.00    0.00   27.27    0.00    0.00    0.00    0.00    9.09   63.64
19:15:45       5    0.00    0.00   17.17    0.00    0.00    0.00    0.00    0.00   82.83
19:15:45       6    0.00    0.00    1.01    1.01    0.00    0.00    0.00    2.02   95.96
19:15:45       7    0.00    0.00    0.00    0.00    0.00    0.00    0.00    0.00  100.00

19:15:45     CPU    %usr   %nice    %sys %iowait    %irq   %soft  %steal  %guest   %idle
19:15:46     all    1.38    0.00    1.38    0.00    0.00    0.00    0.00    0.63   96.61
19:15:46       0    0.00    0.00    0.00    0.00    0.00    0.00    0.00    2.02   98.99
19:15:46       1    0.00    0.00    0.00    0.00    0.00    0.00    0.00    0.00  100.00
19:15:46       2    1.02    0.00    0.00    0.00    0.00    0.00    0.00    1.02   97.96
19:15:46       3    8.00    0.00    6.00    0.00    0.00    0.00    0.00    0.00   86.00
19:15:46       4    0.00    0.00    0.00    0.00    0.00    0.00    0.00    2.00   98.00
19:15:46       5    0.00    0.00    0.00    0.00    0.00    0.00    0.00    1.00   99.00
19:15:46       6    0.00    0.00    1.00    0.00    0.00    0.00    0.00    1.00   98.00
19:15:46       7    0.00    0.00    3.96    0.00    0.00    0.00    0.00    0.00   96.04

19:15:46     CPU    %usr   %nice    %sys %iowait    %irq   %soft  %steal  %guest   %idle
19:15:47     all    1.26    0.00    1.26    0.00    0.00    0.00    0.00    0.00   97.49
19:15:47       0    0.00    0.00    0.00    0.00    0.00    0.00    0.00    0.00  100.00
19:15:47       1    0.00    0.00    0.00    0.00    0.00    0.00    0.00    0.00  100.00
19:15:47       2    4.04    0.00    4.04    0.00    0.00    0.00    0.00    0.00   91.92
19:15:47       3    4.95    0.00    1.98    0.00    0.00    0.00    0.00    0.00   93.07
19:15:47       4    1.01    0.00    0.00    0.00    0.00    0.00    0.00    0.00   98.99
19:15:47       5    0.00    0.00    0.99    0.00    0.00    0.00    0.00    0.00   99.01
19:15:47       6    0.00    0.00    0.00    0.00    0.00    0.00    0.00    0.00  100.00
19:15:47       7    1.01    0.00    2.02    0.00    0.00    0.00    0.00    0.00   96.97

19:15:47     CPU    %usr   %nice    %sys %iowait    %irq   %soft  %steal  %guest   %idle
19:15:48     all    1.01    0.00    1.01    0.00    0.00    0.00    0.00    0.25   97.74
19:15:48       0    1.01    0.00    1.01    0.00    0.00    0.00    0.00    0.00   97.98
19:15:48       1    1.00    0.00    0.00    0.00    0.00    0.00    0.00    0.00   99.00
19:15:48       2    3.00    0.00    2.00    0.00    0.00    0.00    0.00    0.00   95.00
19:15:48       3    5.05    0.00    2.02    0.00    0.00    0.00    0.00    0.00   92.93
19:15:48       4    0.00    0.00    0.00    0.00    0.00    0.00    0.00    1.01  100.00
19:15:48       5    0.00    0.00    0.00    0.00    0.00    0.00    0.00    0.00  100.00
19:15:48       6    0.00    0.00    0.00    0.00    0.00    0.00    0.00    1.00   99.00
19:15:48       7    0.00    0.00    2.02    0.00    0.00    0.00    0.00    0.00   97.98

19:15:48     CPU    %usr   %nice    %sys %iowait    %irq   %soft  %steal  %guest   %idle
19:15:49     all    0.88    0.00    1.13    0.00    0.00    0.00    0.00    0.25   97.74
19:15:49       0    0.00    0.00    0.00    0.00    0.00    0.00    0.00    1.01   98.99
19:15:49       1    0.00    0.00    0.00    0.00    0.00    0.00    0.00    0.00  100.00
19:15:49       2    5.05    0.00    5.05    0.00    0.00    0.00    0.00    0.00   89.90
19:15:49       3    1.01    0.00    1.01    0.00    0.00    0.00    0.00    0.00   97.98
19:15:49       4    0.99    0.00    0.00    0.00    0.00    0.00    0.00    0.99   98.02
19:15:49       5    0.00    0.00    0.00    0.00    0.00    0.00    0.00    0.00  100.00
19:15:49       6    0.00    0.00    0.00    0.00    0.00    0.00    0.00    0.00  100.00
19:15:49       7    0.00    0.00    3.00    0.00    0.00    0.00    0.00    0.00   97.00

19:15:49     CPU    %usr   %nice    %sys %iowait    %irq   %soft  %steal  %guest   %idle
19:15:50     all    1.14    0.00    1.52    0.25    0.00    0.13    0.00    1.64   95.33
19:15:50       0    1.04    0.00    2.08    0.00    0.00    0.00    0.00    3.12   93.75
19:15:50       1    0.00    0.00    1.00    0.00    0.00    0.00    0.00    0.00   99.00
19:15:50       2    0.99    0.00    2.97    1.98    0.00    0.99    0.00    2.97   90.10
19:15:50       3    4.95    0.00    3.96    0.00    0.00    0.00    0.00    0.00   91.09
19:15:50       4    0.00    0.00    0.00    0.00    0.00    1.01    0.00    4.04   94.95
19:15:50       5    1.01    0.00    1.01    0.00    0.00    0.00    0.00    0.00   97.98
19:15:50       6    0.00    0.00    1.01    1.01    0.00    0.00    0.00    3.03   95.96
19:15:50       7    0.00    0.00    3.00    0.00    0.00    0.00    0.00    0.00   97.00

19:15:50     CPU    %usr   %nice    %sys %iowait    %irq   %soft  %steal  %guest   %idle
19:15:51     all    1.38    0.00    1.26    0.50    0.00    0.25    0.00    1.51   95.09
19:15:51       0    0.99    0.00    2.97    0.99    0.00    0.99    0.00    0.99   93.07
19:15:51       1    1.02    0.00    1.02    1.02    0.00    0.00    0.00    0.00   96.94
19:15:51       2    1.01    0.00    0.00    1.01    0.00    0.00    0.00    5.05   92.93
19:15:51       3    6.06    0.00    3.03    1.01    0.00    0.00    0.00    0.00   89.90
19:15:51       4    0.00    0.00    1.01    0.00    0.00    0.00    0.00    4.04   94.95
19:15:51       5    0.00    0.00    0.00    0.00    0.00    0.00    0.00    0.00  100.00
19:15:51       6    1.01    0.00    0.00    0.00    0.00    0.00    0.00    1.01   97.98
19:15:51       7    1.00    0.00    2.00    0.00    0.00    0.00    0.00    1.00   96.00

19:15:51     CPU    %usr   %nice    %sys %iowait    %irq   %soft  %steal  %guest   %idle
19:15:52     all    1.01    0.00    1.65    0.00    0.00    0.00    0.00   15.72   81.62
19:15:52       0    1.03    0.00    1.03    0.00    0.00    0.00    0.00   24.74   73.20
19:15:52       1    1.01    0.00    2.02    0.00    0.00    0.00    0.00    0.00   96.97
19:15:52       2    0.00    0.00    2.02    0.00    0.00    0.00    0.00   53.54   44.44
19:15:52       3    2.00    0.00    2.00    0.00    0.00    0.00    0.00    0.00   96.00
19:15:52       4    0.00    0.00    0.00    0.00    0.00    0.00    0.00   18.37   81.63
19:15:52       5    0.00    0.00    0.00    0.00    0.00    0.00    0.00    0.00  100.00
19:15:52       6    0.00    0.00    0.00    0.00    0.00    0.00    0.00   29.90   70.10
19:15:52       7    4.04    0.00    4.04    0.00    0.00    0.00    0.00    0.00   91.92

19:15:52     CPU    %usr   %nice    %sys %iowait    %irq   %soft  %steal  %guest   %idle
19:15:53     all    4.39    0.00    1.38    0.00    0.00    0.00    0.00   24.19   70.05
19:15:53       0   21.00    0.00    1.00    0.00    0.00    0.00    0.00   30.00   48.00
19:15:53       1    5.05    0.00    1.01    0.00    0.00    0.00    0.00    0.00   93.94
19:15:53       2    0.00    0.00    0.00    0.00    0.00    0.00    0.00  100.00    0.00
19:15:53       3    3.03    0.00    2.02    0.00    0.00    0.00    0.00    0.00   94.95
19:15:53       4    1.01    0.00    0.00    0.00    0.00    0.00    0.00   23.23   75.76
19:15:53       5    3.96    0.00    4.95    0.00    0.00    0.00    0.00    0.00   91.09
19:15:53       6    0.00    0.00    1.00    0.00    0.00    0.00    0.00   41.00   58.00
19:15:53       7    1.00    0.00    1.00    0.00    0.00    0.00    0.00    0.00   98.00

19:15:53     CPU    %usr   %nice    %sys %iowait    %irq   %soft  %steal  %guest   %idle
19:15:54     all    0.00    0.00    0.25    0.00    0.00    0.00    0.00   29.32   70.55
19:15:54       0    0.00    0.00    0.00    0.00    0.00    0.00    0.00   26.53   73.47
19:15:54       1    0.00    0.00    0.00    0.00    0.00    0.00    0.00    0.00  100.00
19:15:54       2    0.00    0.00    0.00    0.00    0.00    0.00    0.00   92.08    7.92
19:15:54       3    0.00    0.00    0.00    0.00    0.00    0.00    0.00    0.00  100.00
19:15:54       4    0.00    0.00    0.00    0.00    0.00    0.00    0.00   74.75   25.25
19:15:54       5    0.00    0.00    2.02    0.00    0.00    0.00    0.00    0.00   97.98
19:15:54       6    0.00    0.00    0.00    0.00    0.00    0.98    0.00   39.22   59.80
19:15:54       7    0.00    0.00    0.00    0.00    0.00    0.00    0.00    0.00  100.00

19:15:54     CPU    %usr   %nice    %sys %iowait    %irq   %soft  %steal  %guest   %idle
19:15:55     all    0.63    0.00    0.63    3.13    0.00    0.00    0.00   15.04   80.58
19:15:55       0    3.03    0.00    1.01   19.19    0.00    0.00    0.00   10.10   66.67
19:15:55       1    0.00    0.00    0.00    1.01    0.00    0.00    0.00    0.00   98.99
19:15:55       2    0.00    0.00    0.00    3.03    0.00    0.00    0.00   14.14   82.83
19:15:55       3    0.00    0.00    0.99    0.00    0.00    0.00    0.00    0.00   99.01
19:15:55       4    0.00    0.00    0.00    0.99    0.00    0.00    0.00   31.68   67.33
19:15:55       5    0.99    0.00    1.98    1.98    0.00    0.00    0.00    0.00   95.05
19:15:55       6    1.01    0.00    0.00    0.00    0.00    0.00    0.00   64.65   34.34
19:15:55       7    0.00    0.00    1.00    0.00    0.00    0.00    0.00    0.00   99.00

19:15:55     CPU    %usr   %nice    %sys %iowait    %irq   %soft  %steal  %guest   %idle
19:15:56     all    0.00    0.00    0.63    0.88    0.00    0.00    0.00   15.81   82.81
19:15:56       0    0.00    0.00    1.00    2.00    0.00    0.00    0.00    3.00   94.00
19:15:56       1    0.00    0.00    0.00    1.00    0.00    0.00    0.00    0.00   99.00
19:15:56       2    0.00    0.00    0.00    0.00    0.00    0.00    0.00    7.07   92.93
19:15:56       3    0.00    0.00    0.00    0.00    0.00    0.00    0.00   49.00   51.00
19:15:56       4    0.00    0.00    1.00    3.00    0.00    0.00    0.00   18.00   78.00
19:15:56       5    0.00    0.00    3.03    0.00    0.00    0.00    0.00    0.00   96.97
19:15:56       6    0.00    0.00    1.01    0.00    0.00    0.00    0.00   48.48   51.52
19:15:56       7    0.00    0.00    0.00    0.00    0.00    0.00    0.00    0.00  100.00

19:15:56     CPU    %usr   %nice    %sys %iowait    %irq   %soft  %steal  %guest   %idle
19:15:57     all    0.00    0.00    0.63    0.00    0.00    0.00    0.00   25.31   74.06
19:15:57       0    0.00    0.00    0.00    0.00    0.00    0.00    0.00    9.18   90.82
19:15:57       1    0.00    0.00    0.00    0.00    0.00    0.00    0.00    0.00  100.00
19:15:57       2    0.00    0.00    0.00    0.00    0.00    0.00    0.00   56.44   43.56
19:15:57       3    0.00    0.00    0.00    0.00    0.00    0.00    0.00    0.00  100.00
19:15:57       4    0.00    0.00    0.00    0.00    0.00    0.00    0.00   54.00   47.00
19:15:57       5    0.00    0.00    4.00    0.00    0.00    0.00    0.00    0.00   96.00
19:15:57       6    1.00    0.00    0.00    0.00    0.00    0.00    0.00   83.00   16.00
19:15:57       7    0.00    0.00    0.00    0.00    0.00    0.00    0.00    0.00  100.00

19:15:57     CPU    %usr   %nice    %sys %iowait    %irq   %soft  %steal  %guest   %idle
19:15:58     all    0.12    0.00    0.50    0.00    0.00    0.00    0.00   26.50   72.88
19:15:58       0    0.00    0.00    0.98    0.00    0.00    0.00    0.00   62.75   36.27
19:15:58       1    0.00    0.00    1.00    0.00    0.00    0.00    0.00   51.00   48.00
19:15:58       2    0.00    0.00    0.00    0.00    0.00    0.00    0.00    7.14   92.86
19:15:58       3    0.00    0.00    0.00    0.00    0.00    0.00    0.00   35.35   64.65
19:15:58       4    1.00    0.00    1.00    0.00    0.00    0.00    0.00   51.00   47.00
19:15:58       5    0.00    0.00    2.02    0.00    0.00    0.00    0.00    0.00   97.98
19:15:58       6    0.00    0.00    0.00    0.00    0.00    0.00    0.00    4.00   97.00
19:15:58       7    0.00    0.00    0.00    0.00    0.00    0.00    0.00    0.00  100.00

19:15:58     CPU    %usr   %nice    %sys %iowait    %irq   %soft  %steal  %guest   %idle
19:15:59     all    0.00    0.00    0.38    0.00    0.00    0.00    0.00    5.38   94.24
19:15:59       0    0.00    0.00    0.00    0.00    0.00    0.00    0.00    0.00  100.00
19:15:59       1    0.00    0.00    0.00    0.00    0.00    0.00    0.00    2.02   97.98
19:15:59       2    0.00    0.00    0.00    0.00    0.00    0.00    0.00    0.00  100.00
19:15:59       3    0.00    0.00    0.00    0.00    0.00    0.00    0.00    1.00   99.00
19:15:59       4    0.00    0.00    0.00    0.00    0.00    0.00    0.00   39.00   62.00
19:15:59       5    1.00    0.00    2.00    0.00    0.00    0.00    0.00    0.00   97.00
19:15:59       6    0.00    0.00    0.00    0.00    0.00    0.00    0.00    0.00  100.00
19:15:59       7    0.00    0.00    0.00    0.00    0.00    0.00    0.00    0.00  100.00

19:15:59     CPU    %usr   %nice    %sys %iowait    %irq   %soft  %steal  %guest   %idle
19:16:00     all    0.12    0.00    0.75    0.00    0.00    0.12    0.00    4.24   94.76
19:16:00       0    1.00    0.00    0.00    0.00    0.00    0.00    0.00    0.00   99.00
19:16:00       1    0.00    0.00    2.97    0.00    0.00    0.00    0.00    4.95   93.07
19:16:00       2    0.00    0.00    0.00    0.00    0.00    0.00    0.00    2.00   99.00
19:16:00       3    0.00    0.00    0.99    0.00    0.00    0.00    0.00    8.91   90.10
19:16:00       4    0.00    0.00    0.00    0.00    0.00    0.00    0.00    3.00   97.00
19:16:00       5    0.00    0.00    0.00    0.00    0.00    0.00    0.00   11.22   89.80
19:16:00       6    0.00    0.00    0.00    0.00    0.00    0.00    0.00    0.00  100.00
19:16:00       7    1.01    0.00    0.00    0.00    0.00    0.00    0.00    6.06   92.93

19:16:00     CPU    %usr   %nice    %sys %iowait    %irq   %soft  %steal  %guest   %idle
19:16:01     all    0.00    0.00    0.38    0.13    0.00    0.00    0.00    0.50   99.00
19:16:01       0    0.00    0.00    0.99    0.99    0.00    0.00    0.00    0.00   98.02
19:16:01       1    0.00    0.00    3.00    1.00    0.00    0.00    0.00    0.00   96.00
19:16:01       2    0.00    0.00    1.00    0.00    0.00    0.00    0.00    0.00   99.00
19:16:01       3    0.00    0.00    0.99    0.00    0.00    0.00    0.00    0.99   98.02
19:16:01       4    1.98    0.00    0.00    0.00    0.00    0.00    0.00    0.00   98.02
19:16:01       5    0.99    0.00    0.00    0.00    0.00    0.00    0.00    0.99   98.02
19:16:01       6    0.00    0.00    0.00    0.00    0.00    0.00    0.00    0.00  100.00
19:16:01       7    0.00    0.00    0.00    0.00    0.00    0.00    0.00    0.00  100.00

19:16:01     CPU    %usr   %nice    %sys %iowait    %irq   %soft  %steal  %guest   %idle
19:16:02     all    0.13    0.00    0.25    0.00    0.00    0.13    0.00    0.25   99.25
19:16:02       0    0.00    0.00    0.00    0.00    0.00    1.00    0.00    0.00   99.00
19:16:02       1    1.01    0.00    2.02    0.00    0.00    0.00    0.00    0.00   96.97
19:16:02       2    1.00    0.00    0.00    0.00    0.00    0.00    0.00    0.00   99.00
19:16:02       3    0.00    0.00    0.00    0.00    0.00    0.00    0.00    1.00   99.00
19:16:02       4    0.00    0.00    0.00    0.00    0.00    0.00    0.00    0.00  100.00
19:16:02       5    0.00    0.00    0.00    0.00    0.00    0.00    0.00    1.01  100.00
19:16:02       6    0.00    0.00    0.00    0.00    0.00    0.00    0.00    0.00  100.00
19:16:02       7    0.00    0.00    0.00    0.00    0.00    0.00    0.00    0.99   99.01

19:16:02     CPU    %usr   %nice    %sys %iowait    %irq   %soft  %steal  %guest   %idle
19:16:03     all    0.25    0.00    0.25    0.25    0.00    0.00    0.00    0.75   98.50
19:16:03       0    0.00    0.00    0.00    0.00    0.00    0.00    0.00    0.00  100.00
19:16:03       1    0.00    0.00    1.00    1.00    0.00    0.00    0.00    0.00   98.00
19:16:03       2    0.00    0.00    0.00    0.00    0.00    0.00    0.00    1.98   98.02
19:16:03       3    0.00    0.00    0.00    0.00    0.00    0.00    0.00    3.03   96.97
19:16:03       4    0.00    0.00    0.00    0.00    0.00    0.00    0.00    0.00  100.00
19:16:03       5    0.98    0.00    0.98    0.00    0.00    0.00    0.00    0.00   98.04
19:16:03       6    0.00    0.00    0.00    0.00    0.00    0.00    0.00    1.00   99.00
19:16:03       7    0.00    0.00    0.00    0.00    0.00    0.00    0.00    0.00  100.00

19:16:03     CPU    %usr   %nice    %sys %iowait    %irq   %soft  %steal  %guest   %idle
19:16:04     all    0.00    0.00    0.38    0.00    0.00    0.00    0.00    0.88   98.74
19:16:04       0    0.00    0.00    0.00    0.00    0.00    0.00    0.00    0.00  100.00
19:16:04       1    1.01    0.00    0.00    0.00    0.00    0.00    0.00    0.00   98.99
19:16:04       2    0.00    0.00    0.00    0.00    0.00    0.00    0.00    0.00  100.00
19:16:04       3    0.00    0.00    1.01    0.00    0.00    0.00    0.00    1.01   97.98
19:16:04       4    0.00    0.00    0.00    0.00    0.00    0.00    0.00    2.00   99.00
19:16:04       5    1.00    0.00    2.00    0.00    0.00    0.00    0.00    0.00   97.00
19:16:04       6    0.00    0.00    0.00    0.00    0.00    0.00    0.00    0.00  100.00
19:16:04       7    0.00    0.00    0.00    0.00    0.00    0.00    0.00    3.06   96.94

19:16:04     CPU    %usr   %nice    %sys %iowait    %irq   %soft  %steal  %guest   %idle
19:16:05     all    0.25    0.00    0.38    0.00    0.00    0.00    0.00    0.25   99.12
19:16:05       0    1.00    0.00    0.00    0.00    0.00    0.00    0.00    0.00   99.00
19:16:05       1    0.00    0.00    0.00    0.00    0.00    0.00    0.00    0.00  100.00
19:16:05       2    0.00    0.00    0.00    0.00    0.00    0.00    0.00    0.00  100.00
19:16:05       3    0.99    0.00    0.00    0.00    0.00    0.00    0.00    0.99   98.02
19:16:05       4    0.00    0.00    0.00    0.00    0.00    0.00    0.00    1.00   99.00
19:16:05       5    0.00    0.00    2.02    0.00    0.00    0.00    0.00    0.00   97.98
19:16:05       6    0.00    0.00    1.00    0.00    0.00    0.00    0.00    0.00   99.00
19:16:05       7    0.00    0.00    0.00    0.00    0.00    0.00    0.00    0.00  100.00

19:16:05     CPU    %usr   %nice    %sys %iowait    %irq   %soft  %steal  %guest   %idle
19:16:06     all    0.25    0.00    0.38    0.00    0.00    0.00    0.00    4.15   95.22
19:16:06       0    2.02    0.00    0.00    0.00    0.00    0.00    0.00    0.00   97.98
19:16:06       1    0.00    0.00    0.00    0.00    0.00    0.00    0.00    9.09   91.92
19:16:06       2    0.00    0.00    0.00    0.00    0.00    0.00    0.00    1.01   98.99
19:16:06       3    0.00    0.00    0.00    0.00    0.00    0.00    0.00   12.00   88.00
19:16:06       4    0.00    0.00    0.00    0.00    0.00    0.00    0.00    0.00  100.00
19:16:06       5    1.01    0.00    1.01    0.00    0.00    0.00    0.00    5.05   92.93
19:16:06       6    0.99    0.00    0.00    0.00    0.00    0.00    0.00    4.95   94.06
19:16:06       7    1.00    0.00    2.00    0.00    0.00    0.00    0.00    0.00   97.00

19:16:06     CPU    %usr   %nice    %sys %iowait    %irq   %soft  %steal  %guest   %idle
19:16:07     all    0.00    0.00    0.62    0.00    0.00    0.00    0.00    0.62   98.75
19:16:07       0    0.00    0.00    1.00    0.00    0.00    0.00    0.00    0.00   99.00
19:16:07       1    0.00    0.00    0.00    0.00    0.00    0.00    0.00    2.00   98.00
19:16:07       2    0.00    0.00    0.00    0.00    0.00    0.00    0.00    1.00  100.00
19:16:07       3    0.00    0.00    0.00    0.00    0.00    0.00    0.00    2.02   98.99
19:16:07       4    1.01    0.00    0.00    0.00    0.00    0.00    0.00    0.00   98.99
19:16:07       5    0.00    0.00    0.00    0.00    0.00    0.00    0.00    0.00  100.00
19:16:07       6    0.00    0.00    0.00    0.00    0.00    0.00    0.00    1.01  100.00
19:16:07       7    0.00    0.00    3.96    0.00    0.00    0.00    0.00    0.00   96.04

19:16:07     CPU    %usr   %nice    %sys %iowait    %irq   %soft  %steal  %guest   %idle
19:16:08     all    0.13    0.00    0.38    0.00    0.00    0.00    0.00    0.13   99.37
19:16:08       0    0.99    0.00    0.00    0.00    0.00    0.00    0.00    0.00   99.01
19:16:08       1    0.00    0.00    0.00    0.00    0.00    0.00    0.00    0.00  100.00
19:16:08       2    1.00    0.00    0.00    0.00    0.00    0.00    0.00    0.00   99.00
19:16:08       3    0.00    0.00    0.00    0.00    0.00    0.00    0.00    0.00  100.00
19:16:08       4    0.00    0.00    0.00    0.00    0.00    0.00    0.00    0.00  100.00
19:16:08       5    0.00    0.00    0.00    0.00    0.00    0.00    0.00    0.00  100.00
19:16:08       6    0.99    0.00    0.00    0.00    0.00    0.00    0.00    0.00   99.01
19:16:08       7    0.00    0.00    3.00    0.00    0.00    0.00    0.00    0.00   97.00

19:16:08     CPU    %usr   %nice    %sys %iowait    %irq   %soft  %steal  %guest   %idle
19:16:09     all    0.00    0.00    0.50    0.00    0.00    0.00    0.00   17.69   81.81
19:16:09       0    0.00    0.00    1.00    0.00    0.00    0.00    0.00   57.00   43.00
19:16:09       1    0.00    0.00    0.00    0.00    0.00    0.00    0.00    0.00  100.00
19:16:09       2    0.00    0.00    0.99    0.00    0.00    0.00    0.00   28.71   70.30
19:16:09       3    0.00    0.00    0.00    0.00    0.00    0.00    0.00    8.00   92.00
19:16:09       4    0.00    0.00    0.00    0.00    0.00    0.00    0.00   26.53   73.47
19:16:09       5    0.00    0.00    0.00    0.00    0.00    0.00    0.00    0.00  100.00
19:16:09       6    0.00    0.00    1.02    0.00    0.00    0.00    0.00   22.45   77.55
19:16:09       7    0.00    0.00    2.02    0.00    0.00    0.00    0.00    0.00   97.98

19:16:09     CPU    %usr   %nice    %sys %iowait    %irq   %soft  %steal  %guest   %idle
19:16:10     all    0.00    0.00    0.75    0.00    0.00    0.00    0.00   42.23   57.02
19:16:10       0    1.01    0.00    0.00    0.00    0.00    0.00    0.00   11.11   87.88
19:16:10       1    1.01    0.00    1.01    0.00    0.00    0.00    0.00   69.70   28.28
19:16:10       2    0.00    0.00    0.00    0.00    0.00    0.00    0.00   98.00    2.00
19:16:10       3    1.00    0.00    0.00    0.00    0.00    0.00    0.00   25.00   74.00
19:16:10       4    0.00    0.00    0.98    0.00    0.00    0.00    0.00   56.86   43.14
19:16:10       5    0.00    0.00    0.00    0.00    0.00    0.00    0.00    0.00  100.00
19:16:10       6    0.00    0.00    0.00    0.00    0.00    0.00    0.00   75.76   24.24
19:16:10       7    0.00    0.00    3.00    0.00    0.00    0.00    0.00    0.00   97.00

19:16:10     CPU    %usr   %nice    %sys %iowait    %irq   %soft  %steal  %guest   %idle
19:16:11     all    0.13    0.00    1.50    0.13    0.00    0.00    0.00   44.68   53.57
19:16:11       0    0.00    0.00    0.00    0.00    0.00    0.00    0.00    0.00  100.00
19:16:11       1    0.00    0.00    2.02    0.00    0.00    0.00    0.00   89.90    9.09
19:16:11       2    0.00    0.00    2.02    0.00    0.00    0.00    0.00   95.96    3.03
19:16:11       3    0.00    0.00    3.92    0.00    0.00    0.00    0.00   92.16    3.92
19:16:11       4    1.01    0.00    2.02    0.00    0.00    0.00    0.00    0.00   96.97
19:16:11       5    0.00    0.00    0.00    1.00    0.00    0.00    0.00    0.00   99.00
19:16:11       6    0.00    0.00    2.00    0.00    0.00    0.00    0.00   80.00   18.00
19:16:11       7    0.00    0.00    0.00    0.00    0.00    0.00    0.00    0.00  100.00

19:16:11     CPU    %usr   %nice    %sys %iowait    %irq   %soft  %steal  %guest   %idle
19:16:12     all    0.13    0.00    1.50    1.00    0.00    0.00    0.00   39.92   57.45
19:16:12       0    0.00    0.00    2.02    0.00    0.00    0.00    0.00   24.24   73.74
19:16:12       1    0.98    0.00    1.96    0.00    0.00    0.00    0.00   69.61   27.45
19:16:12       2    1.00    0.00    3.00    0.00    0.00    0.00    0.00   58.00   38.00
19:16:12       3    0.00    0.00    3.00    0.00    0.00    0.00    0.00   78.00   19.00
19:16:12       4    0.00    0.00    2.00    1.00    0.00    0.00    0.00    3.00   94.00
19:16:12       5    0.00    0.00    0.00    5.00    0.00    0.00    0.00   25.00   71.00
19:16:12       6    1.00    0.00    1.00    1.00    0.00    0.00    0.00   60.00   37.00
19:16:12       7    0.00    0.00    0.00    1.00    0.00    0.00    0.00    0.00   99.00

19:16:12     CPU    %usr   %nice    %sys %iowait    %irq   %soft  %steal  %guest   %idle
19:16:13     all    0.00    0.00    1.50    0.00    0.00    0.00    0.00   35.67   62.83
19:16:13       0    1.00    0.00    2.00    0.00    0.00    0.00    0.00   57.00   40.00
19:16:13       1    0.00    0.00    2.00    0.00    0.00    0.00    0.00   79.00   19.00
19:16:13       2    0.00    0.00    3.03    0.00    0.00    0.00    0.00   17.17   79.80
19:16:13       3    0.00    0.00    0.99    0.00    0.00    0.00    0.00   59.41   39.60
19:16:13       4    0.00    0.00    1.01    0.00    0.00    0.00    0.00    0.00   98.99
19:16:13       5    0.00    0.00    0.00    0.00    0.00    0.00    0.00    0.00  100.00
19:16:13       6    0.00    0.00    3.00    0.00    0.00    0.00    0.00   72.00   25.00
19:16:13       7    0.00    0.00    0.00    0.00    0.00    0.00    0.00    0.00  100.00

19:16:13     CPU    %usr   %nice    %sys %iowait    %irq   %soft  %steal  %guest   %idle
19:16:14     all    0.13    0.00    1.25    0.63    0.00    0.00    0.00   34.50   63.49
19:16:14       0    0.00    0.00    3.96    1.98    0.00    0.00    0.00    9.90   84.16
19:16:14       1    0.00    0.00    0.00    2.02    0.00    0.00    0.00    5.05   92.93
19:16:14       2    0.00    0.00    1.96    0.98    0.00    0.00    0.00   40.20   56.86
19:16:14       3    0.00    0.00    3.03    0.00    0.00    0.00    0.00   71.72   25.25
19:16:14       4    0.00    0.00    1.00    1.00    0.00    0.00    0.00   18.00   80.00
19:16:14       5    0.00    0.00    0.00    0.00    0.00    0.00    0.00   58.59   41.41
19:16:14       6    0.00    0.00    0.00    0.00    0.00    0.00    0.00   69.70   31.31
19:16:14       7    0.00    0.00    0.00    0.00    0.00    0.00    0.00    5.05   95.96

19:16:14     CPU    %usr   %nice    %sys %iowait    %irq   %soft  %steal  %guest   %idle
19:16:15     all    0.13    0.00    0.50    0.00    0.00    0.00    0.00    2.13   97.24
19:16:15       0    0.00    0.00    0.00    0.00    0.00    0.00    0.00    4.04   95.96
19:16:15       1    0.00    0.00    0.00    0.00    0.00    0.00    0.00    0.00  100.00
19:16:15       2    0.00    0.00    2.02    0.00    0.00    0.00    0.00    0.00   97.98
19:16:15       3    0.00    0.00    0.00    0.00    0.00    0.00    0.00    2.04   98.98
19:16:15       4    1.01    0.00    0.00    0.00    0.00    0.00    0.00    3.03   95.96
19:16:15       5    0.00    0.00    0.00    0.00    0.00    0.00    0.00    0.00  100.00
19:16:15       6    0.99    0.00    0.99    0.00    0.00    0.00    0.00    7.92   90.10
19:16:15       7    0.00    0.00    0.00    0.00    0.00    0.00    0.00    0.00  100.00

19:16:15     CPU    %usr   %nice    %sys %iowait    %irq   %soft  %steal  %guest   %idle
19:16:16     all    0.50    0.00    0.50    0.12    0.00    0.12    0.00    0.25   98.50
19:16:16       0    2.02    0.00    0.00    0.00    0.00    0.00    0.00    0.00   97.98
19:16:16       1    0.00    0.00    0.00    1.00    0.00    0.00    0.00    0.00   99.00
19:16:16       2    1.98    0.00    0.00    0.00    0.00    0.00    0.00    0.00   98.02
19:16:16       3    0.00    0.00    0.00    0.00    0.00    0.00    0.00    0.00  100.00
19:16:16       4    0.00    0.00    3.00    0.00    0.00    0.00    0.00    0.00   97.00
19:16:16       5    0.00    0.00    0.00    0.00    0.00    0.00    0.00    0.00  100.00
19:16:16       6    0.99    0.00    0.99    0.00    0.00    0.00    0.00    0.00   98.02
19:16:16       7    0.00    0.00    0.00    0.00    0.00    0.00    0.00    0.00  100.00

19:16:16     CPU    %usr   %nice    %sys %iowait    %irq   %soft  %steal  %guest   %idle
19:16:17     all    0.00    0.00    0.50    0.00    0.00    0.00    0.00    0.62   98.88
19:16:17       0    0.00    0.00    0.00    0.00    0.00    0.00    0.00    0.00  100.00
19:16:17       1    0.00    0.00    0.00    0.00    0.00    0.00    0.00    0.00  100.00
19:16:17       2    0.00    0.00    0.00    0.00    0.00    0.00    0.00    0.00  100.00
19:16:17       3    0.99    0.00    0.00    0.00    0.00    0.00    0.00    0.00   99.01
19:16:17       4    0.00    0.00    2.04    0.00    0.00    0.00    0.00    0.00   97.96
19:16:17       5    1.00    0.00    0.00    0.00    0.00    0.00    0.00    0.00   99.00
19:16:17       6    0.00    0.00    0.00    0.00    0.00    0.00    0.00    5.05   95.96
19:16:17       7    0.00    0.00    0.00    0.00    0.00    0.00    0.00    0.00  100.00

19:16:17     CPU    %usr   %nice    %sys %iowait    %irq   %soft  %steal  %guest   %idle
19:16:18     all    0.00    0.00    0.50    0.00    0.00    0.00    0.00    0.87   98.63
19:16:18       0    0.00    0.00    0.00    0.00    0.00    0.00    0.00    0.00  100.00
19:16:18       1    0.00    0.00    0.00    0.00    0.00    0.00    0.00    0.00  100.00
19:16:18       2    0.00    0.00    0.00    0.00    0.00    0.00    0.00    0.00  100.00
19:16:18       3    0.00    0.00    0.00    0.00    0.00    0.00    0.00    0.00  100.00
19:16:18       4    0.00    0.00    3.96    0.00    0.00    0.00    0.00    0.00   96.04
19:16:18       5    0.00    0.00    0.00    0.00    0.00    0.00    0.00    1.00  100.00
19:16:18       6    0.00    0.00    0.00    0.00    0.00    0.00    0.00    4.04   95.96
19:16:18       7    0.00    0.00    0.00    0.00    0.00    0.00    0.00    1.00   99.00

19:16:18     CPU    %usr   %nice    %sys %iowait    %irq   %soft  %steal  %guest   %idle
19:16:19     all    0.00    0.00    0.50    0.00    0.00    0.00    0.00    3.14   96.36
19:16:19       0    1.02    0.00    1.02    0.00    0.00    0.00    0.00    0.00   97.96
19:16:19       1    0.00    0.00    0.00    0.00    0.00    0.00    0.00    8.00   93.00
19:16:19       2    0.00    0.00    1.00    0.00    0.00    0.00    0.00    1.00   98.00
19:16:19       3    0.00    0.00    0.00    0.00    0.00    0.00    0.00    2.04   98.98
19:16:19       4    0.00    0.00    1.00    0.00    0.00    0.00    0.00    4.00   95.00
19:16:19       5    0.00    0.00    0.00    0.00    0.00    0.00    0.00    0.00  100.00
19:16:19       6    0.00    0.00    0.98    0.00    0.00    0.00    0.00    4.90   94.12
19:16:19       7    0.00    0.00    1.98    0.00    0.00    0.00    0.00    6.93   91.09

19:16:19     CPU    %usr   %nice    %sys %iowait    %irq   %soft  %steal  %guest   %idle
19:16:20     all    0.00    0.00    0.50    0.25    0.00    0.00    0.00    0.12   99.12
19:16:20       0    0.00    0.00    0.00    1.00    0.00    0.00    0.00    0.00   99.00
19:16:20       1    0.99    0.00    0.00    0.99    0.00    0.00    0.00    0.00   98.02
19:16:20       2    0.00    0.00    3.00    0.00    0.00    0.00    0.00    0.00   97.00
19:16:20       3    1.00    0.00    0.00    0.00    0.00    0.00    0.00    0.00   99.00
19:16:20       4    0.00    0.00    0.00    0.00    0.00    0.00    0.00    0.00  100.00
19:16:20       5    0.00    0.00    0.00    0.00    0.00    0.00    0.00    0.00  100.00
19:16:20       6    0.00    0.00    0.00    0.00    0.00    0.00    0.00    0.00  100.00
19:16:20       7    0.00    0.00    0.00    0.00    0.00    0.00    0.00    0.00  100.00

19:16:20     CPU    %usr   %nice    %sys %iowait    %irq   %soft  %steal  %guest   %idle
19:16:21     all    0.13    0.00    0.38    0.00    0.00    0.00    0.00    0.13   99.37
19:16:21       0    0.00    0.00    0.00    0.00    0.00    0.00    0.00    0.00  100.00
19:16:21       1    0.00    0.00    0.00    0.00    0.00    0.00    0.00    0.00  100.00
19:16:21       2    0.00    0.00    3.00    0.00    0.00    0.00    0.00    0.00   97.00
19:16:21       3    0.00    0.00    0.00    0.00    0.00    0.00    0.00    0.00  100.00
19:16:21       4    0.99    0.00    0.99    0.00    0.00    0.00    0.00    0.99   97.03
19:16:21       5    0.00    0.00    0.00    0.00    0.00    0.00    0.00    0.00  100.00
19:16:21       6    0.00    0.00    0.00    0.00    0.00    0.00    0.00    0.00  100.00
19:16:21       7    0.00    0.00    0.00    0.00    0.00    0.00    0.00    0.00  100.00

19:16:21     CPU    %usr   %nice    %sys %iowait    %irq   %soft  %steal  %guest   %idle
19:16:22     all    0.25    0.00    0.50    0.38    0.00    0.00    0.00    0.38   98.50
19:16:22       0    0.00    0.00    0.00    1.01    0.00    0.00    0.00    0.00   98.99
19:16:22       1    0.00    0.00    0.00    1.01    0.00    0.00    0.00    2.02   96.97
19:16:22       2    0.00    0.00    2.04    0.00    0.00    0.00    0.00    0.00   97.96
19:16:22       3    0.00    0.00    1.01    0.00    0.00    0.00    0.00    1.01   97.98
19:16:22       4    0.00    0.00    0.00    0.00    0.00    0.00    0.00    0.00  100.00
19:16:22       5    1.00    0.00    0.00    0.00    0.00    0.00    0.00    0.00   99.00
19:16:22       6    0.00    0.00    0.00    0.00    0.00    0.00    0.00    0.00  100.00
19:16:22       7    0.00    0.00    0.00    0.00    0.00    0.00    0.00    0.00  100.00
