Linux 3.2.0-41-generic (loadgen163) 	02/08/2013 	_x86_64_	(8 CPU)

19:15:11     CPU    %usr   %nice    %sys %iowait    %irq   %soft  %steal  %guest   %idle
19:15:12     all    0.13    0.00    0.38    0.00    0.00    0.00    0.00    0.38   99.12
19:15:12       0    0.00    0.00    0.00    0.00    0.00    0.00    0.00    0.00  100.00
19:15:12       1    1.00    0.00    0.00    0.00    0.00    0.00    0.00    0.00   99.00
19:15:12       2    1.01    0.00    2.02    0.00    0.00    0.00    0.00    0.00   96.97
19:15:12       3    0.00    0.00    0.00    0.00    0.00    0.00    0.00    1.01   98.99
19:15:12       4    0.00    0.00    1.04    0.00    0.00    0.00    0.00    1.04   97.92
19:15:12       5    0.00    0.00    0.00    0.00    0.00    0.00    0.00    0.00  100.00
19:15:12       6    0.00    0.00    0.00    0.00    0.00    0.00    0.00    0.00  100.00
19:15:12       7    0.00    0.00    0.00    0.00    0.00    0.00    0.00    0.00  100.00

19:15:12     CPU    %usr   %nice    %sys %iowait    %irq   %soft  %steal  %guest   %idle
19:15:13     all    0.38    0.00    0.88    0.00    0.00    0.00    0.00    0.25   98.50
19:15:13       0    0.00    0.00    0.00    0.00    0.00    0.00    0.00    1.00   99.00
19:15:13       1    0.00    0.00    0.99    0.00    0.00    0.00    0.00    0.00   99.01
19:15:13       2    0.00    0.00    1.98    0.00    0.00    0.00    0.00    0.99   98.02
19:15:13       3    0.00    0.00    1.98    0.00    0.00    0.00    0.00    0.99   97.03
19:15:13       4    0.00    0.00    2.02    0.00    0.00    0.00    0.00    0.00   97.98
19:15:13       5    0.00    0.00    0.00    0.00    0.00    0.00    0.00    0.00  100.00
19:15:13       6    3.96    0.00    0.00    0.00    0.00    0.00    0.00    0.00   96.04
19:15:13       7    0.00    0.00    0.00    0.00    0.00    0.00    0.00    0.00  100.00

19:15:13     CPU    %usr   %nice    %sys %iowait    %irq   %soft  %steal  %guest   %idle
19:15:14     all    0.12    0.00    0.50    0.00    0.00    0.00    0.00    0.50   98.88
19:15:14       0    0.00    0.00    1.00    0.00    0.00    0.00    0.00    0.00   99.00
19:15:14       1    0.00    0.00    0.00    0.00    0.00    0.00    0.00    1.01  100.00
19:15:14       2    1.00    0.00    0.00    0.00    0.00    0.00    0.00    0.00   99.00
19:15:14       3    0.00    0.00    0.00    0.00    0.00    0.00    0.00    0.00  100.00
19:15:14       4    0.00    0.00    1.01    0.00    0.00    0.00    0.00    0.00   98.99
19:15:14       5    0.00    0.00    0.99    0.00    0.00    0.00    0.00    0.00   99.01
19:15:14       6    1.00    0.00    1.00    0.00    0.00    0.00    0.00    1.00   97.00
19:15:14       7    0.99    0.00    0.00    0.00    0.00    0.00    0.00    0.99   98.02

19:15:14     CPU    %usr   %nice    %sys %iowait    %irq   %soft  %steal  %guest   %idle
19:15:15     all    0.13    0.00    0.38    0.25    0.00    0.00    0.00    0.38   98.87
19:15:15       0    0.00    0.00    2.04    0.00    0.00    0.00    0.00    0.00   97.96
19:15:15       1    0.00    0.00    0.00    2.02    0.00    0.00    0.00    0.00   97.98
19:15:15       2    0.00    0.00    0.00    0.00    0.00    0.00    0.00    1.00   99.00
19:15:15       3    0.00    0.00    0.00    0.00    0.00    0.00    0.00    1.01  100.00
19:15:15       4    0.00    0.00    0.98    0.00    0.00    0.00    0.00    0.98   98.04
19:15:15       5    0.00    0.00    0.00    0.00    0.00    0.00    0.00    1.01  100.00
19:15:15       6    0.00    0.00    0.00    0.00    0.00    0.00    0.00    0.99   99.01
19:15:15       7    0.00    0.00    0.00    0.00    0.00    0.00    0.00    0.00  100.00

19:15:15     CPU    %usr   %nice    %sys %iowait    %irq   %soft  %steal  %guest   %idle
19:15:16     all    0.00    0.00    0.50    0.00    0.00    0.00    0.00    0.38   99.12
19:15:16       0    0.00    0.00    0.99    0.00    0.00    0.00    0.00    0.99   98.02
19:15:16       1    0.99    0.00    0.00    0.00    0.00    0.00    0.00    0.00   99.01
19:15:16       2    0.00    0.00    0.00    0.00    0.00    0.00    0.00    0.00  100.00
19:15:16       3    0.99    0.00    0.00    0.00    0.00    0.00    0.00    0.00   99.01
19:15:16       4    0.00    0.00    2.02    0.00    0.00    0.00    0.00    1.01   96.97
19:15:16       5    0.00    0.00    0.00    0.00    0.00    0.00    0.00    0.00  100.00
19:15:16       6    0.00    0.00    0.00    0.00    0.00    0.00    0.00    0.00  100.00
19:15:16       7    0.00    0.00    0.00    0.00    0.00    0.00    0.00    0.00  100.00

19:15:16     CPU    %usr   %nice    %sys %iowait    %irq   %soft  %steal  %guest   %idle
19:15:17     all    0.00    0.00    0.25    0.00    0.00    0.00    0.00    0.25   99.50
19:15:17       0    0.00    0.00    0.00    0.00    0.00    0.00    0.00    1.00   99.00
19:15:17       1    0.00    0.00    0.00    0.00    0.00    0.00    0.00    0.00  100.00
19:15:17       2    0.00    0.00    0.00    0.00    0.00    0.00    0.00    0.00  100.00
19:15:17       3    0.00    0.00    0.00    0.00    0.00    0.00    0.00    1.00   99.00
19:15:17       4    0.00    0.00    3.00    0.00    0.00    0.00    0.00    0.00   97.00
19:15:17       5    0.00    0.00    0.00    0.00    0.00    0.00    0.00    0.00  100.00
19:15:17       6    0.00    0.00    0.00    0.00    0.00    0.00    0.00    0.00  100.00
19:15:17       7    0.00    0.00    0.00    0.00    0.00    0.00    0.00    0.00  100.00

19:15:17     CPU    %usr   %nice    %sys %iowait    %irq   %soft  %steal  %guest   %idle
19:15:18     all    0.13    0.00    0.25    0.00    0.00    0.00    0.00    0.25   99.37
19:15:18       0    0.00    0.00    0.00    0.00    0.00    0.00    0.00    1.02  100.00
19:15:18       1    0.00    0.00    1.00    0.00    0.00    0.00    0.00    0.00   99.00
19:15:18       2    0.00    0.00    0.00    0.00    0.00    0.00    0.00    0.00  100.00
19:15:18       3    0.00    0.00    0.00    0.00    0.00    0.00    0.00    0.00  100.00
19:15:18       4    0.00    0.00    0.00    0.00    0.00    0.00    0.00    0.99   99.01
19:15:18       5    0.00    0.00    0.00    0.00    0.00    0.00    0.00    0.00  100.00
19:15:18       6    1.01    0.00    1.01    0.00    0.00    0.00    0.00    0.00   97.98
19:15:18       7    0.00    0.00    0.00    0.00    0.00    0.00    0.00    1.00   99.00

19:15:18     CPU    %usr   %nice    %sys %iowait    %irq   %soft  %steal  %guest   %idle
19:15:19     all    0.12    0.00    0.62    0.00    0.00    0.00    0.00    0.62   98.63
19:15:19       0    1.00    0.00    0.00    0.00    0.00    0.00    0.00    0.00   99.00
19:15:19       1    0.00    0.00    0.00    0.00    0.00    0.00    0.00    1.01  100.00
19:15:19       2    1.00    0.00    1.00    0.00    0.00    0.00    0.00    0.00   98.00
19:15:19       3    0.00    0.00    0.99    0.00    0.00    0.00    0.00    2.97   97.03
19:15:19       4    0.00    0.00    0.00    0.00    0.00    0.00    0.00    0.00  100.00
19:15:19       5    0.00    0.00    0.00    0.00    0.00    0.00    0.00    0.00  100.00
19:15:19       6    1.00    0.00    3.00    0.00    0.00    0.00    0.00    0.00   96.00
19:15:19       7    0.00    0.00    0.00    0.00    0.00    0.00    0.00    0.00  100.00

19:15:19     CPU    %usr   %nice    %sys %iowait    %irq   %soft  %steal  %guest   %idle
19:15:20     all    0.13    0.00    0.38    0.00    0.00    0.13    0.00    2.52   96.85
19:15:20       0    0.00    0.00    0.00    0.00    0.00    0.00    0.00    3.03   96.97
19:15:20       1    1.00    0.00    0.00    0.00    0.00    0.00    0.00    2.00   97.00
19:15:20       2    0.00    0.00    1.00    0.00    0.00    0.00    0.00    4.00   95.00
19:15:20       3    1.00    0.00    0.00    0.00    0.00    0.00    0.00    0.00   99.00
19:15:20       4    1.00    0.00    1.00    0.00    0.00    0.00    0.00    0.00   98.00
19:15:20       5    1.00    0.00    0.00    0.00    0.00    0.00    0.00    3.00   96.00
19:15:20       6    0.00    0.00    1.01    0.00    0.00    0.00    0.00    2.02   96.97
19:15:20       7    0.00    0.00    1.01    0.00    0.00    0.00    0.00    5.05   93.94

19:15:20     CPU    %usr   %nice    %sys %iowait    %irq   %soft  %steal  %guest   %idle
19:15:21     all    0.13    0.00    1.01    0.00    0.00    0.00    0.00    2.65   96.22
19:15:21       0    0.00    0.00    1.03    0.00    0.00    0.00    0.00    3.09   95.88
19:15:21       1    0.00    0.00    1.01    0.00    0.00    0.00    0.00    1.01   98.99
19:15:21       2    0.00    0.00    0.00    0.00    0.00    0.00    0.00    3.06   96.94
19:15:21       3    0.00    0.00    0.00    0.00    0.00    0.00    0.00    3.00   97.00
19:15:21       4    0.00    0.00    2.06    0.00    0.00    0.00    0.00    6.19   91.75
19:15:21       5    0.00    0.00    0.00    0.00    0.00    0.00    0.00    0.00  100.00
19:15:21       6    0.00    0.00    2.00    0.00    0.00    0.00    0.00    3.00   95.00
19:15:21       7    0.00    0.00    0.00    0.00    0.00    0.00    0.00    3.03   97.98

19:15:21     CPU    %usr   %nice    %sys %iowait    %irq   %soft  %steal  %guest   %idle
19:15:22     all    0.38    0.00    0.50    0.00    0.00    0.00    0.00    1.50   97.62
19:15:22       0    2.00    0.00    1.00    0.00    0.00    0.00    0.00    0.00   97.00
19:15:22       1    0.00    0.00    1.00    0.00    0.00    0.00    0.00    0.00   99.00
19:15:22       2    0.99    0.00    0.99    0.00    0.00    0.00    0.00    0.99   97.03
19:15:22       3    0.00    0.00    0.00    0.00    0.00    0.00    0.00    0.00  100.00
19:15:22       4    0.00    0.00    0.99    0.00    0.00    0.00    0.00    6.93   93.07
19:15:22       5    0.00    0.00    0.00    0.00    0.00    0.00    0.00    1.01   98.99
19:15:22       6    1.01    0.00    2.02    0.00    0.00    0.00    0.00    1.01   95.96
19:15:22       7    0.99    0.00    0.00    0.00    0.00    0.00    0.00    0.99   98.02

19:15:22     CPU    %usr   %nice    %sys %iowait    %irq   %soft  %steal  %guest   %idle
19:15:23     all    0.50    0.00    0.50    0.00    0.00    0.00    0.00    0.50   98.50
19:15:23       0    1.01    0.00    0.00    0.00    0.00    0.00    0.00    1.01   97.98
19:15:23       1    0.00    0.00    0.00    0.00    0.00    0.00    0.00    0.00  100.00
19:15:23       2    0.00    0.00    1.01    0.00    0.00    0.00    0.00    1.01   98.99
19:15:23       3    0.00    0.00    0.00    0.00    0.00    0.00    0.00    0.00  100.00
19:15:23       4    0.00    0.00    0.00    0.00    0.00    0.00    0.00    2.04   97.96
19:15:23       5    0.00    0.00    0.00    0.00    0.00    0.00    0.00    0.00  100.00
19:15:23       6    2.00    0.00    2.00    0.00    0.00    0.00    0.00    1.00   95.00
19:15:23       7    0.00    0.00    0.00    0.00    0.00    0.00    0.00    0.00  100.00

19:15:23     CPU    %usr   %nice    %sys %iowait    %irq   %soft  %steal  %guest   %idle
19:15:24     all    0.13    0.00    0.38    1.76    0.00    0.00    0.00    0.38   97.36
19:15:24       0    0.00    0.00    0.00    2.04    0.00    0.00    0.00    0.00   97.96
19:15:24       1    0.99    0.00    0.00    3.96    0.00    0.00    0.00    0.00   95.05
19:15:24       2    1.00    0.00    2.00    1.00    0.00    0.00    0.00    1.00   95.00
19:15:24       3    0.00    0.00    0.00    4.04    0.00    0.00    0.00    0.00   95.96
19:15:24       4    0.00    0.00    1.01    1.01    0.00    0.00    0.00    1.01   96.97
19:15:24       5    0.00    0.00    0.00    0.99    0.00    0.00    0.00    0.00   99.01
19:15:24       6    1.00    0.00    0.00    0.00    0.00    0.00    0.00    1.00   98.00
19:15:24       7    0.00    0.00    0.00    0.00    0.00    0.00    0.00    0.00  100.00

19:15:24     CPU    %usr   %nice    %sys %iowait    %irq   %soft  %steal  %guest   %idle
19:15:25     all    0.00    0.00    0.50    0.13    0.00    0.00    0.00    0.38   99.00
19:15:25       0    0.00    0.00    0.00    1.01    0.00    0.00    0.00    0.00   98.99
19:15:25       1    0.00    0.00    0.99    0.00    0.00    0.00    0.00    0.00   99.01
19:15:25       2    0.00    0.00    0.00    0.00    0.00    0.00    0.00    0.00  100.00
19:15:25       3    0.00    0.00    0.00    0.00    0.00    0.00    0.00    1.00   99.00
19:15:25       4    0.00    0.00    2.04    0.00    0.00    0.00    0.00    0.00   97.96
19:15:25       5    0.00    0.00    0.99    0.00    0.00    0.00    0.00    0.99   98.02
19:15:25       6    0.00    0.00    0.00    0.00    0.00    0.00    0.00    1.00   99.00
19:15:25       7    0.00    0.00    0.00    0.00    0.00    0.00    0.00    0.00  100.00

19:15:25     CPU    %usr   %nice    %sys %iowait    %irq   %soft  %steal  %guest   %idle
19:15:26     all    0.13    0.00    0.50    0.00    0.00    0.00    0.00    0.13   99.25
19:15:26       0    1.00    0.00    3.00    0.00    0.00    0.00    0.00    0.00   96.00
19:15:26       1    0.00    0.00    0.00    0.00    0.00    0.00    0.00    0.00  100.00
19:15:26       2    0.00    0.00    0.00    0.00    0.00    0.00    0.00    0.00  100.00
19:15:26       3    0.00    0.00    0.00    0.00    0.00    0.00    0.00    0.00  100.00
19:15:26       4    0.00    0.00    0.00    0.00    0.00    0.00    0.00    1.00   99.00
19:15:26       5    0.00    0.00    0.00    0.00    0.00    0.00    0.00    0.00  100.00
19:15:26       6    0.00    0.00    0.99    0.00    0.00    0.00    0.00    0.99   98.02
19:15:26       7    0.00    0.00    0.00    0.00    0.00    0.00    0.00    0.00  100.00

19:15:26     CPU    %usr   %nice    %sys %iowait    %irq   %soft  %steal  %guest   %idle
19:15:27     all    0.00    0.00    0.38    0.00    0.00    0.00    0.00    0.38   99.25
19:15:27       0    0.00    0.00    2.97    0.00    0.00    0.99    0.00    0.00   96.04
19:15:27       1    0.00    0.00    0.00    0.00    0.00    0.00    0.00    0.00  100.00
19:15:27       2    0.00    0.00    1.00    0.00    0.00    0.00    0.00    1.00   99.00
19:15:27       3    0.00    0.00    0.00    0.00    0.00    0.00    0.00    0.00  100.00
19:15:27       4    0.00    0.00    0.00    0.00    0.00    0.00    0.00    1.01   98.99
19:15:27       5    0.00    0.00    0.00    0.00    0.00    0.00    0.00    0.00  100.00
19:15:27       6    0.00    0.00    0.00    0.00    0.00    0.00    0.00    1.01   98.99
19:15:27       7    0.00    0.00    0.00    0.00    0.00    0.00    0.00    0.00  100.00

19:15:27     CPU    %usr   %nice    %sys %iowait    %irq   %soft  %steal  %guest   %idle
19:15:28     all    0.00    0.00    0.50    0.00    0.00    0.00    0.00    0.50   99.00
19:15:28       0    0.00    0.00    2.04    0.00    0.00    0.00    0.00    0.00   97.96
19:15:28       1    0.00    0.00    1.00    0.00    0.00    0.00    0.00    0.00   99.00
19:15:28       2    0.99    0.00    0.00    0.00    0.00    0.00    0.00    0.99   98.02
19:15:28       3    0.00    0.00    0.00    0.00    0.00    0.00    0.00    0.00  100.00
19:15:28       4    1.01    0.00    0.00    0.00    0.00    0.00    0.00    0.00   98.99
19:15:28       5    0.00    0.00    0.00    0.00    0.00    0.00    0.00    0.00  100.00
19:15:28       6    0.00    0.00    0.00    0.00    0.00    0.00    0.00    0.00  100.00
19:15:28       7    0.00    0.00    0.00    0.00    0.00    0.00    0.00    1.00  100.00

19:15:28     CPU    %usr   %nice    %sys %iowait    %irq   %soft  %steal  %guest   %idle
19:15:29     all    0.13    0.00    0.50    0.00    0.00    0.00    0.00    0.38   99.00
19:15:29       0    1.00    0.00    2.00    0.00    0.00    0.00    0.00    0.00   97.00
19:15:29       1    0.00    0.00    0.99    0.00    0.00    0.00    0.00    0.00   99.01
19:15:29       2    0.00    0.00    1.00    0.00    0.00    0.00    0.00    0.00   99.00
19:15:29       3    0.00    0.00    0.98    0.00    0.00    0.00    0.00    0.98   98.04
19:15:29       4    0.00    0.00    0.00    0.00    0.00    0.00    0.00    2.00   98.00
19:15:29       5    0.00    0.00    0.00    0.00    0.00    0.00    0.00    0.00  100.00
19:15:29       6    0.00    0.00    0.00    0.00    0.00    0.00    0.00    1.00   99.00
19:15:29       7    0.00    0.00    0.00    0.00    0.00    0.00    0.00    0.00  100.00

19:15:29     CPU    %usr   %nice    %sys %iowait    %irq   %soft  %steal  %guest   %idle
19:15:30     all    0.13    0.00    0.25    0.13    0.00    0.13    0.00    0.75   98.62
19:15:30       0    0.00    0.00    2.04    0.00    0.00    0.00    0.00    1.02   96.94
19:15:30       1    0.00    0.00    0.00    1.00    0.00    0.00    0.00    0.00   99.00
19:15:30       2    0.99    0.00    0.00    0.00    0.00    0.00    0.00    0.99   98.02
19:15:30       3    0.00    0.00    0.00    0.00    0.00    0.00    0.00    0.00  100.00
19:15:30       4    0.00    0.00    0.00    0.00    0.00    0.00    0.00    1.00   99.00
19:15:30       5    0.00    0.00    0.00    0.00    0.00    0.00    0.00    2.00   98.00
19:15:30       6    0.00    0.00    0.00    0.00    0.00    0.00    0.00    0.00  100.00
19:15:30       7    0.00    0.00    0.00    0.00    0.00    0.00    0.00    0.00  100.00

19:15:30     CPU    %usr   %nice    %sys %iowait    %irq   %soft  %steal  %guest   %idle
19:15:31     all    0.00    0.00    0.50    0.00    0.00    0.00    0.00    0.25   99.25
19:15:31       0    0.99    0.00    2.97    0.00    0.00    0.00    0.00    0.00   96.04
19:15:31       1    0.00    0.00    0.00    0.00    0.00    0.00    0.00    0.00  100.00
19:15:31       2    0.00    0.00    0.00    0.00    0.00    0.00    0.00    0.00  100.00
19:15:31       3    0.00    0.00    0.00    0.00    0.00    0.00    0.00    0.00  100.00
19:15:31       4    0.00    0.00    0.00    0.00    0.00    0.00    0.00    1.00   99.00
19:15:31       5    0.00    0.00    0.00    0.00    0.00    0.00    0.00    0.00  100.00
19:15:31       6    0.00    0.00    0.00    0.00    0.00    0.00    0.00    0.00  100.00
19:15:31       7    1.00    0.00    0.00    0.00    0.00    0.00    0.00    0.00   99.00

19:15:31     CPU    %usr   %nice    %sys %iowait    %irq   %soft  %steal  %guest   %idle
19:15:32     all    0.13    0.00    0.50    0.00    0.00    0.00    0.00    0.38   99.00
19:15:32       0    0.00    0.00    2.04    0.00    0.00    0.00    0.00    1.02   97.96
19:15:32       1    0.00    0.00    0.99    0.00    0.00    0.00    0.00    0.00   99.01
19:15:32       2    0.00    0.00    0.00    0.00    0.00    0.00    0.00    1.00   99.00
19:15:32       3    0.00    0.00    0.00    0.00    0.00    0.00    0.00    0.00  100.00
19:15:32       4    0.00    0.00    1.00    0.00    0.00    0.00    0.00    0.00   99.00
19:15:32       5    0.00    0.00    0.00    0.00    0.00    0.00    0.00    1.00   99.00
19:15:32       6    0.00    0.00    0.00    0.00    0.00    0.00    0.00    1.98   98.02
19:15:32       7    0.00    0.00    0.00    0.00    0.00    0.00    0.00    0.00  100.00

19:15:32     CPU    %usr   %nice    %sys %iowait    %irq   %soft  %steal  %guest   %idle
19:15:33     all    0.37    0.00    0.62    0.00    0.00    0.00    0.00    0.37   98.63
19:15:33       0    1.00    0.00    3.00    0.00    0.00    0.00    0.00    0.00   96.00
19:15:33       1    0.00    0.00    0.00    0.00    0.00    0.00    0.00    0.00  100.00
19:15:33       2    0.00    0.00    1.00    0.00    0.00    0.00    0.00    0.00   99.00
19:15:33       3    0.00    0.00    0.00    0.00    0.00    0.00    0.00    1.01  100.00
19:15:33       4    0.00    0.00    0.00    0.00    0.00    0.00    0.00    1.01  100.00
19:15:33       5    0.00    0.00    0.00    0.00    0.00    0.00    0.00    0.99   99.01
19:15:33       6    3.00    0.00    0.00    0.00    0.00    0.00    0.00    0.00   97.00
19:15:33       7    0.00    0.00    0.00    0.00    0.00    0.00    0.00    0.00  100.00

19:15:33     CPU    %usr   %nice    %sys %iowait    %irq   %soft  %steal  %guest   %idle
19:15:34     all    0.12    0.00    1.50    0.00    0.00    0.12    0.00    0.50   97.75
19:15:34       0    0.98    0.00    3.92    0.00    0.00    0.98    0.00    0.00   94.12
19:15:34       1    0.00    0.00    2.00    0.00    0.00    0.00    0.00    0.00   98.00
19:15:34       2    0.00    0.00    2.00    0.00    0.00    0.00    0.00    1.00   97.00
19:15:34       3    0.00    0.00    0.98    0.00    0.00    0.00    0.00    1.96   97.06
19:15:34       4    1.00    0.00    1.00    0.00    0.00    0.00    0.00    0.00   98.00
19:15:34       5    0.00    0.00    1.01    0.00    0.00    0.00    0.00    0.00   98.99
19:15:34       6    1.01    0.00    1.01    0.00    0.00    0.00    0.00    0.00   97.98
19:15:34       7    0.00    0.00    0.00    0.00    0.00    0.00    0.00    0.00  100.00

19:15:34     CPU    %usr   %nice    %sys %iowait    %irq   %soft  %steal  %guest   %idle
19:15:35     all    0.12    0.00    0.50    0.25    0.00    0.00    0.00    0.50   98.62
19:15:35       0    0.00    0.00    0.00    0.00    0.00    0.00    0.00    1.01  100.00
19:15:35       1    0.00    0.00    1.00    2.00    0.00    0.00    0.00    0.00   97.00
19:15:35       2    0.00    0.00    3.00    0.00    0.00    0.00    0.00    1.00   96.00
19:15:35       3    0.00    0.00    0.00    0.00    0.00    0.00    0.00    0.00  100.00
19:15:35       4    0.00    0.00    0.00    0.00    0.00    0.00    0.00    1.01   98.99
19:15:35       5    0.00    0.00    0.00    0.00    0.00    0.00    0.00    0.00  100.00
19:15:35       6    0.00    0.00    0.98    0.00    0.00    0.00    0.00    1.96   97.06
19:15:35       7    0.00    0.00    0.00    0.00    0.00    0.00    0.00    0.00  100.00

19:15:35     CPU    %usr   %nice    %sys %iowait    %irq   %soft  %steal  %guest   %idle
19:15:36     all    0.00    0.00    0.75    0.00    0.00    0.12    0.00    0.50   98.63
19:15:36       0    0.00    0.00    0.00    0.00    0.00    1.00    0.00    0.00   99.00
19:15:36       1    0.98    0.00    0.98    0.00    0.00    0.00    0.00    0.00   98.04
19:15:36       2    0.00    0.00    4.00    0.00    0.00    0.00    0.00    1.00   95.00
19:15:36       3    0.00    0.00    0.00    0.00    0.00    0.00    0.00    0.00  100.00
19:15:36       4    0.00    0.00    0.00    0.00    0.00    0.00    0.00    2.00   99.00
19:15:36       5    0.00    0.00    0.00    0.00    0.00    0.00    0.00    0.00  100.00
19:15:36       6    0.00    0.00    0.99    0.00    0.00    0.00    0.00    1.98   97.03
19:15:36       7    0.00    0.00    0.00    0.00    0.00    0.00    0.00    0.00  100.00

19:15:36     CPU    %usr   %nice    %sys %iowait    %irq   %soft  %steal  %guest   %idle
19:15:37     all    0.00    0.00    0.50    0.00    0.00    0.00    0.00    0.50   99.12
19:15:37       0    1.00    0.00    0.00    0.00    0.00    0.00    0.00    0.00   99.00
19:15:37       1    0.00    0.00    0.00    0.00    0.00    0.00    0.00    0.00  100.00
19:15:37       2    0.00    0.00    1.00    0.00    0.00    0.00    0.00    1.00   98.00
19:15:37       3    0.00    0.00    0.00    0.00    0.00    0.00    0.00    0.00  100.00
19:15:37       4    1.00    0.00    2.00    0.00    0.00    0.00    0.00    0.00   97.00
19:15:37       5    0.00    0.00    0.00    0.00    0.00    0.00    0.00    0.00  100.00
19:15:37       6    0.00    0.00    0.00    0.00    0.00    0.00    0.00    1.02  100.00
19:15:37       7    0.00    0.00    0.00    0.00    0.00    0.00    0.00    0.00  100.00

19:15:37     CPU    %usr   %nice    %sys %iowait    %irq   %soft  %steal  %guest   %idle
19:15:38     all    0.13    0.00    1.01    0.00    0.00    0.00    0.00   10.09   88.78
19:15:38       0    0.00    0.00    4.08    0.00    0.00    0.00    0.00   19.39   77.55
19:15:38       1    0.00    0.00    0.00    0.00    0.00    0.00    0.00    7.22   93.81
19:15:38       2    0.00    0.00    3.00    0.00    0.00    0.00    0.00   17.00   80.00
19:15:38       3    0.00    0.00    0.00    0.00    0.00    0.00    0.00    0.00  100.00
19:15:38       4    0.00    0.00    2.04    0.00    0.00    0.00    0.00   16.33   81.63
19:15:38       5    0.00    0.00    0.00    0.00    0.00    0.00    0.00    0.00  100.00
19:15:38       6    0.00    0.00    0.00    0.00    0.00    0.00    0.00   22.22   77.78
19:15:38       7    0.00    0.00    0.00    0.00    0.00    0.00    0.00    0.00  100.00

19:15:38     CPU    %usr   %nice    %sys %iowait    %irq   %soft  %steal  %guest   %idle
19:15:39     all    0.25    0.00    0.76    1.01    0.00    0.00    0.00   25.82   72.17
19:15:39       0    1.00    0.00    1.00    2.00    0.00    1.00    0.00    3.00   92.00
19:15:39       1    0.00    0.00    1.01    0.00    0.00    0.00    0.00   38.38   60.61
19:15:39       2    1.00    0.00    0.00    0.00    0.00    0.00    0.00   99.00    0.00
19:15:39       3    1.02    0.00    0.00    0.00    0.00    0.00    0.00   20.41   78.57
19:15:39       4    0.00    0.00    0.00    0.00    0.00    0.00    0.00   15.31   85.71
19:15:39       5    0.00    0.00    0.00    3.00    0.00    0.00    0.00    0.00   97.00
19:15:39       6    1.00    0.00    3.00    2.00    0.00    0.00    0.00   28.00   66.00
19:15:39       7    0.00    0.00    0.00    1.98    0.00    0.00    0.00    1.98   96.04

19:15:39     CPU    %usr   %nice    %sys %iowait    %irq   %soft  %steal  %guest   %idle
19:15:40     all    0.13    0.00    1.51    0.00    0.00    0.13    0.00   40.65   57.59
19:15:40       0    0.00    0.00    1.01    0.00    0.00    0.00    0.00    0.00   98.99
19:15:40       1    0.00    0.00    0.00    0.00    0.00    0.00    0.00    0.00  100.00
19:15:40       2    0.00    0.00    4.04    0.00    0.00    0.00    0.00   87.88    9.09
19:15:40       3    0.00    0.00    2.97    0.00    0.00    0.00    0.00   72.28   24.75
19:15:40       4    1.98    0.00    2.97    0.00    0.00    0.00    0.00    0.00   95.05
19:15:40       5    0.00    0.00    0.00    0.00    0.00    0.00    0.00    0.00  100.00
19:15:40       6    0.00    0.00    0.00    0.00    0.00    0.00    0.00   80.81   19.19
19:15:40       7    0.00    0.00    2.04    0.00    0.00    0.00    0.00   85.71   12.24

19:15:40     CPU    %usr   %nice    %sys %iowait    %irq   %soft  %steal  %guest   %idle
19:15:41     all    0.00    0.00    1.13    0.00    0.00    0.00    0.00   41.94   56.93
19:15:41       0    0.00    0.00    0.00    0.00    0.00    0.00    0.00    1.00   99.00
19:15:41       1    0.00    0.00    0.00    0.00    0.00    0.00    0.00    0.00  100.00
19:15:41       2    0.00    0.00    2.97    0.00    0.00    0.00    0.00   84.16   12.87
19:15:41       3    0.00    0.00    1.01    0.00    0.00    0.00    0.00   89.90    9.09
19:15:41       4    0.00    0.00    3.06    0.00    0.00    0.00    0.00    1.02   96.94
19:15:41       5    0.00    0.00    0.00    0.00    0.00    0.00    0.00    0.00  100.00
19:15:41       6    0.00    0.00    1.00    0.00    0.00    0.00    0.00   71.00   28.00
19:15:41       7    0.00    0.00    2.02    0.00    0.00    0.00    0.00   87.88   10.10

19:15:41     CPU    %usr   %nice    %sys %iowait    %irq   %soft  %steal  %guest   %idle
19:15:42     all    0.25    0.00    1.13    0.25    0.00    0.00    0.00   39.34   59.02
19:15:42       0    1.01    0.00    0.00    1.01    0.00    0.00    0.00    0.00   97.98
19:15:42       1    0.00    0.00    0.00    0.00    0.00    0.00    0.00    0.00  100.00
19:15:42       2    0.00    0.00    1.02    0.00    0.00    0.00    0.00   73.47   25.51
19:15:42       3    0.00    0.00    1.02    0.00    0.00    0.00    0.00   81.63   17.35
19:15:42       4    1.02    0.00    2.04    0.00    0.00    0.00    0.00    1.02   95.92
19:15:42       5    0.00    0.00    0.00    0.00    0.00    0.00    0.00    0.00  100.00
19:15:42       6    0.00    0.00    2.00    0.00    0.00    0.00    0.00   70.00   28.00
19:15:42       7    0.00    0.00    1.01    0.00    0.00    0.00    0.00   88.89   10.10

19:15:42     CPU    %usr   %nice    %sys %iowait    %irq   %soft  %steal  %guest   %idle
19:15:43     all    0.25    0.00    1.51    0.76    0.00    0.00    0.00   29.35   68.14
19:15:43       0    3.06    0.00    0.00    1.02    0.00    0.00    0.00    0.00   95.92
19:15:43       1    0.99    0.00    0.99    1.98    0.00    0.00    0.00    0.00   96.04
19:15:43       2    1.01    0.00    0.00    1.01    0.00    0.00    0.00    0.00   97.98
19:15:43       3    0.00    0.00    1.01    0.00    0.00    0.00    0.00   52.53   47.47
19:15:43       4    0.00    0.00    2.97    0.99    0.00    0.00    0.00    0.99   95.05
19:15:43       5    0.00    0.00    1.01    0.00    0.00    0.00    0.00   43.43   55.56
19:15:43       6    0.00    0.00    4.00    0.00    0.00    0.00    0.00   78.00   18.00
19:15:43       7    0.00    0.00    2.06    0.00    0.00    0.00    0.00   61.86   36.08

19:15:43     CPU    %usr   %nice    %sys %iowait    %irq   %soft  %steal  %guest   %idle
19:15:44     all    0.13    0.00    0.89    0.76    0.00    0.00    0.00   30.51   67.72
19:15:44       0    0.00    0.00    1.01    2.02    0.00    0.00    0.00   33.33   63.64
19:15:44       1    0.00    0.00    1.00    5.00    0.00    0.00    0.00    0.00   94.00
19:15:44       2    0.00    0.00    2.00    0.00    0.00    0.00    0.00   45.00   54.00
19:15:44       3    1.00    0.00    0.00    0.00    0.00    0.00    0.00   13.00   86.00
19:15:44       4    0.00    0.00    2.06    0.00    0.00    0.00    0.00    3.09   94.85
19:15:44       5    0.00    0.00    0.00    0.00    0.00    0.00    0.00   34.69   65.31
19:15:44       6    0.00    0.00    2.06    0.00    0.00    0.00    0.00   54.64   43.30
19:15:44       7    1.00    0.00    0.00    0.00    0.00    0.00    0.00   59.00   40.00

19:15:44     CPU    %usr   %nice    %sys %iowait    %irq   %soft  %steal  %guest   %idle
19:15:45     all    0.50    0.00    1.01    0.00    0.00    0.00    0.00    1.01   97.49
19:15:45       0    0.00    0.00    1.00    0.00    0.00    0.00    0.00    2.00   97.00
19:15:45       1    0.00    0.00    1.00    0.00    0.00    0.00    0.00    0.00   99.00
19:15:45       2    3.03    0.00    2.02    0.00    0.00    0.00    0.00    1.01   93.94
19:15:45       3    0.00    0.00    1.00    0.00    0.00    0.00    0.00    3.00   96.00
19:15:45       4    1.00    0.00    3.00    0.00    0.00    0.00    0.00    0.00   96.00
19:15:45       5    0.00    0.00    0.99    0.00    0.00    0.00    0.00    0.00   99.01
19:15:45       6    0.00    0.00    0.00    0.00    0.00    0.00    0.00    0.00  100.00
19:15:45       7    0.00    0.00    0.00    0.00    0.00    0.00    0.00    2.02   98.99

19:15:45     CPU    %usr   %nice    %sys %iowait    %irq   %soft  %steal  %guest   %idle
19:15:46     all    0.50    0.00    1.26    0.00    0.00    0.00    0.00    2.14   96.10
19:15:46       0    0.00    0.00    0.00    0.00    0.00    0.00    0.00    0.00  100.00
19:15:46       1    0.00    0.00    1.00    0.00    0.00    0.00    0.00    5.00   94.00
19:15:46       2    4.00    0.00    2.00    0.00    0.00    0.00    0.00    3.00   91.00
19:15:46       3    0.00    0.00    2.04    0.00    0.00    0.00    0.00    1.02   96.94
19:15:46       4    0.00    0.00    2.04    0.00    0.00    0.00    0.00    0.00   97.96
19:15:46       5    0.00    0.00    0.00    0.00    0.00    0.00    0.00    2.02   97.98
19:15:46       6    0.00    0.00    0.00    0.00    0.00    0.00    0.00    0.00  100.00
19:15:46       7    0.00    0.00    1.00    0.00    0.00    0.00    0.00    5.00   94.00

19:15:46     CPU    %usr   %nice    %sys %iowait    %irq   %soft  %steal  %guest   %idle
19:15:47     all    1.13    0.00    1.25    0.00    0.00    0.00    0.00    0.38   97.24
19:15:47       0    0.00    0.00    0.00    0.00    0.00    0.00    0.00    2.00   98.00
19:15:47       1    1.01    0.00    0.00    0.00    0.00    0.00    0.00    0.00   98.99
19:15:47       2    0.00    0.00    1.00    0.00    0.00    0.00    0.00    1.00   98.00
19:15:47       3    8.08    0.00    4.04    0.00    0.00    0.00    0.00    0.00   87.88
19:15:47       4    1.00    0.00    3.00    0.00    0.00    0.00    0.00    0.00   96.00
19:15:47       5    0.00    0.00    0.99    0.00    0.00    0.00    0.00    0.00   99.01
19:15:47       6    0.00    0.00    0.99    0.00    0.00    0.00    0.00    0.00   99.01
19:15:47       7    0.00    0.00    0.00    0.00    0.00    0.00    0.00    1.00   99.00

19:15:47     CPU    %usr   %nice    %sys %iowait    %irq   %soft  %steal  %guest   %idle
19:15:48     all    0.75    0.00    0.63    0.00    0.00    0.00    0.00    0.13   98.49
19:15:48       0    0.00    0.00    0.00    0.00    0.00    0.00    0.00    0.00  100.00
19:15:48       1    0.00    0.00    1.00    0.00    0.00    0.00    0.00    1.00   99.00
19:15:48       2    0.00    0.00    1.01    0.00    0.00    0.00    0.00    0.00   98.99
19:15:48       3    4.08    0.00    2.04    0.00    0.00    0.00    0.00    0.00   93.88
19:15:48       4    0.00    0.00    3.00    0.00    0.00    0.00    0.00    0.00   97.00
19:15:48       5    1.00    0.00    0.00    0.00    0.00    0.00    0.00    0.00   99.00
19:15:48       6    0.00    0.00    0.00    0.00    0.00    0.00    0.00    1.00   99.00
19:15:48       7    0.00    0.00    0.00    0.00    0.00    0.00    0.00    0.00  100.00
