Linux 3.2.0-39-generic (loadgen167) 	02/08/2013 	_x86_64_	(8 CPU)

19:15:31     CPU    %usr   %nice    %sys %iowait    %irq   %soft  %steal  %guest   %idle
19:15:32     all    1.14    0.00    0.88    0.00    0.00    0.00    0.00    0.13   97.85
19:15:32       0    0.00    0.00    0.00    0.00    0.00    0.00    0.00    0.00  100.00
19:15:32       1    1.01    0.00    0.00    0.00    0.00    0.00    0.00    0.00   98.99
19:15:32       2    6.00    0.00    3.00    0.00    0.00    0.00    0.00    0.00   91.00
19:15:32       3    2.04    0.00    2.04    0.00    0.00    0.00    0.00    0.00   95.92
19:15:32       4    0.00    0.00    1.00    0.00    0.00    0.00    0.00    1.00   99.00
19:15:32       5    1.05    0.00    0.00    0.00    0.00    0.00    0.00    0.00   98.95
19:15:32       6    0.00    0.00    0.00    0.00    0.00    0.00    0.00    1.00   99.00
19:15:32       7    0.00    0.00    0.00    0.00    0.00    0.00    0.00    0.00  100.00

19:15:32     CPU    %usr   %nice    %sys %iowait    %irq   %soft  %steal  %guest   %idle
19:15:33     all    0.25    0.00    6.63    0.00    0.00    0.00    0.00    0.25   92.87
19:15:33       0    1.00    0.00    0.00    0.00    0.00    0.00    0.00    0.00   99.00
19:15:33       1    0.00    0.00    1.01    0.00    0.00    0.00    0.00    0.00   98.99
19:15:33       2    1.01    0.00    0.00    0.00    0.00    0.00    0.00    0.00   98.99
19:15:33       3    0.00    0.00    0.00    0.00    0.00    0.00    0.00    0.00  100.00
19:15:33       4    0.00    0.00    0.00    0.00    0.00    0.00    0.00    0.00  100.00
19:15:33       5    0.00    0.00    4.00    0.00    0.00    0.00    0.00    0.00   96.00
19:15:33       6    0.00    0.00    0.99    0.00    0.00    0.00    0.00    0.99   98.02
19:15:33       7    0.00    0.00   47.52    0.00    0.00    0.00    0.00    0.00   52.48

19:15:33     CPU    %usr   %nice    %sys %iowait    %irq   %soft  %steal  %guest   %idle
19:15:34     all    2.14    0.00    3.39    0.00    0.00    0.00    0.00    0.00   94.47
19:15:34       0    0.00    0.00    0.00    0.00    0.00    0.00    0.00    0.00  100.00
19:15:34       1    1.00    0.00    2.00    0.00    0.00    0.00    0.00    0.00   97.00
19:15:34       2    4.95    0.00    5.94    0.00    0.00    0.00    0.00    0.00   89.11
19:15:34       3    0.00    0.00    1.01    0.00    0.00    0.00    0.00    0.00   98.99
19:15:34       4   11.00    0.00    1.00    0.00    0.00    0.00    0.00    0.00   88.00
19:15:34       5    0.00    0.00    0.00    0.00    0.00    0.00    0.00    0.00  100.00
19:15:34       6    0.00    0.00    0.00    0.00    0.00    0.00    0.00    0.00  100.00
19:15:34       7    0.00    0.00   17.35    0.00    0.00    0.00    0.00    0.00   82.65

19:15:34     CPU    %usr   %nice    %sys %iowait    %irq   %soft  %steal  %guest   %idle
19:15:35     all    1.01    0.00    1.38    0.00    0.00    0.00    0.00    0.25   97.36
19:15:35       0    0.00    0.00    1.01    0.00    0.00    0.00    0.00    0.00   98.99
19:15:35       1    0.00    0.00    3.03    0.00    0.00    0.00    0.00    0.00   96.97
19:15:35       2    5.10    0.00    4.08    0.00    0.00    0.00    0.00    0.00   90.82
19:15:35       3    1.98    0.00    2.97    0.00    0.00    0.00    0.00    0.00   95.05
19:15:35       4    1.00    0.00    0.00    0.00    0.00    0.00    0.00    0.00   99.00
19:15:35       5    2.02    0.00    0.00    0.00    0.00    0.00    0.00    0.00   97.98
19:15:35       6    0.00    0.00    0.00    0.00    0.00    0.00    0.00    1.00   99.00
19:15:35       7    0.00    0.00    0.00    0.00    0.00    0.00    0.00    0.00  100.00

19:15:35     CPU    %usr   %nice    %sys %iowait    %irq   %soft  %steal  %guest   %idle
19:15:36     all    1.25    0.00    3.76    0.00    0.00    0.00    0.00    0.13   94.86
19:15:36       0    0.00    0.00    1.00    0.00    0.00    0.00    0.00    0.00   99.00
19:15:36       1    0.00    0.00    2.02    0.00    0.00    0.00    0.00    0.00   97.98
19:15:36       2    5.88    0.00   17.65    0.00    0.00    0.00    0.00    0.00   76.47
19:15:36       3    2.02    0.00    6.06    0.00    0.00    0.00    0.00    0.00   91.92
19:15:36       4    0.00    0.00    1.00    0.00    0.00    0.00    0.00    0.00   99.00
19:15:36       5    1.01    0.00    3.03    0.00    0.00    0.00    0.00    0.00   95.96
19:15:36       6    0.00    0.00    0.00    0.00    0.00    0.00    0.00    1.00   99.00
19:15:36       7    0.00    0.00    0.00    0.00    0.00    0.00    0.00    0.00  100.00

19:15:36     CPU    %usr   %nice    %sys %iowait    %irq   %soft  %steal  %guest   %idle
19:15:37     all    1.26    0.00    7.66    0.25    0.00    0.00    0.00    0.13   90.70
19:15:37       0    0.00    0.00    0.00    0.00    0.00    0.00    0.00    1.00   99.00
19:15:37       1    2.02    0.00    1.01    0.00    0.00    0.00    0.00    0.00   96.97
19:15:37       2    4.04    0.00   52.53    0.00    0.00    0.00    0.00    0.00   43.43
19:15:37       3    3.06    0.00    3.06    0.00    0.00    0.00    0.00    0.00   93.88
19:15:37       4    0.00    0.00    0.00    0.00    0.00    0.00    0.00    0.00  100.00
19:15:37       5    1.01    0.00    1.01    0.00    0.00    0.00    0.00    0.00   97.98
19:15:37       6    0.00    0.00    1.00    0.00    0.00    0.00    0.00    0.00   99.00
19:15:37       7    1.98    0.00    1.98    0.99    0.00    0.00    0.00    0.00   95.05

19:15:37     CPU    %usr   %nice    %sys %iowait    %irq   %soft  %steal  %guest   %idle
19:15:38     all    4.29    0.00    1.64    0.00    0.00    0.00    0.00    0.00   94.07
19:15:38       0    0.00    0.00    0.00    0.00    0.00    0.00    0.00    0.00  100.00
19:15:38       1    0.00    0.00    2.04    0.00    0.00    0.00    0.00    0.00   97.96
19:15:38       2    3.03    0.00    4.04    0.00    0.00    0.00    0.00    0.00   92.93
19:15:38       3    4.08    0.00    3.06    0.00    0.00    0.00    0.00    0.00   92.86
19:15:38       4   22.00    0.00    1.00    0.00    0.00    0.00    0.00    0.00   77.00
19:15:38       5    2.00    0.00    2.00    0.00    0.00    0.00    0.00    0.00   96.00
19:15:38       6    0.00    0.00    0.00    0.00    0.00    0.00    0.00    0.00  100.00
19:15:38       7    1.00    0.00    2.00    0.00    0.00    0.00    0.00    0.00   97.00

19:15:38     CPU    %usr   %nice    %sys %iowait    %irq   %soft  %steal  %guest   %idle
19:15:39     all    0.25    0.00    0.62    0.00    0.00    0.00    0.00    0.50   98.63
19:15:39       0    0.00    0.00    0.00    0.00    0.00    0.00    0.00    1.01   98.99
19:15:39       1    0.00    0.00    2.97    0.00    0.00    0.00    0.00    0.99   96.04
19:15:39       2    0.00    0.00    0.99    0.00    0.00    0.00    0.00    0.99   98.02
19:15:39       3    0.99    0.00    0.99    0.00    0.00    0.00    0.00    0.00   98.02
19:15:39       4    1.00    0.00    0.00    0.00    0.00    0.00    0.00    1.00   98.00
19:15:39       5    0.00    0.00    0.00    0.00    0.00    0.00    0.00    0.00  100.00
19:15:39       6    0.00    0.00    0.00    0.00    0.00    0.00    0.00    0.00  100.00
19:15:39       7    0.00    0.00    0.00    0.00    0.00    0.00    0.00    0.00  100.00

19:15:39     CPU    %usr   %nice    %sys %iowait    %irq   %soft  %steal  %guest   %idle
19:15:40     all    0.00    0.00    0.75    0.00    0.00    0.00    0.00    1.25   97.99
19:15:40       0    0.00    0.00    0.99    0.00    0.00    0.00    0.00    0.99   98.02
19:15:40       1    0.00    0.00    0.00    0.00    0.00    0.00    0.00    1.00   99.00
19:15:40       2    0.00    0.00    0.00    0.00    0.00    0.00    0.00    2.02   97.98
19:15:40       3    0.00    0.00    1.02    0.00    0.00    0.00    0.00    0.00   98.98
19:15:40       4    0.00    0.00    1.02    0.00    0.00    0.00    0.00    3.06   96.94
19:15:40       5    0.00    0.00    2.00    0.00    0.00    0.00    0.00    1.00   97.00
19:15:40       6    1.00    0.00    0.00    0.00    0.00    0.00    0.00    0.00   99.00
19:15:40       7    0.00    0.00    0.00    0.00    0.00    0.00    0.00    0.00  100.00

19:15:40     CPU    %usr   %nice    %sys %iowait    %irq   %soft  %steal  %guest   %idle
19:15:41     all    0.25    0.00    0.75    0.38    0.00    0.00    0.00    3.75   94.87
19:15:41       0    1.01    0.00    1.01    0.00    0.00    0.00    0.00    6.06   91.92
19:15:41       1    0.00    0.00    1.00    0.00    0.00    0.00    0.00    6.00   93.00
19:15:41       2    0.98    0.00    1.96    0.98    0.00    0.00    0.00    0.00   96.08
19:15:41       3    0.98    0.00    0.00    0.98    0.00    0.00    0.00    5.88   92.16
19:15:41       4    0.00    0.00    0.00    1.00    0.00    0.00    0.00    4.00   95.00
19:15:41       5    1.00    0.00    1.00    0.00    0.00    0.00    0.00    3.00   95.00
19:15:41       6    0.00    0.00    0.99    0.00    0.00    0.00    0.00    0.00   99.01
19:15:41       7    0.99    0.00    0.99    0.00    0.00    0.00    0.00    5.94   92.08

19:15:41     CPU    %usr   %nice    %sys %iowait    %irq   %soft  %steal  %guest   %idle
19:15:42     all    0.25    0.00    0.63    0.00    0.00    0.25    0.00    1.50   97.37
19:15:42       0    0.99    0.00    0.00    0.00    0.00    1.98    0.00    0.00   97.03
19:15:42       1    0.00    0.00    0.00    0.00    0.00    0.00    0.00    4.04   95.96
19:15:42       2    0.00    0.00    0.00    0.00    0.00    0.00    0.00    2.04   98.98
19:15:42       3    0.00    0.00    1.01    0.00    0.00    0.00    0.00    2.02   97.98
19:15:42       4    0.00    0.00    1.00    0.00    0.00    0.00    0.00    4.00   95.00
19:15:42       5    0.00    0.00    0.00    0.00    0.00    0.00    0.00    0.00  100.00
19:15:42       6    0.00    0.00    0.00    0.00    0.00    0.00    0.00    0.00  100.00
19:15:42       7    0.00    0.00    2.04    0.00    0.00    0.00    0.00    1.02   96.94

19:15:42     CPU    %usr   %nice    %sys %iowait    %irq   %soft  %steal  %guest   %idle
19:15:43     all    0.00    0.00    0.25    0.00    0.00    0.00    0.00    0.25   99.62
19:15:43       0    0.00    0.00    0.00    0.00    0.00    0.00    0.00    0.00  100.00
19:15:43       1    0.00    0.00    0.00    0.00    0.00    0.00    0.00    0.00  100.00
19:15:43       2    0.00    0.00    0.00    0.00    0.00    0.00    0.00    0.00  100.00
19:15:43       3    0.00    0.00    0.00    0.00    0.00    0.99    0.00    0.00   99.01
19:15:43       4    0.00    0.00    0.00    0.00    0.00    0.00    0.00    1.00   99.00
19:15:43       5    0.00    0.00    0.00    0.00    0.00    0.00    0.00    0.00  100.00
19:15:43       6    0.00    0.00    0.00    0.00    0.00    0.00    0.00    0.00  100.00
19:15:43       7    0.00    0.00    3.00    0.00    0.00    0.00    0.00    0.00   97.00

19:15:43     CPU    %usr   %nice    %sys %iowait    %irq   %soft  %steal  %guest   %idle
19:15:44     all    0.50    0.00    0.38    0.00    0.00    0.00    0.00    0.12   99.00
19:15:44       0    0.00    0.00    0.00    0.00    0.00    0.00    0.00    1.00  100.00
19:15:44       1    1.01    0.00    2.02    0.00    0.00    0.00    0.00    0.00   96.97
19:15:44       2    0.00    0.00    0.00    0.00    0.00    0.00    0.00    0.00  100.00
19:15:44       3    0.00    0.00    0.00    0.00    0.00    0.00    0.00    0.00  100.00
19:15:44       4    3.00    0.00    0.00    0.00    0.00    0.00    0.00    0.00   97.00
19:15:44       5    0.00    0.00    0.00    0.00    0.00    0.00    0.00    0.00  100.00
19:15:44       6    0.00    0.00    0.00    0.00    0.00    0.00    0.00    0.00  100.00
19:15:44       7    0.00    0.00    0.00    0.00    0.00    0.00    0.00    1.00   99.00

19:15:44     CPU    %usr   %nice    %sys %iowait    %irq   %soft  %steal  %guest   %idle
19:15:45     all    0.13    0.00    0.38    0.25    0.00    0.00    0.00    0.38   98.87
19:15:45       0    0.00    0.00    0.00    0.00    0.00    0.00    0.00    0.00  100.00
19:15:45       1    0.00    0.00    0.99    0.99    0.00    0.00    0.00    0.99   97.03
19:15:45       2    1.01    0.00    0.00    0.00    0.00    0.00    0.00    0.00   98.99
19:15:45       3    0.00    0.00    1.01    0.00    0.00    0.00    0.00    0.00   98.99
19:15:45       4    1.00    0.00    0.00    0.00    0.00    0.00    0.00    1.00   98.00
19:15:45       5    0.00    0.00    0.00    0.00    0.00    0.00    0.00    0.00  100.00
19:15:45       6    0.00    0.00    0.00    0.00    0.00    0.00    0.00    1.01  100.00
19:15:45       7    0.00    0.00    1.00    0.00    0.00    0.00    0.00    0.00   99.00

19:15:45     CPU    %usr   %nice    %sys %iowait    %irq   %soft  %steal  %guest   %idle
19:15:46     all    0.00    0.00    0.25    0.63    0.00    0.00    0.00    0.13   99.12
19:15:46       0    0.00    0.00    0.00    5.00    0.00    0.00    0.00    0.00   95.00
19:15:46       1    0.00    0.00    0.00    1.00    0.00    0.00    0.00    0.00   99.00
19:15:46       2    0.00    0.00    0.00    0.00    0.00    0.00    0.00    0.00  100.00
19:15:46       3    0.00    0.00    0.00    0.00    0.00    0.00    0.00    0.00  100.00
19:15:46       4    0.00    0.00    0.00    0.00    0.00    0.00    0.00    0.00  100.00
19:15:46       5    0.00    0.00    0.00    0.00    0.00    0.00    0.00    1.00  100.00
19:15:46       6    0.00    0.00    0.00    0.00    0.00    0.00    0.00    0.00  100.00
19:15:46       7    0.00    0.00    2.04    0.00    0.00    0.00    0.00    0.00   97.96

19:15:46     CPU    %usr   %nice    %sys %iowait    %irq   %soft  %steal  %guest   %idle
19:15:47     all    0.13    0.00    0.25    0.00    0.00    0.00    0.00    0.63   99.00
19:15:47       0    0.00    0.00    0.00    0.00    0.00    0.00    0.00    0.00  100.00
19:15:47       1    0.00    0.00    2.02    0.00    0.00    0.00    0.00    0.00   97.98
19:15:47       2    0.00    0.00    0.00    0.00    0.00    0.00    0.00    0.00  100.00
19:15:47       3    0.00    0.00    0.00    0.00    0.00    0.00    0.00    0.00  100.00
19:15:47       4    0.00    0.00    0.00    0.00    0.00    0.00    0.00    0.00  100.00
19:15:47       5    1.00    0.00    0.00    0.00    0.00    0.00    0.00    0.00   99.00
19:15:47       6    0.00    0.00    0.00    0.00    0.00    0.00    0.00    0.00  100.00
19:15:47       7    1.00    0.00    0.00    0.00    0.00    0.00    0.00    4.00   95.00

19:15:47     CPU    %usr   %nice    %sys %iowait    %irq   %soft  %steal  %guest   %idle
19:15:48     all    0.12    0.00    0.50    0.00    0.00    0.00    0.00    0.62   98.75
19:15:48       0    1.00    0.00    0.00    0.00    0.00    0.00    0.00    0.00   99.00
19:15:48       1    0.99    0.00    1.98    0.00    0.00    0.00    0.00    0.00   97.03
19:15:48       2    0.00    0.00    0.00    0.00    0.00    0.00    0.00    0.00  100.00
19:15:48       3    0.00    0.00    1.98    0.00    0.00    0.00    0.00    0.00   98.02
19:15:48       4    0.00    0.00    0.00    0.00    0.00    0.00    0.00    0.00  100.00
19:15:48       5    0.00    0.00    0.00    0.00    0.00    0.00    0.00    1.98   98.02
19:15:48       6    1.00    0.00    0.00    0.00    0.00    0.00    0.00    0.00   99.00
19:15:48       7    0.00    0.00    0.00    0.00    0.00    0.00    0.00    2.02   97.98

19:15:48     CPU    %usr   %nice    %sys %iowait    %irq   %soft  %steal  %guest   %idle
19:15:49     all    0.13    0.00    0.25    0.00    0.00    0.00    0.00    0.13   99.50
19:15:49       0    0.00    0.00    0.00    0.00    0.00    0.00    0.00    0.00  100.00
19:15:49       1    1.00    0.00    2.00    0.00    0.00    0.00    0.00    0.00   97.00
19:15:49       2    0.00    0.00    0.00    0.00    0.00    0.00    0.00    0.00  100.00
19:15:49       3    0.00    0.00    0.00    0.00    0.00    0.00    0.00    1.00   99.00
19:15:49       4    0.00    0.00    0.00    0.00    0.00    0.00    0.00    0.00  100.00
19:15:49       5    0.00    0.00    0.00    0.00    0.00    0.00    0.00    0.00  100.00
19:15:49       6    0.00    0.00    0.00    0.00    0.00    0.00    0.00    0.00  100.00
19:15:49       7    0.00    0.00    0.00    0.00    0.00    0.00    0.00    0.99   99.01

19:15:49     CPU    %usr   %nice    %sys %iowait    %irq   %soft  %steal  %guest   %idle
19:15:50     all    0.00    0.00    1.12    0.00    0.00    0.00    0.00   12.61   86.27
19:15:50       0    1.00    0.00    1.00    0.00    0.00    0.00    0.00    1.00   97.00
19:15:50       1    0.00    0.00    3.00    0.00    0.00    0.00    0.00    0.00   97.00
19:15:50       2    0.00    0.00    0.99    0.00    0.00    0.00    0.00   20.79   78.22
19:15:50       3    0.00    0.00    0.99    0.00    0.00    0.00    0.00   25.74   73.27
19:15:50       4    0.00    0.00    0.00    0.00    0.00    0.00    0.00    1.00   99.00
19:15:50       5    0.00    0.00    1.02    0.00    0.00    0.00    0.00    8.16   91.84
19:15:50       6    0.00    0.00    0.99    0.00    0.00    0.00    0.00   20.79   78.22
19:15:50       7    0.00    0.00    1.00    0.00    0.00    0.00    0.00   23.00   77.00

19:15:50     CPU    %usr   %nice    %sys %iowait    %irq   %soft  %steal  %guest   %idle
19:15:51     all    0.13    0.00    0.38    0.00    0.00    0.00    0.00   37.14   62.36
19:15:51       0    0.00    0.00    0.00    0.00    0.00    0.00    0.00   47.00   53.00
19:15:51       1    0.00    0.00    1.01    0.00    0.00    0.00    0.00    3.03   96.97
19:15:51       2    0.00    0.00    0.00    0.00    0.00    0.00    0.00   59.60   41.41
19:15:51       3    1.00    0.00    1.00    0.00    0.00    0.00    0.00   36.00   62.00
19:15:51       4    0.00    0.00    0.00    0.00    0.00    0.00    0.00    0.00  100.00
19:15:51       5    1.01    0.00    0.00    0.00    0.00    0.00    0.00   82.83   16.16
19:15:51       6    0.00    0.00    0.00    0.00    0.00    0.00    0.00    0.00  100.00
19:15:51       7    1.00    0.00    0.00    0.00    0.00    0.00    0.00   69.00   30.00

19:15:51     CPU    %usr   %nice    %sys %iowait    %irq   %soft  %steal  %guest   %idle
19:15:52     all    0.13    0.00    0.38    1.13    0.00    0.00    0.00   44.93   53.44
19:15:52       0    0.00    0.00    1.00    0.00    0.00    0.00    0.00   90.00    9.00
19:15:52       1    0.00    0.00    0.00    2.02    0.00    0.00    0.00    0.00   97.98
19:15:52       2    0.99    0.00    0.00    0.99    0.00    0.00    0.00   82.18   15.84
19:15:52       3    0.00    0.00    2.00    1.00    0.00    0.00    0.00    0.00   97.00
19:15:52       4    0.00    0.00    0.00    4.00    0.00    0.00    0.00    0.00   96.00
19:15:52       5    0.00    0.00    0.00    0.00    0.00    0.00    0.00   90.00   10.00
19:15:52       6    0.00    0.00    0.00    1.00    0.00    0.00    0.00    0.00   99.00
19:15:52       7    0.00    0.00    0.00    0.00    0.00    0.00    0.00   95.96    4.04

19:15:52     CPU    %usr   %nice    %sys %iowait    %irq   %soft  %steal  %guest   %idle
19:15:53     all    0.00    0.00    1.38    0.00    0.00    0.13    0.00   41.15   57.34
19:15:53       0    0.00    0.00    2.02    0.00    0.00    0.00    0.00   71.72   26.26
19:15:53       1    0.00    0.00    0.00    0.00    0.00    0.00    0.00    0.00  100.00
19:15:53       2    0.00    0.00    4.00    0.00    0.00    0.00    0.00   83.00   14.00
19:15:53       3    1.01    0.00    2.02    0.00    0.00    0.00    0.00    0.00   96.97
19:15:53       4    0.00    0.00    0.00    0.00    0.00    0.00    0.00    0.00  100.00
19:15:53       5    0.00    0.00    1.98    0.00    0.00    0.00    0.00   80.20   17.82
19:15:53       6    0.00    0.00    0.00    0.00    0.00    0.00    0.00    0.00  100.00
19:15:53       7    0.00    0.00    2.02    0.00    0.00    0.00    0.00   93.94    4.04

19:15:53     CPU    %usr   %nice    %sys %iowait    %irq   %soft  %steal  %guest   %idle
19:15:54     all    0.50    0.00    3.24    0.37    0.00    0.12    0.00   27.43   68.33
19:15:54       0    0.00    0.00    2.00    0.00    0.00    0.00    0.00   70.00   29.00
19:15:54       1    0.00    0.00    0.00    1.00    0.00    0.00    0.00    0.00   99.00
19:15:54       2    0.00    0.00   10.10    0.00    0.00    0.00    0.00   33.33   56.57
19:15:54       3    0.99    0.00    1.98    0.00    0.00    0.00    0.00    0.00   97.03
19:15:54       4    2.00    0.00    0.00    0.00    0.00    0.00    0.00    3.00   95.00
19:15:54       5    0.00    0.00   11.11    0.00    0.00    0.00    0.00   41.41   47.47
19:15:54       6    0.00    0.00    0.00    1.00    0.00    0.00    0.00    1.00   99.00
19:15:54       7    0.00    0.00    0.99    0.00    0.00    0.00    0.00   73.27   25.74

19:15:54     CPU    %usr   %nice    %sys %iowait    %irq   %soft  %steal  %guest   %idle
19:15:55     all    0.13    0.00    0.75    0.00    0.00    0.00    0.00   19.50   79.62
19:15:55       0    1.00    0.00    0.00    0.00    0.00    0.00    0.00   39.00   60.00
19:15:55       1    0.00    0.00    1.00    0.00    0.00    0.00    0.00    0.00   99.00
19:15:55       2    0.00    0.00    0.00    0.00    0.00    0.00    0.00    0.00  100.00
19:15:55       3    1.00    0.00    2.00    0.00    0.00    1.00    0.00    0.00   96.00
19:15:55       4    0.00    0.00    2.00    0.00    0.00    0.00    0.00   36.00   62.00
19:15:55       5    0.00    0.00    1.01    0.00    0.00    0.00    0.00   39.39   59.60
19:15:55       6    0.00    0.00    0.00    0.00    0.00    0.00    0.00    3.03   96.97
19:15:55       7    0.00    0.00    1.00    0.00    0.00    0.00    0.00   38.00   61.00

19:15:55     CPU    %usr   %nice    %sys %iowait    %irq   %soft  %steal  %guest   %idle
19:15:56     all    0.00    0.00    0.50    0.00    0.00    0.00    0.00    0.38   99.12
19:15:56       0    0.00    0.00    0.00    0.00    0.00    0.00    0.00    1.02  100.00
19:15:56       1    0.00    0.00    0.00    0.00    0.00    0.00    0.00    0.00  100.00
19:15:56       2    0.00    0.00    0.00    0.00    0.00    0.00    0.00    0.00  100.00
19:15:56       3    0.00    0.00    3.00    0.00    0.00    0.00    0.00    1.00   96.00
19:15:56       4    0.00    0.00    0.00    0.00    0.00    0.00    0.00    0.00  100.00
19:15:56       5    0.00    0.00    0.00    0.00    0.00    0.00    0.00    1.00   99.00
19:15:56       6    0.00    0.00    0.00    0.00    0.00    0.00    0.00    0.00  100.00
19:15:56       7    0.00    0.00    0.00    0.00    0.00    0.00    0.00    0.00  100.00

19:15:56     CPU    %usr   %nice    %sys %iowait    %irq   %soft  %steal  %guest   %idle
19:15:57     all    0.00    0.00    0.25    0.38    0.00    0.00    0.00    0.13   99.25
19:15:57       0    0.00    0.00    0.00    0.00    0.00    0.00    0.00    0.00  100.00
19:15:57       1    0.00    0.00    0.00    3.03    0.00    0.00    0.00    0.00   96.97
19:15:57       2    0.00    0.00    0.00    0.00    0.00    0.00    0.00    0.00  100.00
19:15:57       3    0.00    0.00    3.00    0.00    0.00    0.00    0.00    0.00   97.00
19:15:57       4    0.00    0.00    0.00    0.00    0.00    0.00    0.00    1.00   99.00
19:15:57       5    0.00    0.00    0.00    0.00    0.00    0.00    0.00    0.00  100.00
19:15:57       6    0.00    0.00    0.00    0.00    0.00    0.00    0.00    0.00  100.00
19:15:57       7    0.00    0.00    0.00    0.00    0.00    0.00    0.00    0.00  100.00

19:15:57     CPU    %usr   %nice    %sys %iowait    %irq   %soft  %steal  %guest   %idle
19:15:58     all    0.12    0.00    0.38    0.00    0.00    0.00    0.00    0.25   99.25
19:15:58       0    0.99    0.00    0.99    0.00    0.00    0.00    0.00    0.00   98.02
19:15:58       1    0.00    0.00    0.00    0.00    0.00    0.00    0.00    0.00  100.00
19:15:58       2    0.00    0.00    0.00    0.00    0.00    0.00    0.00    0.00  100.00
19:15:58       3    1.01    0.00    1.01    0.00    0.00    0.00    0.00    0.00   97.98
19:15:58       4    0.00    0.00    0.00    0.00    0.00    0.00    0.00    0.99   99.01
19:15:58       5    0.99    0.00    0.00    0.00    0.00    0.00    0.00    0.00   99.01
19:15:58       6    0.00    0.00    0.99    0.00    0.00    0.00    0.00    0.00   99.01
19:15:58       7    0.00    0.00    0.00    0.00    0.00    0.00    0.00    0.00  100.00

19:15:58     CPU    %usr   %nice    %sys %iowait    %irq   %soft  %steal  %guest   %idle
19:15:59     all    0.13    0.00    0.38    0.00    0.00    0.00    0.00    0.00   99.50
19:15:59       0    0.00    0.00    0.00    0.00    0.00    0.00    0.00    0.00  100.00
19:15:59       1    0.00    0.00    0.00    0.00    0.00    0.00    0.00    0.00  100.00
19:15:59       2    1.00    0.00    0.00    0.00    0.00    0.00    0.00    0.00   99.00
19:15:59       3    0.00    0.00    3.00    0.00    0.00    0.00    0.00    0.00   97.00
19:15:59       4    0.00    0.00    0.00    0.00    0.00    0.00    0.00    0.00  100.00
19:15:59       5    0.00    0.00    0.00    0.00    0.00    0.00    0.00    0.00  100.00
19:15:59       6    0.00    0.00    0.00    0.00    0.00    0.00    0.00    0.00  100.00
19:15:59       7    0.00    0.00    0.00    0.00    0.00    0.00    0.00    0.00  100.00

19:15:59     CPU    %usr   %nice    %sys %iowait    %irq   %soft  %steal  %guest   %idle
19:16:00     all    0.00    0.00    0.38    0.00    0.00    0.00    0.00    0.13   99.50
19:16:00       0    0.99    0.00    0.00    0.00    0.00    0.00    0.00    0.00   99.01
19:16:00       1    0.00    0.00    0.00    0.00    0.00    0.00    0.00    0.00  100.00
19:16:00       2    0.00    0.00    0.00    0.00    0.00    0.00    0.00    1.01  100.00
19:16:00       3    0.00    0.00    3.00    0.00    0.00    0.00    0.00    0.00   97.00
19:16:00       4    0.00    0.00    0.00    0.00    0.00    0.00    0.00    0.00  100.00
19:16:00       5    0.00    0.00    0.00    0.00    0.00    0.00    0.00    0.00  100.00
19:16:00       6    0.00    0.00    0.00    0.00    0.00    0.00    0.00    0.00  100.00
19:16:00       7    0.00    0.00    0.00    0.00    0.00    0.00    0.00    0.00  100.00

19:16:00     CPU    %usr   %nice    %sys %iowait    %irq   %soft  %steal  %guest   %idle
19:16:01     all    0.00    0.00    0.25    0.00    0.00    0.00    0.00    0.13   99.75
19:16:01       0    0.00    0.00    0.00    0.00    0.00    0.00    0.00    0.00  100.00
19:16:01       1    0.00    0.00    0.00    0.00    0.00    0.00    0.00    0.00  100.00
19:16:01       2    0.00    0.00    0.00    0.00    0.00    0.00    0.00    0.00  100.00
19:16:01       3    0.00    0.00    1.02    0.00    0.00    0.00    0.00    0.00   98.98
19:16:01       4    0.00    0.00    0.00    0.00    0.00    0.00    0.00    0.00  100.00
19:16:01       5    0.00    0.00    0.00    0.00    0.00    0.00    0.00    0.00  100.00
19:16:01       6    0.00    0.00    0.00    0.00    0.00    0.00    0.00    0.00  100.00
19:16:01       7    0.00    0.00    0.00    0.00    0.00    0.00    0.00    0.00  100.00

19:16:01     CPU    %usr   %nice    %sys %iowait    %irq   %soft  %steal  %guest   %idle
19:16:02     all    0.12    0.00    0.38    0.38    0.00    0.00    0.00    1.75   97.38
19:16:02       0    0.00    0.00    0.00    1.00    0.00    0.00    0.00    0.00   99.00
19:16:02       1    1.00    0.00    0.00    2.00    0.00    0.00    0.00    1.00   96.00
19:16:02       2    0.00    0.00    0.00    0.00    0.00    0.00    0.00    0.00  100.00
19:16:02       3    1.00    0.00    2.00    0.00    0.00    0.00    0.00    4.00   93.00
19:16:02       4    0.00    0.00    0.00    0.00    0.00    0.00    0.00    0.00  100.00
19:16:02       5    0.00    0.00    0.00    0.00    0.00    0.00    0.00    7.07   93.94
19:16:02       6    0.00    0.00    0.00    0.00    0.00    0.00    0.00    0.00  100.00
19:16:02       7    0.00    0.00    0.00    0.00    0.00    0.00    0.00    2.00   98.00

19:16:02     CPU    %usr   %nice    %sys %iowait    %irq   %soft  %steal  %guest   %idle
19:16:03     all    0.13    0.00    0.38    0.00    0.00    0.00    0.00    2.51   96.99
19:16:03       0    0.00    0.00    0.00    0.00    0.00    0.00    0.00    4.00   96.00
19:16:03       1    0.00    0.00    0.00    0.00    0.00    0.00    0.00    9.09   91.92
19:16:03       2    0.00    0.00    1.00    0.00    0.00    0.00    0.00    0.00   99.00
19:16:03       3    0.00    0.00    0.00    0.00    0.00    0.00    0.00    5.10   95.92
19:16:03       4    0.00    0.00    0.00    0.00    0.00    0.00    0.00    0.00  100.00
19:16:03       5    0.00    0.00    0.00    0.00    0.00    0.00    0.00    2.00   98.00
19:16:03       6    0.00    0.00    0.00    0.00    0.00    0.00    0.00    0.00  100.00
19:16:03       7    1.00    0.00    2.00    0.00    0.00    0.00    0.00    1.00   96.00

19:16:03     CPU    %usr   %nice    %sys %iowait    %irq   %soft  %steal  %guest   %idle
19:16:04     all    0.50    0.00    0.50    0.00    0.00    0.00    0.00    0.00   99.00
19:16:04       0    0.00    0.00    0.00    0.00    0.00    0.00    0.00    0.00  100.00
19:16:04       1    0.00    0.00    0.00    0.00    0.00    0.00    0.00    0.00  100.00
19:16:04       2    0.00    0.00    0.00    0.00    0.00    0.00    0.00    0.00  100.00
19:16:04       3    0.00    0.00    0.99    0.00    0.00    0.00    0.00    0.00   99.01
19:16:04       4    3.00    0.00    0.00    0.00    0.00    0.00    0.00    0.00   97.00
19:16:04       5    0.00    0.00    0.00    0.00    0.00    0.00    0.00    0.00  100.00
19:16:04       6    1.98    0.00    0.00    0.00    0.00    0.00    0.00    0.00   98.02
19:16:04       7    0.00    0.00    3.00    0.00    0.00    0.00    0.00    0.00   97.00

19:16:04     CPU    %usr   %nice    %sys %iowait    %irq   %soft  %steal  %guest   %idle
19:16:05     all    0.12    0.00    0.37    0.00    0.00    0.00    0.00    0.12   99.38
19:16:05       0    0.00    0.00    0.99    0.00    0.00    0.00    0.00    0.00   99.01
19:16:05       1    0.00    0.00    0.00    0.00    0.00    0.00    0.00    0.00  100.00
19:16:05       2    0.00    0.00    0.00    0.00    0.00    0.00    0.00    0.00  100.00
19:16:05       3    0.00    0.00    0.99    0.00    0.00    0.00    0.00    0.00   99.01
19:16:05       4    0.00    0.00    0.00    0.00    0.00    0.00    0.00    0.00  100.00
19:16:05       5    0.00    0.00    0.00    0.00    0.00    0.00    0.00    0.99   99.01
19:16:05       6    0.00    0.00    0.00    0.00    0.00    0.00    0.00    0.00  100.00
19:16:05       7    1.01    0.00    1.01    0.00    0.00    0.00    0.00    0.00   97.98

19:16:05     CPU    %usr   %nice    %sys %iowait    %irq   %soft  %steal  %guest   %idle
19:16:06     all    0.00    0.00    0.38    0.00    0.00    0.00    0.00    0.13   99.62
19:16:06       0    0.00    0.00    0.00    0.00    0.00    0.00    0.00    0.00  100.00
19:16:06       1    0.00    0.00    0.00    0.00    0.00    0.00    0.00    0.00  100.00
19:16:06       2    0.00    0.00    0.00    0.00    0.00    0.00    0.00    0.00  100.00
19:16:06       3    0.00    0.00    0.00    0.00    0.00    0.00    0.00    0.00  100.00
19:16:06       4    0.00    0.00    0.00    0.00    0.00    0.00    0.00    0.00  100.00
19:16:06       5    0.99    0.00    0.99    0.00    0.00    0.00    0.00    0.00   98.02
19:16:06       6    0.00    0.00    0.00    0.00    0.00    0.00    0.00    0.00  100.00
19:16:06       7    0.00    0.00    3.00    0.00    0.00    0.00    0.00    0.00   97.00

19:16:06     CPU    %usr   %nice    %sys %iowait    %irq   %soft  %steal  %guest   %idle
19:16:07     all    0.12    0.00    0.50    0.38    0.00    0.00    0.00    0.00   99.00
19:16:07       0    0.00    0.00    0.00    0.99    0.00    0.00    0.00    0.00   99.01
19:16:07       1    0.00    0.00    0.00    2.02    0.00    0.00    0.00    0.00   97.98
19:16:07       2    0.00    0.00    0.00    0.00    0.00    0.00    0.00    0.00  100.00
19:16:07       3    0.00    0.00    0.00    0.00    0.00    0.00    0.00    0.00  100.00
19:16:07       4    0.00    0.00    0.00    0.00    0.00    0.00    0.00    0.00  100.00
19:16:07       5    0.00    0.00    0.00    0.00    0.00    0.00    0.00    1.00  100.00
19:16:07       6    0.00    0.00    0.00    0.00    0.00    0.00    0.00    0.00  100.00
19:16:07       7    0.00    0.00    3.00    0.00    0.00    0.00    0.00    0.00   97.00

19:16:07     CPU    %usr   %nice    %sys %iowait    %irq   %soft  %steal  %guest   %idle
19:16:08     all    0.25    0.00    0.38    0.00    0.00    0.00    0.00    0.13   99.25
19:16:08       0    0.00    0.00    0.00    0.00    0.00    0.00    0.00    1.01   98.99
19:16:08       1    0.99    0.00    0.99    0.00    0.00    0.00    0.00    0.00   98.02
19:16:08       2    0.00    0.00    0.00    0.00    0.00    0.00    0.00    0.00  100.00
19:16:08       3    0.00    0.00    1.00    0.00    0.00    0.00    0.00    0.00   99.00
19:16:08       4    0.00    0.00    0.00    0.00    0.00    0.00    0.00    0.00  100.00
19:16:08       5    0.00    0.00    0.00    0.00    0.00    0.00    0.00    0.00  100.00
19:16:08       6    0.00    0.00    0.00    0.00    0.00    0.00    0.00    0.00  100.00
19:16:08       7    0.00    0.00    1.01    0.00    0.00    0.00    0.00    0.00   98.99

19:16:08     CPU    %usr   %nice    %sys %iowait    %irq   %soft  %steal  %guest   %idle
19:16:09     all    0.00    0.00    0.37    0.00    0.00    0.00    0.00    0.25   99.38
19:16:09       0    0.00    0.00    0.00    0.00    0.00    0.00    0.00    0.00  100.00
19:16:09       1    0.00    0.00    3.03    0.00    0.00    0.00    0.00    0.00   96.97
19:16:09       2    0.00    0.00    0.00    0.00    0.00    0.00    0.00    0.00  100.00
19:16:09       3    0.00    0.00    0.99    0.00    0.00    0.00    0.00    0.00   99.01
19:16:09       4    0.00    0.00    0.00    0.00    0.00    0.00    0.00    0.00  100.00
19:16:09       5    0.00    0.00    0.00    0.00    0.00    0.00    0.00    0.00  100.00
19:16:09       6    0.00    0.00    0.00    0.00    0.00    0.00    0.00    0.00  100.00
19:16:09       7    0.00    0.00    0.00    0.00    0.00    0.00    0.00    1.96   98.04

19:16:09     CPU    %usr   %nice    %sys %iowait    %irq   %soft  %steal  %guest   %idle
19:16:10     all    0.00    0.00    0.38    0.00    0.00    0.00    0.00    0.50   99.12
19:16:10       0    1.00    0.00    0.00    0.00    0.00    0.00    0.00    0.00   99.00
19:16:10       1    1.00    0.00    2.00    0.00    0.00    0.00    0.00    0.00   97.00
19:16:10       2    0.00    0.00    0.00    0.00    0.00    0.00    0.00    0.00  100.00
19:16:10       3    0.00    0.00    0.00    0.00    0.00    0.00    0.00    3.00   97.00
19:16:10       4    0.00    0.00    0.00    0.00    0.00    0.00    0.00    0.00  100.00
19:16:10       5    0.00    0.00    1.00    0.00    0.00    0.00    0.00    0.00   99.00
19:16:10       6    0.00    0.00    0.00    0.00    0.00    0.00    0.00    0.00  100.00
19:16:10       7    0.00    0.00    0.00    0.00    0.00    0.00    0.00    1.01   98.99

19:16:10     CPU    %usr   %nice    %sys %iowait    %irq   %soft  %steal  %guest   %idle
19:16:11     all    0.00    0.00    0.50    0.00    0.00    0.12    0.00    0.12   99.25
19:16:11       0    0.00    0.00    0.00    0.00    0.00    0.00    0.00    0.00  100.00
19:16:11       1    0.00    0.00    2.00    0.00    0.00    1.00    0.00    0.00   97.00
19:16:11       2    0.00    0.00    0.00    0.00    0.00    0.00    0.00    0.00  100.00
19:16:11       3    0.00    0.00    1.00    0.00    0.00    0.00    0.00    0.00   99.00
19:16:11       4    0.00    0.00    0.99    0.00    0.00    0.00    0.00    0.00   99.01
19:16:11       5    0.00    0.00    0.00    0.00    0.00    0.00    0.00    0.00  100.00
19:16:11       6    0.00    0.00    0.00    0.00    0.00    0.00    0.00    0.00  100.00
19:16:11       7    0.00    0.00    0.00    0.00    0.00    0.00    0.00    1.00  100.00
